0 0 -1 Splicer 890476074
1 1 0 Worker 379454153
2 2 -1 PersistentDB 65009161
3 3 -1 InMemoryDB 741819706
4 4 -1 WorkManager 633797600
5 5 4 Worker 135399718
6 6 4 Worker 835685087
7 7 4 Worker 927737121
8 8 4 Worker 856908583
9 9 4 Worker 388399158
10 10 4 Worker 164331616
11 11 4 Worker 132350829
12 12 4 Worker 781335024
13 13 4 Worker 567848831
14 14 4 Worker 971511892
15 15 4 Worker 671644358
16 16 4 Worker 350602278
17 17 4 Worker 226040686
18 18 4 Worker 54051554
19 19 4 Worker 481789478
20 20 4 Worker 189968969
21 21 4 Worker 414701070
22 22 4 Worker 318667903
23 23 4 Worker 128438136
24 24 4 Worker 489504261
25 25 4 Worker 81123368
26 26 4 Worker 494704616
27 27 4 Worker 92013606
28 28 4 Worker 210659690
29 29 4 Worker 438564811
30 30 4 Worker 351049448
31 31 4 Worker 47593528
32 32 4 Worker 226493328
33 33 4 Worker 775268048
34 34 4 Worker 791391507
35 35 4 Worker 861571488
36 36 4 Worker 247403553
37 37 4 Worker 692962655
38 38 4 Worker 708181598
39 39 4 Worker 169848448
40 40 4 Worker 390949461
41 41 4 Worker 194692367
42 42 4 Worker 800904413
43 43 4 Worker 559750180
44 44 4 Worker 981699773
45 45 4 Worker 391758391
46 46 4 Worker 730275568
47 47 4 Worker 174685994
48 48 4 Worker 702124926
49 49 4 Worker 749257657
50 50 4 Worker 687108899
51 51 4 Worker 491987344
52 52 4 Worker 674942249
53 53 4 Worker 170081594
54 54 4 Worker 525927204
55 55 4 Worker 24863570
56 56 4 Worker 122379980
57 57 4 Worker 176538550
58 58 4 Worker 559246107
59 59 4 Worker 213025399
60 60 4 Worker 466051502
61 61 4 Worker 622475416
62 62 4 Worker 45848943
63 63 4 Worker 240018945
64 64 4 Worker 619456880
65 65 4 Worker 594410346
66 66 4 Worker 622466878
67 67 4 Worker 573127627
68 68 4 Worker 561709589
69 69 4 Worker 820506111
70 70 4 Worker 162044503
71 71 4 Worker 633446181
72 72 4 Worker 824298290
73 73 4 Worker 262003399
74 74 4 Worker 851016396
75 75 4 Worker 170897583
76 76 4 Worker 246441438
77 77 4 Worker 830549665
78 78 4 Worker 967502630
79 79 4 Worker 197594662
80 80 4 Worker 916668437
81 81 4 Worker 721213025
82 82 4 Worker 771122788
83 83 4 Worker 9439431
84 84 4 Worker 812305936
85 85 4 Worker 968005859
86 86 4 Worker 940428245
87 87 4 Worker 550367718
88 88 4 Worker 767926032
89 89 4 Worker 242418529
90 90 4 Worker 46457421
91 91 4 Worker 930533859
92 92 4 Worker 943167182
93 93 4 Worker 5319048
94 94 4 Worker 952668327
95 95 4 Worker 298482359
96 96 4 Worker 755913490
97 97 4 Worker 118344335
98 98 4 Worker 900040749
99 99 4 Worker 18365990
100 100 4 Worker 283739143
101 101 4 Worker 852384651
102 102 4 Worker 660276230
103 103 4 Worker 152584312
104 104 4 Worker 777901655
105 105 4 Worker 847717502
106 106 4 Worker 530453405
107 107 4 Worker 306623984
108 108 4 Worker 653293978
109 109 4 Worker 603151842
110 110 4 Worker 52481838
111 111 4 Worker 421124796
112 112 4 Worker 149890288
113 113 4 Worker 418717394
114 114 4 Worker 418514237
115 115 4 Worker 596102364
116 116 4 Worker 92698754
117 117 4 Worker 69718297
118 118 4 Worker 669166193
119 119 4 Worker 166684786
120 120 4 Worker 38416767
121 121 4 Worker 856919706
122 122 4 Worker 548738879
123 123 4 Worker 731607409
124 124 4 Worker 527814716
125 125 4 Worker 108730248
126 126 4 Worker 870655817
127 127 4 Worker 452902593
128 128 4 Worker 966695118
129 129 4 Worker 35949326
130 130 4 Worker 878164153
131 131 4 Worker 575210496
132 132 4 Worker 833427332
133 133 4 Worker 893716444
134 134 4 Worker 990366618
135 135 4 Worker 334623474
136 136 4 Worker 660903487
137 137 4 Worker 20705405
138 138 4 Worker 11490682
139 139 4 Worker 180580316
140 140 4 Worker 583706685
141 141 4 Worker 357980306
142 142 4 Worker 308527292
143 143 4 Worker 527688374
144 144 4 Worker 56596816
145 145 4 Worker 542410889
146 146 4 Worker 104287016
147 147 4 Worker 324187722
148 148 4 Worker 217848589
149 149 4 Worker 135370824
150 150 4 Worker 768217833
151 151 4 Worker 693915630
152 152 4 Worker 764151052
153 153 4 Worker 830333792
154 154 4 Worker 265761592
155 155 4 Worker 479812491
156 156 4 Worker 484575520
157 157 4 Worker 952167893
158 158 4 Worker 860899018
159 159 4 Worker 930107763
160 160 4 Worker 158555125
161 161 4 Worker 248116552
162 162 4 Worker 840765392
163 163 4 Worker 890649140
164 164 4 Worker 569191138
165 165 4 Worker 71213333
166 166 4 Worker 103380009
167 167 4 Worker 504798962
168 168 4 Worker 451404188
169 169 4 Worker 826554018
170 170 4 Worker 140699921
171 171 4 Worker 249549753
172 172 4 Worker 539664915
173 173 4 Worker 874513791
174 174 4 Worker 744424446
175 175 4 Worker 261886900
176 176 4 Worker 583779429
177 177 4 Worker 515612399
178 178 4 Worker 990583935
179 179 4 Worker 846549017
180 180 4 Worker 638233461
181 181 4 Worker 41635703
182 182 4 Worker 69353676
183 183 4 Worker 210804361
184 184 4 Worker 225447662
185 185 4 Worker 301161608
186 186 4 Worker 980879439
187 187 4 Worker 270590933
188 188 4 Worker 729380365
189 189 4 Worker 426630791
190 190 4 Worker 233484160
191 191 4 Worker 967238870
192 192 4 Worker 501636619
193 193 4 Worker 455676242
194 194 4 Worker 689153901
195 195 4 Worker 964762888
196 196 4 Worker 813384426
197 197 4 Worker 906680236
198 198 4 Worker 151018587
199 199 4 Worker 162595333
200 200 4 Worker 584696799
201 201 4 Worker 134630288
202 202 4 Worker 306870308
203 203 4 Worker 346818605
204 204 4 Worker 568979481
205 205 4 Worker 236771466
206 206 4 Worker 355343525
207 207 4 Worker 690629941
208 208 4 Worker 37303881
209 209 4 Worker 100634935
210 210 4 Worker 528228712
211 211 4 Worker 373293843
212 212 4 Worker 321357165
213 213 4 Worker 907625144
214 214 4 Worker 664537822
215 215 4 Worker 391793221
216 216 4 Worker 887967899
217 217 4 Worker 106885836
218 218 4 Worker 746057333
219 219 4 Worker 555840868
220 220 4 Worker 118413089
221 221 4 Worker 782717709
222 222 4 Worker 158202657
223 223 4 Worker 64973736
224 224 4 Worker 74882336
225 225 4 Worker 295707230
226 226 4 Worker 864260782
227 227 4 Worker 795166039
228 228 4 Worker 798372803
229 229 4 Worker 524922018
230 230 4 Worker 380780287
231 231 4 Worker 292875409
232 232 4 Worker 41251608
233 233 4 Worker 829969913
234 234 4 Worker 213619714
235 235 4 Worker 293784916
236 236 4 Worker 340987608
237 237 4 Worker 625958602
238 238 4 Worker 990088630
239 239 4 Worker 828512045
240 240 4 Worker 817816092
241 241 4 Worker 829030661
242 242 4 Worker 903777900
243 243 4 Worker 386021893
244 244 4 Worker 88157461
245 245 4 Worker 616912526
246 246 4 Worker 71286845
247 247 4 Worker 953463934
248 248 4 Worker 71388287
249 249 4 Worker 667855201
250 250 4 Worker 84511043
251 251 4 Worker 73244016
252 252 4 Worker 451545512
253 253 4 Worker 222290846
254 254 4 Worker 787126398
255 255 4 Worker 261213148
