0 0 -1 Splicer 287465708
1 1 0 Worker 304601192
2 2 -1 PersistentDB 574840785
3 3 -1 InMemoryDB 59546405
4 4 -1 WorkManager 138118858
5 5 4 Worker 496308022
6 6 4 Worker 278323496
7 7 4 Worker 184861486
8 8 4 Worker 307917245
9 9 4 Worker 864148906
10 10 4 Worker 767493122
11 11 4 Worker 102902207
12 12 4 Worker 261334769
13 13 4 Worker 49035401
14 14 4 Worker 543347392
15 15 4 Worker 227626757
16 16 4 Worker 964956213
17 17 4 Worker 915242603
18 18 4 Worker 914778804
19 19 4 Worker 871148695
20 20 4 Worker 163230552
21 21 4 Worker 446075173
22 22 4 Worker 811224145
23 23 4 Worker 928613565
24 24 4 Worker 19880711
25 25 4 Worker 582526030
26 26 4 Worker 962816349
27 27 4 Worker 58948540
28 28 4 Worker 952707911
29 29 4 Worker 829599929
30 30 4 Worker 849611734
31 31 4 Worker 42269755
32 32 4 Worker 342067988
33 33 4 Worker 779941102
34 34 4 Worker 584285756
35 35 4 Worker 340649756
36 36 4 Worker 277258470
37 37 4 Worker 908699750
38 38 4 Worker 425684787
39 39 4 Worker 195518973
40 40 4 Worker 232935123
41 41 4 Worker 151710513
42 42 4 Worker 909137059
43 43 4 Worker 838346324
44 44 4 Worker 868236155
45 45 4 Worker 556998290
46 46 4 Worker 620683199
47 47 4 Worker 378051313
48 48 4 Worker 948709741
49 49 4 Worker 383572312
50 50 4 Worker 579912319
51 51 4 Worker 692334791
52 52 4 Worker 308375012
53 53 4 Worker 971715293
54 54 4 Worker 1523290
55 55 4 Worker 499339633
56 56 4 Worker 828885329
57 57 4 Worker 906018308
58 58 4 Worker 613877170
59 59 4 Worker 796605624
60 60 4 Worker 605809025
61 61 4 Worker 445676950
62 62 4 Worker 710001433
63 63 4 Worker 378229884
64 64 4 Worker 517762081
65 65 4 Worker 149666756
66 66 4 Worker 372096700
67 67 4 Worker 444131589
68 68 4 Worker 684698436
69 69 4 Worker 287826646
70 70 4 Worker 170526936
71 71 4 Worker 472847680
72 72 4 Worker 300006081
73 73 4 Worker 514559425
74 74 4 Worker 658623935
75 75 4 Worker 770531562
76 76 4 Worker 492319801
77 77 4 Worker 355379498
78 78 4 Worker 735975615
79 79 4 Worker 289754727
80 80 4 Worker 789687892
81 81 4 Worker 386685185
82 82 4 Worker 653031659
83 83 4 Worker 597280878
84 84 4 Worker 930344725
85 85 4 Worker 353549823
86 86 4 Worker 909744647
87 87 4 Worker 270455533
88 88 4 Worker 587674332
89 89 4 Worker 210770046
90 90 4 Worker 288168257
91 91 4 Worker 753379561
92 92 4 Worker 735127340
93 93 4 Worker 280258306
94 94 4 Worker 597696838
95 95 4 Worker 434695990
96 96 4 Worker 940715157
97 97 4 Worker 489471564
98 98 4 Worker 360209781
99 99 4 Worker 540150798
100 100 4 Worker 504432868
101 101 4 Worker 278267288
102 102 4 Worker 999282628
103 103 4 Worker 742311630
104 104 4 Worker 269032297
105 105 4 Worker 888563209
106 106 4 Worker 118130632
107 107 4 Worker 926972335
108 108 4 Worker 704857043
109 109 4 Worker 727042508
110 110 4 Worker 351559335
111 111 4 Worker 445240778
112 112 4 Worker 659619625
113 113 4 Worker 956729451
114 114 4 Worker 449096720
115 115 4 Worker 720952241
116 116 4 Worker 267746256
117 117 4 Worker 263181193
118 118 4 Worker 288474853
119 119 4 Worker 448604205
120 120 4 Worker 598980873
121 121 4 Worker 425537532
122 122 4 Worker 566323872
123 123 4 Worker 254359951
124 124 4 Worker 310388084
125 125 4 Worker 546298067
126 126 4 Worker 512929903
127 127 4 Worker 567691530
128 128 4 Worker 948698169
129 129 4 Worker 333812755
130 130 4 Worker 622868912
131 131 4 Worker 27484509
132 132 4 Worker 686944659
133 133 4 Worker 893555208
134 134 4 Worker 623527018
135 135 4 Worker 599560907
136 136 4 Worker 660825857
137 137 4 Worker 334633683
138 138 4 Worker 563868536
139 139 4 Worker 320866313
140 140 4 Worker 798914058
141 141 4 Worker 750778159
142 142 4 Worker 239256808
143 143 4 Worker 501679324
144 144 4 Worker 896450646
145 145 4 Worker 139627128
146 146 4 Worker 207167659
147 147 4 Worker 940061901
148 148 4 Worker 805650544
149 149 4 Worker 552328032
150 150 4 Worker 329480733
151 151 4 Worker 356893825
152 152 4 Worker 906330976
153 153 4 Worker 895678194
154 154 4 Worker 420531124
155 155 4 Worker 518384314
156 156 4 Worker 893892097
157 157 4 Worker 92527767
158 158 4 Worker 177749461
159 159 4 Worker 651953602
160 160 4 Worker 739368847
161 161 4 Worker 197242648
162 162 4 Worker 920142248
163 163 4 Worker 689570161
164 164 4 Worker 657324040
165 165 4 Worker 483841301
166 166 4 Worker 511353821
167 167 4 Worker 414727927
168 168 4 Worker 971240230
169 169 4 Worker 78241768
170 170 4 Worker 136814153
171 171 4 Worker 834072792
172 172 4 Worker 311646510
173 173 4 Worker 193718537
174 174 4 Worker 602563092
175 175 4 Worker 37901910
176 176 4 Worker 136505936
177 177 4 Worker 616299923
178 178 4 Worker 259431592
179 179 4 Worker 626163637
180 180 4 Worker 249714725
181 181 4 Worker 130304712
182 182 4 Worker 820744428
183 183 4 Worker 861273257
184 184 4 Worker 379791708
185 185 4 Worker 72430058
186 186 4 Worker 681625910
187 187 4 Worker 990309903
188 188 4 Worker 808035068
189 189 4 Worker 236752364
190 190 4 Worker 183466313
191 191 4 Worker 547414830
192 192 4 Worker 444233263
193 193 4 Worker 739873015
194 194 4 Worker 210903793
195 195 4 Worker 137611836
196 196 4 Worker 612223655
197 197 4 Worker 334673078
198 198 4 Worker 774017302
199 199 4 Worker 457570149
200 200 4 Worker 601398198
201 201 4 Worker 1071321
202 202 4 Worker 327078031
203 203 4 Worker 175631377
204 204 4 Worker 544820160
205 205 4 Worker 234385746
206 206 4 Worker 383507097
207 207 4 Worker 681133973
208 208 4 Worker 326092797
209 209 4 Worker 231474540
210 210 4 Worker 3161986
211 211 4 Worker 893298503
212 212 4 Worker 967905012
213 213 4 Worker 117282486
214 214 4 Worker 417096489
215 215 4 Worker 814123155
216 216 4 Worker 789410341
217 217 4 Worker 255650730
218 218 4 Worker 62613037
219 219 4 Worker 835160712
220 220 4 Worker 659972619
221 221 4 Worker 882405547
222 222 4 Worker 355162310
223 223 4 Worker 692251567
224 224 4 Worker 977175817
225 225 4 Worker 563978130
226 226 4 Worker 665337183
227 227 4 Worker 839630149
228 228 4 Worker 683976600
229 229 4 Worker 363274242
230 230 4 Worker 316890425
231 231 4 Worker 944521358
232 232 4 Worker 143003456
233 233 4 Worker 561341151
234 234 4 Worker 530424970
235 235 4 Worker 5684628
236 236 4 Worker 124012703
237 237 4 Worker 211590357
238 238 4 Worker 18369379
239 239 4 Worker 512911607
240 240 4 Worker 791119732
241 241 4 Worker 593815006
242 242 4 Worker 213786234
243 243 4 Worker 555745937
244 244 4 Worker 994684058
245 245 4 Worker 684710967
246 246 4 Worker 495706996
247 247 4 Worker 57058178
248 248 4 Worker 794038144
249 249 4 Worker 265156108
250 250 4 Worker 93283906
251 251 4 Worker 843049678
252 252 4 Worker 834227583
253 253 4 Worker 15769266
254 254 4 Worker 191785346
255 255 4 Worker 507487298
