0 0 -1 Splicer 110503757
1 1 0 Worker 316327227
2 2 -1 PersistentDB 486404096
3 3 -1 InMemoryDB 301878786
4 4 -1 WorkManager 464490374
5 5 4 Worker 608483689
6 6 4 Worker 495988021
7 7 4 Worker 862386310
8 8 4 Worker 144162675
9 9 4 Worker 94303166
10 10 4 Worker 332800797
11 11 4 Worker 526356198
12 12 4 Worker 660859810
13 13 4 Worker 446735703
14 14 4 Worker 936718463
15 15 4 Worker 208834987
16 16 4 Worker 589313619
17 17 4 Worker 765645799
18 18 4 Worker 403622315
19 19 4 Worker 669126545
20 20 4 Worker 992996609
21 21 4 Worker 78024263
22 22 4 Worker 126388067
23 23 4 Worker 338406785
24 24 4 Worker 26273045
25 25 4 Worker 845745518
26 26 4 Worker 526347791
27 27 4 Worker 262052625
28 28 4 Worker 440998409
29 29 4 Worker 406761491
30 30 4 Worker 533867903
31 31 4 Worker 875205494
32 32 4 Worker 945787100
33 33 4 Worker 849508785
34 34 4 Worker 127459582
35 35 4 Worker 774860234
36 36 4 Worker 924928137
37 37 4 Worker 186493446
38 38 4 Worker 553519737
39 39 4 Worker 157823511
40 40 4 Worker 429099216
41 41 4 Worker 876114388
42 42 4 Worker 373117902
43 43 4 Worker 620876759
44 44 4 Worker 762561257
45 45 4 Worker 543567494
46 46 4 Worker 133124720
47 47 4 Worker 847490646
48 48 4 Worker 339515960
49 49 4 Worker 870720644
50 50 4 Worker 92172947
51 51 4 Worker 533533327
52 52 4 Worker 408566173
53 53 4 Worker 306419568
54 54 4 Worker 494475263
55 55 4 Worker 888170488
56 56 4 Worker 953583734
57 57 4 Worker 730866338
58 58 4 Worker 734617741
59 59 4 Worker 551276882
60 60 4 Worker 638453234
61 61 4 Worker 687674506
62 62 4 Worker 238040363
63 63 4 Worker 36226225
