0 0 -1 Splicer 882556784
1 1 0 Worker 205575593
2 2 -1 PersistentDB 765154216
3 3 -1 InMemoryDB 355658908
4 4 -1 WorkManager 221894385
5 5 4 Worker 985837299
6 6 4 Worker 386275204
7 7 4 Worker 533409384
8 8 4 Worker 304813494
9 9 4 Worker 536950650
10 10 4 Worker 713803299
11 11 4 Worker 687615496
12 12 4 Worker 855852908
13 13 4 Worker 698092302
14 14 4 Worker 785179999
15 15 4 Worker 512051134
16 16 4 Worker 227716774
17 17 4 Worker 552929265
18 18 4 Worker 768277795
19 19 4 Worker 602682220
20 20 4 Worker 476028169
21 21 4 Worker 637155360
22 22 4 Worker 724170094
23 23 4 Worker 38231911
24 24 4 Worker 578429445
25 25 4 Worker 933318748
26 26 4 Worker 857734147
27 27 4 Worker 838608435
28 28 4 Worker 419101307
29 29 4 Worker 522733111
30 30 4 Worker 329066973
31 31 4 Worker 879290007
32 32 4 Worker 668221950
33 33 4 Worker 548139676
34 34 4 Worker 701180415
35 35 4 Worker 840101227
36 36 4 Worker 84842819
37 37 4 Worker 829381867
38 38 4 Worker 990926126
39 39 4 Worker 233818558
40 40 4 Worker 250773165
41 41 4 Worker 834516755
42 42 4 Worker 252299508
43 43 4 Worker 804824738
44 44 4 Worker 824858412
45 45 4 Worker 229581540
46 46 4 Worker 584168988
47 47 4 Worker 55004243
48 48 4 Worker 945896154
49 49 4 Worker 248008952
50 50 4 Worker 45981733
51 51 4 Worker 405288418
52 52 4 Worker 938755278
53 53 4 Worker 723461627
54 54 4 Worker 121270413
55 55 4 Worker 751787145
56 56 4 Worker 751067964
57 57 4 Worker 855404906
58 58 4 Worker 889721426
59 59 4 Worker 356784771
60 60 4 Worker 193100378
61 61 4 Worker 805517845
62 62 4 Worker 202880148
63 63 4 Worker 674830001
64 64 4 Worker 184736434
65 65 4 Worker 213705675
66 66 4 Worker 98429784
67 67 4 Worker 681754092
68 68 4 Worker 366998113
69 69 4 Worker 809882408
70 70 4 Worker 398416992
71 71 4 Worker 148912249
72 72 4 Worker 528713900
73 73 4 Worker 296838204
74 74 4 Worker 428108610
75 75 4 Worker 772985131
76 76 4 Worker 359417273
77 77 4 Worker 780951758
78 78 4 Worker 179750480
79 79 4 Worker 342640625
80 80 4 Worker 612505559
81 81 4 Worker 100409342
82 82 4 Worker 356299143
83 83 4 Worker 429447492
84 84 4 Worker 257332235
85 85 4 Worker 486893890
86 86 4 Worker 123123286
87 87 4 Worker 703539926
88 88 4 Worker 726333980
89 89 4 Worker 835602923
90 90 4 Worker 540586561
91 91 4 Worker 975779100
92 92 4 Worker 946459628
93 93 4 Worker 978851686
94 94 4 Worker 334699984
95 95 4 Worker 486057446
96 96 4 Worker 198532987
97 97 4 Worker 313277906
98 98 4 Worker 795228383
99 99 4 Worker 326608549
100 100 4 Worker 212924624
101 101 4 Worker 871945321
102 102 4 Worker 157836996
103 103 4 Worker 616382986
104 104 4 Worker 641288340
105 105 4 Worker 296822215
106 106 4 Worker 903491158
107 107 4 Worker 13084911
108 108 4 Worker 864685986
109 109 4 Worker 246612180
110 110 4 Worker 468371761
111 111 4 Worker 950576460
112 112 4 Worker 349006950
113 113 4 Worker 845593150
114 114 4 Worker 828563533
115 115 4 Worker 943580397
116 116 4 Worker 366822293
117 117 4 Worker 326502626
118 118 4 Worker 999130184
119 119 4 Worker 943077850
120 120 4 Worker 734198068
121 121 4 Worker 62955455
122 122 4 Worker 378081868
123 123 4 Worker 663662163
124 124 4 Worker 74206360
125 125 4 Worker 20287387
126 126 4 Worker 95174226
127 127 4 Worker 492479716
128 128 4 Worker 390166329
129 129 4 Worker 223511753
130 130 4 Worker 717699803
131 131 4 Worker 886698199
132 132 4 Worker 308434717
133 133 4 Worker 708249783
134 134 4 Worker 826188721
135 135 4 Worker 301290622
136 136 4 Worker 462128471
137 137 4 Worker 3050562
138 138 4 Worker 164383557
139 139 4 Worker 119821401
140 140 4 Worker 700120088
141 141 4 Worker 501143974
142 142 4 Worker 866160862
143 143 4 Worker 916435968
144 144 4 Worker 757329133
145 145 4 Worker 232829311
146 146 4 Worker 338501892
147 147 4 Worker 583963578
148 148 4 Worker 559767049
149 149 4 Worker 707097504
150 150 4 Worker 202671233
151 151 4 Worker 954299097
152 152 4 Worker 366789173
153 153 4 Worker 524586142
154 154 4 Worker 954418274
155 155 4 Worker 928051994
156 156 4 Worker 737672927
157 157 4 Worker 204210557
158 158 4 Worker 232792447
159 159 4 Worker 645737874
160 160 4 Worker 254165624
161 161 4 Worker 55727412
162 162 4 Worker 823295204
163 163 4 Worker 23444030
164 164 4 Worker 81076653
165 165 4 Worker 306507174
166 166 4 Worker 235804084
167 167 4 Worker 74784014
168 168 4 Worker 677344443
169 169 4 Worker 47112279
170 170 4 Worker 554787764
171 171 4 Worker 268596587
172 172 4 Worker 794967115
173 173 4 Worker 159996187
174 174 4 Worker 731031005
175 175 4 Worker 643446488
176 176 4 Worker 330528801
177 177 4 Worker 72388377
178 178 4 Worker 596378906
179 179 4 Worker 696390210
180 180 4 Worker 71934572
181 181 4 Worker 796494304
182 182 4 Worker 11154703
183 183 4 Worker 470546311
184 184 4 Worker 543654409
185 185 4 Worker 866924025
186 186 4 Worker 190169931
187 187 4 Worker 779141166
188 188 4 Worker 341657844
189 189 4 Worker 586011807
190 190 4 Worker 944325121
191 191 4 Worker 183738363
192 192 4 Worker 621851175
193 193 4 Worker 79361381
194 194 4 Worker 464861631
195 195 4 Worker 149798417
196 196 4 Worker 915723413
197 197 4 Worker 767456049
198 198 4 Worker 371386711
199 199 4 Worker 682797593
200 200 4 Worker 107097484
201 201 4 Worker 607442154
202 202 4 Worker 564176087
203 203 4 Worker 758781520
204 204 4 Worker 67517650
205 205 4 Worker 801001923
206 206 4 Worker 446398464
207 207 4 Worker 860246154
208 208 4 Worker 375318800
209 209 4 Worker 543563397
210 210 4 Worker 161683256
211 211 4 Worker 776587924
212 212 4 Worker 58871687
213 213 4 Worker 686323694
214 214 4 Worker 826347248
215 215 4 Worker 116962444
216 216 4 Worker 69763331
217 217 4 Worker 669239595
218 218 4 Worker 139177818
219 219 4 Worker 92076504
220 220 4 Worker 772678731
221 221 4 Worker 857305447
222 222 4 Worker 151466669
223 223 4 Worker 207470875
224 224 4 Worker 167645546
225 225 4 Worker 680449947
226 226 4 Worker 975004084
227 227 4 Worker 178660037
228 228 4 Worker 491480726
229 229 4 Worker 669250945
230 230 4 Worker 349999848
231 231 4 Worker 313427494
232 232 4 Worker 752086054
233 233 4 Worker 248803615
234 234 4 Worker 83747104
235 235 4 Worker 710158670
236 236 4 Worker 741899671
237 237 4 Worker 332878037
238 238 4 Worker 340789909
239 239 4 Worker 901298530
240 240 4 Worker 686533396
241 241 4 Worker 597074020
242 242 4 Worker 173330211
243 243 4 Worker 774721041
244 244 4 Worker 570065481
245 245 4 Worker 966501915
246 246 4 Worker 497675109
247 247 4 Worker 314903144
248 248 4 Worker 836092503
249 249 4 Worker 429442832
250 250 4 Worker 588711716
251 251 4 Worker 568301460
252 252 4 Worker 308475148
253 253 4 Worker 852589648
254 254 4 Worker 149918193
255 255 4 Worker 173693784
