0 0 -1 Splicer 70543932
1 1 0 Worker 190714554
2 2 -1 PersistentDB 265289702
3 3 -1 InMemoryDB 340187033
4 4 -1 WorkManager 639101167
5 5 4 Worker 824426746
6 6 4 Worker 990376199
7 7 4 Worker 481655049
8 8 4 Worker 169217616
9 9 4 Worker 816644596
10 10 4 Worker 817072851
11 11 4 Worker 110195298
12 12 4 Worker 40447462
13 13 4 Worker 472873270
14 14 4 Worker 542458497
15 15 4 Worker 24017363
16 16 4 Worker 5437703
17 17 4 Worker 185051891
18 18 4 Worker 451849640
19 19 4 Worker 35397981
20 20 4 Worker 306711487
21 21 4 Worker 220665215
22 22 4 Worker 277162522
23 23 4 Worker 949320525
24 24 4 Worker 861739360
25 25 4 Worker 673910768
26 26 4 Worker 605408844
27 27 4 Worker 336274435
28 28 4 Worker 796069784
29 29 4 Worker 315979928
30 30 4 Worker 918705556
31 31 4 Worker 245334704
