0 0 -1 Splicer 661270341
1 1 0 Worker 705475467
2 2 -1 PersistentDB 773049373
3 3 -1 InMemoryDB 445625227
4 4 -1 WorkManager 112495502
5 5 4 Worker 331299089
6 6 4 Worker 872603111
7 7 4 Worker 340038507
8 8 4 Worker 203842897
9 9 4 Worker 722435169
10 10 4 Worker 217523897
11 11 4 Worker 907240004
12 12 4 Worker 765285048
13 13 4 Worker 15199469
14 14 4 Worker 430394252
15 15 4 Worker 339719169
16 16 4 Worker 316960462
17 17 4 Worker 888296326
18 18 4 Worker 793695096
19 19 4 Worker 773268694
20 20 4 Worker 212619535
21 21 4 Worker 772941171
22 22 4 Worker 996465272
23 23 4 Worker 911720778
24 24 4 Worker 766472889
25 25 4 Worker 836700885
26 26 4 Worker 739251405
27 27 4 Worker 782322490
28 28 4 Worker 34129336
29 29 4 Worker 961534366
30 30 4 Worker 676090740
31 31 4 Worker 45081658
