0 0 -1 Splicer 94074228
1 1 0 Worker 420498136
2 2 -1 PersistentDB 362736209
3 3 -1 InMemoryDB 346486422
4 4 -1 WorkManager 948025367
5 5 4 Worker 562224578
6 6 4 Worker 261530593
7 7 4 Worker 261059454
8 8 4 Worker 453546990
9 9 4 Worker 97987673
10 10 4 Worker 133342758
11 11 4 Worker 616720792
12 12 4 Worker 910079501
13 13 4 Worker 244250529
14 14 4 Worker 157826942
15 15 4 Worker 312060469
16 16 4 Worker 967655245
17 17 4 Worker 933702653
18 18 4 Worker 84794204
19 19 4 Worker 153135056
20 20 4 Worker 321101614
21 21 4 Worker 36595278
22 22 4 Worker 998527542
23 23 4 Worker 451368149
24 24 4 Worker 529868266
25 25 4 Worker 717980709
26 26 4 Worker 685603824
27 27 4 Worker 715323491
28 28 4 Worker 301817152
29 29 4 Worker 313744737
30 30 4 Worker 815046144
31 31 4 Worker 605307594
32 32 4 Worker 896636341
33 33 4 Worker 702569816
34 34 4 Worker 200057440
35 35 4 Worker 596898756
36 36 4 Worker 214393110
37 37 4 Worker 9914281
38 38 4 Worker 198047867
39 39 4 Worker 186355914
40 40 4 Worker 244250577
41 41 4 Worker 634795303
42 42 4 Worker 187858211
43 43 4 Worker 779319586
44 44 4 Worker 636640425
45 45 4 Worker 121638652
46 46 4 Worker 68108376
47 47 4 Worker 381514627
48 48 4 Worker 978622000
49 49 4 Worker 174754203
50 50 4 Worker 999350397
51 51 4 Worker 57130158
52 52 4 Worker 84843541
53 53 4 Worker 809821517
54 54 4 Worker 501692043
55 55 4 Worker 638664964
56 56 4 Worker 90328424
57 57 4 Worker 852536013
58 58 4 Worker 831514139
59 59 4 Worker 800361331
60 60 4 Worker 51261918
61 61 4 Worker 909443693
62 62 4 Worker 836522940
63 63 4 Worker 334844320
64 64 4 Worker 848423816
65 65 4 Worker 373215107
66 66 4 Worker 121048871
67 67 4 Worker 256442739
68 68 4 Worker 424956842
69 69 4 Worker 194134210
70 70 4 Worker 422573116
71 71 4 Worker 789501899
72 72 4 Worker 745887353
73 73 4 Worker 615628161
74 74 4 Worker 767444437
75 75 4 Worker 34665674
76 76 4 Worker 281120124
77 77 4 Worker 730605899
78 78 4 Worker 451601366
79 79 4 Worker 224948485
80 80 4 Worker 346694289
81 81 4 Worker 923248678
82 82 4 Worker 191866677
83 83 4 Worker 781963821
84 84 4 Worker 691922247
85 85 4 Worker 46823786
86 86 4 Worker 967187565
87 87 4 Worker 699598111
88 88 4 Worker 811441447
89 89 4 Worker 17224310
90 90 4 Worker 237465624
91 91 4 Worker 986846676
92 92 4 Worker 711599342
93 93 4 Worker 669901933
94 94 4 Worker 340810032
95 95 4 Worker 110153730
96 96 4 Worker 427232426
97 97 4 Worker 285640819
98 98 4 Worker 548932826
99 99 4 Worker 805228500
100 100 4 Worker 5957697
101 101 4 Worker 870447278
102 102 4 Worker 921637514
103 103 4 Worker 869741098
104 104 4 Worker 107749807
105 105 4 Worker 552075979
106 106 4 Worker 757322147
107 107 4 Worker 970130749
108 108 4 Worker 981738221
109 109 4 Worker 383243424
110 110 4 Worker 947046262
111 111 4 Worker 456370237
112 112 4 Worker 672856392
113 113 4 Worker 58702787
114 114 4 Worker 675058437
115 115 4 Worker 178564762
116 116 4 Worker 66988428
117 117 4 Worker 788438557
118 118 4 Worker 759976368
119 119 4 Worker 92391358
120 120 4 Worker 134032849
121 121 4 Worker 124115966
122 122 4 Worker 120879024
123 123 4 Worker 522990806
124 124 4 Worker 948305122
125 125 4 Worker 252117354
126 126 4 Worker 267848987
127 127 4 Worker 58984372
128 128 4 Worker 472410455
129 129 4 Worker 416718373
130 130 4 Worker 969460849
131 131 4 Worker 958620255
132 132 4 Worker 639387718
133 133 4 Worker 125840997
134 134 4 Worker 487842589
135 135 4 Worker 33942594
136 136 4 Worker 100387241
137 137 4 Worker 936035872
138 138 4 Worker 895953354
139 139 4 Worker 286285860
140 140 4 Worker 381756656
141 141 4 Worker 464256312
142 142 4 Worker 623929066
143 143 4 Worker 393113271
144 144 4 Worker 440898273
145 145 4 Worker 538596568
146 146 4 Worker 755897538
147 147 4 Worker 128804969
148 148 4 Worker 454863039
149 149 4 Worker 788500010
150 150 4 Worker 985746513
151 151 4 Worker 189942411
152 152 4 Worker 620554625
153 153 4 Worker 924408005
154 154 4 Worker 150954045
155 155 4 Worker 177765542
156 156 4 Worker 785157805
157 157 4 Worker 940275368
158 158 4 Worker 456125426
159 159 4 Worker 513915554
160 160 4 Worker 616214579
161 161 4 Worker 73983996
162 162 4 Worker 838557147
163 163 4 Worker 811863291
164 164 4 Worker 540266281
165 165 4 Worker 734476969
166 166 4 Worker 471770183
167 167 4 Worker 649075750
168 168 4 Worker 362281933
169 169 4 Worker 438436116
170 170 4 Worker 154781292
171 171 4 Worker 94603751
172 172 4 Worker 982667225
173 173 4 Worker 274590573
174 174 4 Worker 838206788
175 175 4 Worker 378566239
176 176 4 Worker 514078003
177 177 4 Worker 431351621
178 178 4 Worker 241364968
179 179 4 Worker 824765500
180 180 4 Worker 247892528
181 181 4 Worker 233642644
182 182 4 Worker 284588880
183 183 4 Worker 355625358
184 184 4 Worker 290833497
185 185 4 Worker 911248400
186 186 4 Worker 934293721
187 187 4 Worker 384092176
188 188 4 Worker 766867986
189 189 4 Worker 834932265
190 190 4 Worker 880599014
191 191 4 Worker 350338703
192 192 4 Worker 154122869
193 193 4 Worker 65398208
194 194 4 Worker 84290120
195 195 4 Worker 411752622
196 196 4 Worker 969809778
197 197 4 Worker 58772139
198 198 4 Worker 466209366
199 199 4 Worker 350396901
200 200 4 Worker 873210541
201 201 4 Worker 752083598
202 202 4 Worker 57057683
203 203 4 Worker 482512778
204 204 4 Worker 386315495
205 205 4 Worker 113687831
206 206 4 Worker 360522107
207 207 4 Worker 687698103
208 208 4 Worker 703171206
209 209 4 Worker 500759451
210 210 4 Worker 28759338
211 211 4 Worker 61784687
212 212 4 Worker 692058323
213 213 4 Worker 577959650
214 214 4 Worker 830764808
215 215 4 Worker 541038921
216 216 4 Worker 869917965
217 217 4 Worker 657070006
218 218 4 Worker 177426106
219 219 4 Worker 649830013
220 220 4 Worker 638125362
221 221 4 Worker 413177755
222 222 4 Worker 15960022
223 223 4 Worker 37408501
224 224 4 Worker 870794493
225 225 4 Worker 816104954
226 226 4 Worker 187296053
227 227 4 Worker 250405938
228 228 4 Worker 504924790
229 229 4 Worker 369288221
230 230 4 Worker 317469052
231 231 4 Worker 396808140
232 232 4 Worker 167252299
233 233 4 Worker 494848094
234 234 4 Worker 807477358
235 235 4 Worker 823469350
236 236 4 Worker 631603588
237 237 4 Worker 122155800
238 238 4 Worker 374193142
239 239 4 Worker 659309807
240 240 4 Worker 997777295
241 241 4 Worker 846812638
242 242 4 Worker 996942013
243 243 4 Worker 466483154
244 244 4 Worker 63711388
245 245 4 Worker 896819894
246 246 4 Worker 628123338
247 247 4 Worker 29154962
248 248 4 Worker 25765812
249 249 4 Worker 716896884
250 250 4 Worker 699623812
251 251 4 Worker 607801910
252 252 4 Worker 884789343
253 253 4 Worker 756701493
254 254 4 Worker 351834918
255 255 4 Worker 898067036
