0 0 -1 Splicer 547368483
1 1 0 Worker 149605734
2 2 -1 PersistentDB 822866920
3 3 -1 InMemoryDB 277275945
4 4 -1 WorkManager 5208344
5 5 4 Worker 262857619
6 6 4 Worker 364614353
7 7 4 Worker 693779509
8 8 4 Worker 288383990
9 9 4 Worker 914686134
10 10 4 Worker 660194272
11 11 4 Worker 523622587
12 12 4 Worker 648979991
13 13 4 Worker 614509512
14 14 4 Worker 424631398
15 15 4 Worker 498662452
16 16 4 Worker 79822282
17 17 4 Worker 116310318
18 18 4 Worker 837349436
19 19 4 Worker 188039220
20 20 4 Worker 143542832
21 21 4 Worker 38298328
22 22 4 Worker 785594812
23 23 4 Worker 120116218
24 24 4 Worker 815336125
25 25 4 Worker 617271757
26 26 4 Worker 953188798
27 27 4 Worker 30858983
28 28 4 Worker 66540852
29 29 4 Worker 131132177
30 30 4 Worker 34021323
31 31 4 Worker 628649056
