0 0 -1 Splicer 158324346
1 1 0 Worker 233056413
2 2 -1 PersistentDB 177672364
3 3 -1 InMemoryDB 480703366
4 4 -1 WorkManager 799726049
5 5 4 Worker 557309774
6 6 4 Worker 382997106
7 7 4 Worker 676992571
8 8 4 Worker 979135079
9 9 4 Worker 161386028
10 10 4 Worker 589940516
11 11 4 Worker 971653747
12 12 4 Worker 138190842
13 13 4 Worker 500010110
14 14 4 Worker 274169782
15 15 4 Worker 665732023
16 16 4 Worker 575340208
17 17 4 Worker 189613657
18 18 4 Worker 71447457
19 19 4 Worker 76323428
20 20 4 Worker 76498370
21 21 4 Worker 396446010
22 22 4 Worker 403354385
23 23 4 Worker 495658452
24 24 4 Worker 621374776
25 25 4 Worker 774140958
26 26 4 Worker 810107929
27 27 4 Worker 325733632
28 28 4 Worker 700261535
29 29 4 Worker 285783419
30 30 4 Worker 959042452
31 31 4 Worker 475735335
32 32 4 Worker 629993484
33 33 4 Worker 594958655
34 34 4 Worker 430577956
35 35 4 Worker 700222757
36 36 4 Worker 920163841
37 37 4 Worker 643357143
38 38 4 Worker 942246294
39 39 4 Worker 350108559
40 40 4 Worker 40714544
41 41 4 Worker 499640227
42 42 4 Worker 484718661
43 43 4 Worker 897184053
44 44 4 Worker 246800906
45 45 4 Worker 157189657
46 46 4 Worker 242414503
47 47 4 Worker 589818079
48 48 4 Worker 566577683
49 49 4 Worker 854634950
50 50 4 Worker 222466715
51 51 4 Worker 206757337
52 52 4 Worker 420430816
53 53 4 Worker 887628801
54 54 4 Worker 485962648
55 55 4 Worker 42002579
56 56 4 Worker 199899597
57 57 4 Worker 411938269
58 58 4 Worker 433616675
59 59 4 Worker 466437069
60 60 4 Worker 355300086
61 61 4 Worker 674193489
62 62 4 Worker 191418160
63 63 4 Worker 79156085
64 64 4 Worker 4333466
65 65 4 Worker 211003109
66 66 4 Worker 894834468
67 67 4 Worker 611820649
68 68 4 Worker 175911609
69 69 4 Worker 877094646
70 70 4 Worker 973963806
71 71 4 Worker 843475382
72 72 4 Worker 234242005
73 73 4 Worker 568743948
74 74 4 Worker 916495620
75 75 4 Worker 848535974
76 76 4 Worker 552071752
77 77 4 Worker 706543466
78 78 4 Worker 58156497
79 79 4 Worker 168432881
80 80 4 Worker 31479656
81 81 4 Worker 173640186
82 82 4 Worker 386943842
83 83 4 Worker 155740146
84 84 4 Worker 989471833
85 85 4 Worker 403014678
86 86 4 Worker 318139180
87 87 4 Worker 450536895
88 88 4 Worker 828946622
89 89 4 Worker 240101154
90 90 4 Worker 83626913
91 91 4 Worker 139755700
92 92 4 Worker 908088532
93 93 4 Worker 713126492
94 94 4 Worker 126373290
95 95 4 Worker 310438806
96 96 4 Worker 399394859
97 97 4 Worker 448235684
98 98 4 Worker 332683927
99 99 4 Worker 697517935
100 100 4 Worker 566993291
101 101 4 Worker 360327096
102 102 4 Worker 390056622
103 103 4 Worker 739381672
104 104 4 Worker 891553770
105 105 4 Worker 684929213
106 106 4 Worker 451734644
107 107 4 Worker 912998804
108 108 4 Worker 178132066
109 109 4 Worker 902591666
110 110 4 Worker 558985843
111 111 4 Worker 288147517
112 112 4 Worker 803778417
113 113 4 Worker 566729829
114 114 4 Worker 229952400
115 115 4 Worker 476134273
116 116 4 Worker 436802381
117 117 4 Worker 244189474
118 118 4 Worker 892599131
119 119 4 Worker 424295137
120 120 4 Worker 4589182
121 121 4 Worker 65605548
122 122 4 Worker 37860851
123 123 4 Worker 986853457
124 124 4 Worker 340713546
125 125 4 Worker 887696591
126 126 4 Worker 220793253
127 127 4 Worker 395277903
