0 0 -1 Splicer 199571864
1 1 0 Worker 6943293
2 2 -1 PersistentDB 915334842
3 3 -1 InMemoryDB 628536041
4 4 -1 WorkManager 751791467
5 5 4 Worker 509145573
6 6 4 Worker 926985032
7 7 4 Worker 659349405
8 8 4 Worker 930626068
9 9 4 Worker 183990605
10 10 4 Worker 703416049
11 11 4 Worker 536507075
12 12 4 Worker 390888551
13 13 4 Worker 60849807
14 14 4 Worker 492586936
15 15 4 Worker 387642781
16 16 4 Worker 957593327
17 17 4 Worker 820701421
18 18 4 Worker 423235322
19 19 4 Worker 718974431
20 20 4 Worker 485955306
21 21 4 Worker 828655268
22 22 4 Worker 53429537
23 23 4 Worker 783304278
24 24 4 Worker 844185998
25 25 4 Worker 637456483
26 26 4 Worker 146994638
27 27 4 Worker 476934325
28 28 4 Worker 653499218
29 29 4 Worker 675548459
30 30 4 Worker 745690981
31 31 4 Worker 390349924
32 32 4 Worker 43726856
33 33 4 Worker 231756770
34 34 4 Worker 860535705
35 35 4 Worker 95415599
36 36 4 Worker 495741531
37 37 4 Worker 240733961
38 38 4 Worker 885166053
39 39 4 Worker 149847245
40 40 4 Worker 875501487
41 41 4 Worker 828535511
42 42 4 Worker 547362136
43 43 4 Worker 73376901
44 44 4 Worker 367597820
45 45 4 Worker 733915105
46 46 4 Worker 486018243
47 47 4 Worker 754269022
48 48 4 Worker 819493386
49 49 4 Worker 240353796
50 50 4 Worker 728637447
51 51 4 Worker 49817361
52 52 4 Worker 356215211
53 53 4 Worker 299420771
54 54 4 Worker 824411030
55 55 4 Worker 231869199
56 56 4 Worker 262990428
57 57 4 Worker 329463808
58 58 4 Worker 885495857
59 59 4 Worker 503097312
60 60 4 Worker 856169097
61 61 4 Worker 86561220
62 62 4 Worker 152527555
63 63 4 Worker 118633418
64 64 4 Worker 882712536
65 65 4 Worker 841222153
66 66 4 Worker 787708411
67 67 4 Worker 97656367
68 68 4 Worker 37761334
69 69 4 Worker 976665515
70 70 4 Worker 992834922
71 71 4 Worker 589726856
72 72 4 Worker 728503487
73 73 4 Worker 160124481
74 74 4 Worker 136487571
75 75 4 Worker 692642590
76 76 4 Worker 902469856
77 77 4 Worker 611395000
78 78 4 Worker 376254015
79 79 4 Worker 696252672
80 80 4 Worker 355177415
81 81 4 Worker 503095645
82 82 4 Worker 250390326
83 83 4 Worker 83473051
84 84 4 Worker 535579624
85 85 4 Worker 316757042
86 86 4 Worker 601208314
87 87 4 Worker 829867279
88 88 4 Worker 93063214
89 89 4 Worker 377342310
90 90 4 Worker 580901778
91 91 4 Worker 108763349
92 92 4 Worker 850014598
93 93 4 Worker 391613467
94 94 4 Worker 546636795
95 95 4 Worker 586536450
96 96 4 Worker 556317611
97 97 4 Worker 362272841
98 98 4 Worker 632559154
99 99 4 Worker 766377506
100 100 4 Worker 786161898
101 101 4 Worker 154106762
102 102 4 Worker 927666826
103 103 4 Worker 57158358
104 104 4 Worker 572321243
105 105 4 Worker 516640429
106 106 4 Worker 929806356
107 107 4 Worker 554427152
108 108 4 Worker 249063303
109 109 4 Worker 558876735
110 110 4 Worker 171826677
111 111 4 Worker 949250165
112 112 4 Worker 420454351
113 113 4 Worker 354145924
114 114 4 Worker 727382406
115 115 4 Worker 403449465
116 116 4 Worker 611440827
117 117 4 Worker 178553197
118 118 4 Worker 849512517
119 119 4 Worker 302092525
120 120 4 Worker 899595259
121 121 4 Worker 275903697
122 122 4 Worker 400242006
123 123 4 Worker 82386729
124 124 4 Worker 435681336
125 125 4 Worker 534997982
126 126 4 Worker 643614070
127 127 4 Worker 856961043
128 128 4 Worker 981828018
129 129 4 Worker 462345555
130 130 4 Worker 946581486
131 131 4 Worker 551948479
132 132 4 Worker 589972299
133 133 4 Worker 626698806
134 134 4 Worker 9774652
135 135 4 Worker 731162158
136 136 4 Worker 909122373
137 137 4 Worker 435919077
138 138 4 Worker 481922578
139 139 4 Worker 464010987
140 140 4 Worker 225649249
141 141 4 Worker 83658339
142 142 4 Worker 35562994
143 143 4 Worker 825459163
144 144 4 Worker 826303884
145 145 4 Worker 557736842
146 146 4 Worker 244005013
147 147 4 Worker 63259774
148 148 4 Worker 494406561
149 149 4 Worker 601208782
150 150 4 Worker 878587186
151 151 4 Worker 161949867
152 152 4 Worker 559810773
153 153 4 Worker 880382896
154 154 4 Worker 178326215
155 155 4 Worker 373779948
156 156 4 Worker 352534597
157 157 4 Worker 98936584
158 158 4 Worker 878765552
159 159 4 Worker 21216573
160 160 4 Worker 111405711
161 161 4 Worker 583243556
162 162 4 Worker 298815363
163 163 4 Worker 187797434
164 164 4 Worker 423599706
165 165 4 Worker 910324864
166 166 4 Worker 713357846
167 167 4 Worker 171806243
168 168 4 Worker 780407193
169 169 4 Worker 117078144
170 170 4 Worker 709936683
171 171 4 Worker 191552107
172 172 4 Worker 613387354
173 173 4 Worker 305871461
174 174 4 Worker 346348611
175 175 4 Worker 303093522
176 176 4 Worker 95712667
177 177 4 Worker 701562833
178 178 4 Worker 552491303
179 179 4 Worker 363180799
180 180 4 Worker 147126498
181 181 4 Worker 261468718
182 182 4 Worker 894579986
183 183 4 Worker 366740061
184 184 4 Worker 180824562
185 185 4 Worker 923539345
186 186 4 Worker 185565832
187 187 4 Worker 861991951
188 188 4 Worker 83711177
189 189 4 Worker 348601980
190 190 4 Worker 374187673
191 191 4 Worker 821738227
192 192 4 Worker 437805388
193 193 4 Worker 502376751
194 194 4 Worker 575226040
195 195 4 Worker 486489860
196 196 4 Worker 643429136
197 197 4 Worker 105548250
198 198 4 Worker 542907315
199 199 4 Worker 601461668
200 200 4 Worker 704733460
201 201 4 Worker 264352891
202 202 4 Worker 704937292
203 203 4 Worker 199251089
204 204 4 Worker 726983880
205 205 4 Worker 472265009
206 206 4 Worker 798931038
207 207 4 Worker 827215667
208 208 4 Worker 475922861
209 209 4 Worker 27159075
210 210 4 Worker 241374618
211 211 4 Worker 984456041
212 212 4 Worker 500924297
213 213 4 Worker 456411987
214 214 4 Worker 68938205
215 215 4 Worker 219567693
216 216 4 Worker 621598301
217 217 4 Worker 476014149
218 218 4 Worker 837807615
219 219 4 Worker 245700221
220 220 4 Worker 119727379
221 221 4 Worker 400177362
222 222 4 Worker 4050759
223 223 4 Worker 647544914
224 224 4 Worker 491561678
225 225 4 Worker 155291808
226 226 4 Worker 246448061
227 227 4 Worker 323248722
228 228 4 Worker 312133444
229 229 4 Worker 185143256
230 230 4 Worker 487240551
231 231 4 Worker 817539415
232 232 4 Worker 630816905
233 233 4 Worker 84606714
234 234 4 Worker 270928487
235 235 4 Worker 811665708
236 236 4 Worker 742306964
237 237 4 Worker 301180906
238 238 4 Worker 594292435
239 239 4 Worker 586320236
240 240 4 Worker 91397475
241 241 4 Worker 729297981
242 242 4 Worker 263570001
243 243 4 Worker 736521432
244 244 4 Worker 301708858
245 245 4 Worker 364512662
246 246 4 Worker 952917298
247 247 4 Worker 307466541
248 248 4 Worker 801701600
249 249 4 Worker 24852826
250 250 4 Worker 292348002
251 251 4 Worker 740681217
252 252 4 Worker 226775670
253 253 4 Worker 796776553
254 254 4 Worker 395146515
255 255 4 Worker 591435807
