0 0 -1 Splicer 217052926
1 1 0 Worker 167451874
2 2 -1 PersistentDB 620270150
3 3 -1 InMemoryDB 849300984
4 4 -1 WorkManager 630569375
5 5 4 Worker 497908003
6 6 4 Worker 929732381
7 7 4 Worker 252132348
8 8 4 Worker 902078405
9 9 4 Worker 217294
10 10 4 Worker 69538156
11 11 4 Worker 842106197
12 12 4 Worker 721684073
13 13 4 Worker 707740963
14 14 4 Worker 17848955
15 15 4 Worker 200180471
16 16 4 Worker 332936119
17 17 4 Worker 757154717
18 18 4 Worker 736240660
19 19 4 Worker 865069052
20 20 4 Worker 797033933
21 21 4 Worker 282169251
22 22 4 Worker 562200710
23 23 4 Worker 259737762
24 24 4 Worker 753091088
25 25 4 Worker 568305985
26 26 4 Worker 504672139
27 27 4 Worker 435414559
28 28 4 Worker 327675727
29 29 4 Worker 558655618
30 30 4 Worker 819547692
31 31 4 Worker 453605964
32 32 4 Worker 792884751
33 33 4 Worker 229899145
34 34 4 Worker 605771052
35 35 4 Worker 84155610
36 36 4 Worker 950331790
37 37 4 Worker 230915400
38 38 4 Worker 959237523
39 39 4 Worker 543198797
40 40 4 Worker 990679997
41 41 4 Worker 690708085
42 42 4 Worker 725837253
43 43 4 Worker 177171083
44 44 4 Worker 971018102
45 45 4 Worker 525236150
46 46 4 Worker 931820133
47 47 4 Worker 43802920
48 48 4 Worker 903072812
49 49 4 Worker 743788979
50 50 4 Worker 503869043
51 51 4 Worker 727488930
52 52 4 Worker 378356609
53 53 4 Worker 274197246
54 54 4 Worker 521856753
55 55 4 Worker 917830256
56 56 4 Worker 829243858
57 57 4 Worker 486012796
58 58 4 Worker 381757749
59 59 4 Worker 340842690
60 60 4 Worker 845306121
61 61 4 Worker 507634767
62 62 4 Worker 573391821
63 63 4 Worker 625475465
64 64 4 Worker 15238035
65 65 4 Worker 179512133
66 66 4 Worker 149141634
67 67 4 Worker 132113319
68 68 4 Worker 524825759
69 69 4 Worker 553490621
70 70 4 Worker 121187743
71 71 4 Worker 388966457
72 72 4 Worker 594181451
73 73 4 Worker 756778331
74 74 4 Worker 329678159
75 75 4 Worker 111213670
76 76 4 Worker 475638329
77 77 4 Worker 749172520
78 78 4 Worker 468909795
79 79 4 Worker 339412332
80 80 4 Worker 374296763
81 81 4 Worker 469817535
82 82 4 Worker 540002202
83 83 4 Worker 282460923
84 84 4 Worker 780809983
85 85 4 Worker 168457610
86 86 4 Worker 450727165
87 87 4 Worker 401433958
88 88 4 Worker 347358476
89 89 4 Worker 568932465
90 90 4 Worker 165108580
91 91 4 Worker 96117315
92 92 4 Worker 697244446
93 93 4 Worker 399051114
94 94 4 Worker 267991286
95 95 4 Worker 572339468
96 96 4 Worker 184806529
97 97 4 Worker 207431415
98 98 4 Worker 970313431
99 99 4 Worker 66020030
100 100 4 Worker 193740424
101 101 4 Worker 871109961
102 102 4 Worker 215367741
103 103 4 Worker 898308732
104 104 4 Worker 697998727
105 105 4 Worker 829971293
106 106 4 Worker 949892625
107 107 4 Worker 541910577
108 108 4 Worker 219231281
109 109 4 Worker 937564084
110 110 4 Worker 726183516
111 111 4 Worker 447168613
112 112 4 Worker 382366222
113 113 4 Worker 380014692
114 114 4 Worker 105138047
115 115 4 Worker 857056722
116 116 4 Worker 802026163
117 117 4 Worker 476112499
118 118 4 Worker 603768806
119 119 4 Worker 48134246
120 120 4 Worker 48045768
121 121 4 Worker 898502257
122 122 4 Worker 23641469
123 123 4 Worker 888768196
124 124 4 Worker 377380697
125 125 4 Worker 843573219
126 126 4 Worker 859806104
127 127 4 Worker 887591166
128 128 4 Worker 932424752
129 129 4 Worker 382106562
130 130 4 Worker 144072010
131 131 4 Worker 852372984
132 132 4 Worker 553778747
133 133 4 Worker 220260739
134 134 4 Worker 613592796
135 135 4 Worker 28504976
136 136 4 Worker 950908830
137 137 4 Worker 276269130
138 138 4 Worker 467233706
139 139 4 Worker 804674550
140 140 4 Worker 783385479
141 141 4 Worker 130546727
142 142 4 Worker 454477184
143 143 4 Worker 294705168
144 144 4 Worker 208414137
145 145 4 Worker 734805011
146 146 4 Worker 65580610
147 147 4 Worker 807757965
148 148 4 Worker 644880017
149 149 4 Worker 484612010
150 150 4 Worker 222222840
151 151 4 Worker 328537936
152 152 4 Worker 703844040
153 153 4 Worker 309625347
154 154 4 Worker 57041331
155 155 4 Worker 834801789
156 156 4 Worker 194005558
157 157 4 Worker 136121868
158 158 4 Worker 319894336
159 159 4 Worker 496392382
160 160 4 Worker 832764807
161 161 4 Worker 751495817
162 162 4 Worker 15115948
163 163 4 Worker 544199925
164 164 4 Worker 125157156
165 165 4 Worker 624710535
166 166 4 Worker 735141971
167 167 4 Worker 449373338
168 168 4 Worker 784089265
169 169 4 Worker 848447988
170 170 4 Worker 809421839
171 171 4 Worker 905908059
172 172 4 Worker 597597837
173 173 4 Worker 478850763
174 174 4 Worker 814625901
175 175 4 Worker 509326112
176 176 4 Worker 112294177
177 177 4 Worker 102870351
178 178 4 Worker 426952448
179 179 4 Worker 346031182
180 180 4 Worker 106059529
181 181 4 Worker 24159154
182 182 4 Worker 187792445
183 183 4 Worker 824947854
184 184 4 Worker 333289818
185 185 4 Worker 194324795
186 186 4 Worker 810350680
187 187 4 Worker 733379076
188 188 4 Worker 889037267
189 189 4 Worker 609382232
190 190 4 Worker 977114140
191 191 4 Worker 804959409
192 192 4 Worker 152502052
193 193 4 Worker 392549991
194 194 4 Worker 793844538
195 195 4 Worker 417176753
196 196 4 Worker 555981224
197 197 4 Worker 785485186
198 198 4 Worker 474019299
199 199 4 Worker 977925265
200 200 4 Worker 170654185
201 201 4 Worker 361506649
202 202 4 Worker 16812425
203 203 4 Worker 97782200
204 204 4 Worker 858514336
205 205 4 Worker 313909432
206 206 4 Worker 601490645
207 207 4 Worker 905759228
208 208 4 Worker 898979202
209 209 4 Worker 117425264
210 210 4 Worker 438291600
211 211 4 Worker 291503621
212 212 4 Worker 40972490
213 213 4 Worker 70707471
214 214 4 Worker 314902156
215 215 4 Worker 111680942
216 216 4 Worker 762016334
217 217 4 Worker 594556912
218 218 4 Worker 628821493
219 219 4 Worker 792409989
220 220 4 Worker 256026790
221 221 4 Worker 513133428
222 222 4 Worker 199547850
223 223 4 Worker 682639929
224 224 4 Worker 516458835
225 225 4 Worker 359244798
226 226 4 Worker 194917282
227 227 4 Worker 94624037
228 228 4 Worker 453478187
229 229 4 Worker 986999868
230 230 4 Worker 357254355
231 231 4 Worker 667894335
232 232 4 Worker 686808691
233 233 4 Worker 19636942
234 234 4 Worker 979078702
235 235 4 Worker 390454888
236 236 4 Worker 407578296
237 237 4 Worker 421417471
238 238 4 Worker 310601204
239 239 4 Worker 404183672
240 240 4 Worker 269376094
241 241 4 Worker 903977817
242 242 4 Worker 434718733
243 243 4 Worker 665579283
244 244 4 Worker 773139129
245 245 4 Worker 652195569
246 246 4 Worker 702395385
247 247 4 Worker 761106850
248 248 4 Worker 661236972
249 249 4 Worker 430549514
250 250 4 Worker 542104395
251 251 4 Worker 863893741
252 252 4 Worker 278163493
253 253 4 Worker 346543134
254 254 4 Worker 926289218
255 255 4 Worker 242287547
