0 0 -1 Splicer 98392818
1 1 0 Worker 436271792
2 2 -1 PersistentDB 900149048
3 3 -1 InMemoryDB 570874980
4 4 -1 WorkManager 368432746
5 5 4 Worker 25377232
6 6 4 Worker 699658764
7 7 4 Worker 113429859
8 8 4 Worker 496915537
9 9 4 Worker 777983448
10 10 4 Worker 277579223
11 11 4 Worker 762968942
12 12 4 Worker 618919600
13 13 4 Worker 50873563
14 14 4 Worker 897643955
15 15 4 Worker 864508240
16 16 4 Worker 136190493
17 17 4 Worker 518756838
18 18 4 Worker 290469975
19 19 4 Worker 713297387
20 20 4 Worker 766694895
21 21 4 Worker 319856256
22 22 4 Worker 799951368
23 23 4 Worker 649341272
24 24 4 Worker 196573471
25 25 4 Worker 410534746
26 26 4 Worker 630854246
27 27 4 Worker 570013632
28 28 4 Worker 323199741
29 29 4 Worker 544379832
30 30 4 Worker 50188894
31 31 4 Worker 900303210
