0 0 -1 Splicer 205056336
1 1 0 Worker 339710710
2 2 -1 PersistentDB 654709369
3 3 -1 InMemoryDB 710586767
4 4 -1 WorkManager 690203984
5 5 4 Worker 901260979
6 6 4 Worker 622583567
7 7 4 Worker 205853733
8 8 4 Worker 773045812
9 9 4 Worker 266253908
10 10 4 Worker 387187584
11 11 4 Worker 69769997
12 12 4 Worker 811625964
13 13 4 Worker 169253913
14 14 4 Worker 787591967
15 15 4 Worker 543118760
16 16 4 Worker 928852534
17 17 4 Worker 999258225
18 18 4 Worker 48844140
19 19 4 Worker 885534906
20 20 4 Worker 323308611
21 21 4 Worker 699447369
22 22 4 Worker 408352108
23 23 4 Worker 251268186
24 24 4 Worker 672870868
25 25 4 Worker 219377819
26 26 4 Worker 650744754
27 27 4 Worker 874665591
28 28 4 Worker 981659557
29 29 4 Worker 593871179
30 30 4 Worker 526726310
31 31 4 Worker 162306255
32 32 4 Worker 450177897
33 33 4 Worker 551578606
34 34 4 Worker 111636232
35 35 4 Worker 956714201
36 36 4 Worker 64400527
37 37 4 Worker 75942000
38 38 4 Worker 440545964
39 39 4 Worker 277129498
40 40 4 Worker 571998433
41 41 4 Worker 958752357
42 42 4 Worker 656912122
43 43 4 Worker 46932065
44 44 4 Worker 756056812
45 45 4 Worker 134829928
46 46 4 Worker 802474802
47 47 4 Worker 718441837
48 48 4 Worker 763735503
49 49 4 Worker 182241167
50 50 4 Worker 55709725
51 51 4 Worker 397766526
52 52 4 Worker 956237453
53 53 4 Worker 748156619
54 54 4 Worker 938503660
55 55 4 Worker 893731393
56 56 4 Worker 953256546
57 57 4 Worker 197667190
58 58 4 Worker 799204447
59 59 4 Worker 591572125
60 60 4 Worker 372016222
61 61 4 Worker 327694495
62 62 4 Worker 438239870
63 63 4 Worker 376805830
64 64 4 Worker 946207239
65 65 4 Worker 967595176
66 66 4 Worker 955394537
67 67 4 Worker 859401657
68 68 4 Worker 168889749
69 69 4 Worker 363626523
70 70 4 Worker 182176607
71 71 4 Worker 89827192
72 72 4 Worker 426919048
73 73 4 Worker 331927642
74 74 4 Worker 197226833
75 75 4 Worker 27827696
76 76 4 Worker 998515058
77 77 4 Worker 905958272
78 78 4 Worker 792625200
79 79 4 Worker 997557570
80 80 4 Worker 792550317
81 81 4 Worker 804590329
82 82 4 Worker 529665343
83 83 4 Worker 980105906
84 84 4 Worker 668830682
85 85 4 Worker 654073602
86 86 4 Worker 51892631
87 87 4 Worker 461847722
88 88 4 Worker 937510895
89 89 4 Worker 861265181
90 90 4 Worker 355351528
91 91 4 Worker 143545887
92 92 4 Worker 42913986
93 93 4 Worker 925287677
94 94 4 Worker 89264685
95 95 4 Worker 554921919
96 96 4 Worker 947724248
97 97 4 Worker 885807658
98 98 4 Worker 892312364
99 99 4 Worker 49601583
100 100 4 Worker 229192609
101 101 4 Worker 286105273
102 102 4 Worker 687285184
103 103 4 Worker 56169959
104 104 4 Worker 653966666
105 105 4 Worker 11382725
106 106 4 Worker 411778252
107 107 4 Worker 788258495
108 108 4 Worker 981597196
109 109 4 Worker 434996473
110 110 4 Worker 631295741
111 111 4 Worker 162488874
112 112 4 Worker 812236153
113 113 4 Worker 87000540
114 114 4 Worker 844569603
115 115 4 Worker 508711787
116 116 4 Worker 403507816
117 117 4 Worker 989686593
118 118 4 Worker 9890159
119 119 4 Worker 102125284
120 120 4 Worker 422679190
121 121 4 Worker 697738411
122 122 4 Worker 446845430
123 123 4 Worker 362985201
124 124 4 Worker 819879372
125 125 4 Worker 208324002
126 126 4 Worker 705631199
127 127 4 Worker 677241374
128 128 4 Worker 129769077
129 129 4 Worker 227927424
130 130 4 Worker 595294440
131 131 4 Worker 851665439
132 132 4 Worker 117248459
133 133 4 Worker 294326690
134 134 4 Worker 666913098
135 135 4 Worker 813673272
136 136 4 Worker 857399029
137 137 4 Worker 90446648
138 138 4 Worker 780070368
139 139 4 Worker 196489397
140 140 4 Worker 961977154
141 141 4 Worker 23063139
142 142 4 Worker 676685157
143 143 4 Worker 534232802
144 144 4 Worker 739965592
145 145 4 Worker 32640596
146 146 4 Worker 534650702
147 147 4 Worker 980477429
148 148 4 Worker 242006526
149 149 4 Worker 480691438
150 150 4 Worker 554394886
151 151 4 Worker 117471692
152 152 4 Worker 17415600
153 153 4 Worker 792696415
154 154 4 Worker 625341959
155 155 4 Worker 986124555
156 156 4 Worker 914018658
157 157 4 Worker 702584667
158 158 4 Worker 954529769
159 159 4 Worker 254021261
160 160 4 Worker 401747627
161 161 4 Worker 15126804
162 162 4 Worker 434494536
163 163 4 Worker 921770246
164 164 4 Worker 627351468
165 165 4 Worker 716817881
166 166 4 Worker 750663159
167 167 4 Worker 841351104
168 168 4 Worker 481515811
169 169 4 Worker 338547872
170 170 4 Worker 882820189
171 171 4 Worker 547528765
172 172 4 Worker 556910153
173 173 4 Worker 315619687
174 174 4 Worker 859118735
175 175 4 Worker 622126645
176 176 4 Worker 658316450
177 177 4 Worker 418841983
178 178 4 Worker 56907179
179 179 4 Worker 338144550
180 180 4 Worker 614756891
181 181 4 Worker 897457364
182 182 4 Worker 456102366
183 183 4 Worker 438867735
184 184 4 Worker 112004028
185 185 4 Worker 35179588
186 186 4 Worker 570110315
187 187 4 Worker 396392027
188 188 4 Worker 830149421
189 189 4 Worker 492378600
190 190 4 Worker 273663929
191 191 4 Worker 458985972
192 192 4 Worker 612577348
193 193 4 Worker 207518514
194 194 4 Worker 405340958
195 195 4 Worker 867887622
196 196 4 Worker 296982925
197 197 4 Worker 173907513
198 198 4 Worker 387985579
199 199 4 Worker 751816789
200 200 4 Worker 676945615
201 201 4 Worker 213147062
202 202 4 Worker 142442722
203 203 4 Worker 744496064
204 204 4 Worker 879036330
205 205 4 Worker 849491552
206 206 4 Worker 740155349
207 207 4 Worker 66224115
208 208 4 Worker 767954439
209 209 4 Worker 474108223
210 210 4 Worker 685646429
211 211 4 Worker 106116407
212 212 4 Worker 292215036
213 213 4 Worker 546993357
214 214 4 Worker 609136564
215 215 4 Worker 695432583
216 216 4 Worker 717268852
217 217 4 Worker 207733603
218 218 4 Worker 167286247
219 219 4 Worker 675725678
220 220 4 Worker 913393198
221 221 4 Worker 16148105
222 222 4 Worker 546109290
223 223 4 Worker 28772895
224 224 4 Worker 428983685
225 225 4 Worker 996635361
226 226 4 Worker 160799069
227 227 4 Worker 215561235
228 228 4 Worker 251028437
229 229 4 Worker 770576731
230 230 4 Worker 651639965
231 231 4 Worker 367964468
232 232 4 Worker 424484422
233 233 4 Worker 123945803
234 234 4 Worker 983345994
235 235 4 Worker 586874511
236 236 4 Worker 699424498
237 237 4 Worker 228308874
238 238 4 Worker 966825183
239 239 4 Worker 545767874
240 240 4 Worker 390458025
241 241 4 Worker 442015181
242 242 4 Worker 647674221
243 243 4 Worker 745706576
244 244 4 Worker 452120327
245 245 4 Worker 799258795
246 246 4 Worker 387339566
247 247 4 Worker 97809809
248 248 4 Worker 204753647
249 249 4 Worker 896806592
250 250 4 Worker 120541902
251 251 4 Worker 628103221
252 252 4 Worker 28632593
253 253 4 Worker 446390999
254 254 4 Worker 801235360
255 255 4 Worker 675618593
