0 0 -1 Splicer 982889654
1 1 0 Worker 68093969
2 2 -1 PersistentDB 351713072
3 3 -1 InMemoryDB 956170005
4 4 -1 WorkManager 634450412
5 5 4 Worker 787009223
6 6 4 Worker 275916105
7 7 4 Worker 921502304
8 8 4 Worker 446200352
9 9 4 Worker 774752278
10 10 4 Worker 629027352
11 11 4 Worker 818600402
12 12 4 Worker 90455033
13 13 4 Worker 774324311
14 14 4 Worker 468163620
15 15 4 Worker 813058712
16 16 4 Worker 586881480
17 17 4 Worker 904701256
18 18 4 Worker 573118223
19 19 4 Worker 986381892
20 20 4 Worker 409900936
21 21 4 Worker 687807196
22 22 4 Worker 205216389
23 23 4 Worker 590598990
24 24 4 Worker 585332036
25 25 4 Worker 368840786
26 26 4 Worker 624163497
27 27 4 Worker 398947182
28 28 4 Worker 726636492
29 29 4 Worker 625126594
30 30 4 Worker 934735348
31 31 4 Worker 879848813
