0 0 -1 Splicer 642481210
1 1 0 Worker 207511967
2 2 -1 PersistentDB 40817206
3 3 -1 InMemoryDB 805784518
4 4 -1 WorkManager 506037677
5 5 4 Worker 598750187
6 6 4 Worker 511091336
7 7 4 Worker 65241131
8 8 4 Worker 699143196
9 9 4 Worker 369740599
10 10 4 Worker 69610733
11 11 4 Worker 948072964
12 12 4 Worker 121816959
13 13 4 Worker 518699503
14 14 4 Worker 695380367
15 15 4 Worker 683803102
16 16 4 Worker 71468265
17 17 4 Worker 925441331
18 18 4 Worker 57919771
19 19 4 Worker 645181866
20 20 4 Worker 957045727
21 21 4 Worker 755876966
22 22 4 Worker 517852287
23 23 4 Worker 734871844
24 24 4 Worker 252005097
25 25 4 Worker 584052889
26 26 4 Worker 137076042
27 27 4 Worker 501438825
28 28 4 Worker 97258574
29 29 4 Worker 469772605
30 30 4 Worker 17282632
31 31 4 Worker 674858507
32 32 4 Worker 513615589
33 33 4 Worker 11217859
34 34 4 Worker 554800181
35 35 4 Worker 774220285
36 36 4 Worker 304806906
37 37 4 Worker 646802280
38 38 4 Worker 720291855
39 39 4 Worker 42911175
40 40 4 Worker 170431781
41 41 4 Worker 512628445
42 42 4 Worker 989939638
43 43 4 Worker 776236438
44 44 4 Worker 219444414
45 45 4 Worker 685472284
46 46 4 Worker 65829597
47 47 4 Worker 734713067
48 48 4 Worker 925457640
49 49 4 Worker 447102080
50 50 4 Worker 871332611
51 51 4 Worker 349258367
52 52 4 Worker 640579218
53 53 4 Worker 191484522
54 54 4 Worker 53246718
55 55 4 Worker 3780077
56 56 4 Worker 714321395
57 57 4 Worker 11163987
58 58 4 Worker 408059345
59 59 4 Worker 364192457
60 60 4 Worker 118775559
61 61 4 Worker 374048106
62 62 4 Worker 344701416
63 63 4 Worker 479400876
64 64 4 Worker 389181724
65 65 4 Worker 692293161
66 66 4 Worker 776654219
67 67 4 Worker 709637138
68 68 4 Worker 822495245
69 69 4 Worker 817615089
70 70 4 Worker 144271220
71 71 4 Worker 93548507
72 72 4 Worker 35515185
73 73 4 Worker 156358928
74 74 4 Worker 746508902
75 75 4 Worker 390357576
76 76 4 Worker 898807731
77 77 4 Worker 492151741
78 78 4 Worker 712108933
79 79 4 Worker 366782335
80 80 4 Worker 632283142
81 81 4 Worker 645080614
82 82 4 Worker 813722620
83 83 4 Worker 946287575
84 84 4 Worker 364543243
85 85 4 Worker 413242307
86 86 4 Worker 446771585
87 87 4 Worker 683717176
88 88 4 Worker 897407530
89 89 4 Worker 438060334
90 90 4 Worker 375370715
91 91 4 Worker 482518816
92 92 4 Worker 212193334
93 93 4 Worker 566598243
94 94 4 Worker 65610387
95 95 4 Worker 374124896
96 96 4 Worker 795793831
97 97 4 Worker 986108592
98 98 4 Worker 829954446
99 99 4 Worker 746118071
100 100 4 Worker 949555646
101 101 4 Worker 361428789
102 102 4 Worker 651696800
103 103 4 Worker 931115166
104 104 4 Worker 235149837
105 105 4 Worker 678609932
106 106 4 Worker 436813370
107 107 4 Worker 26783644
108 108 4 Worker 403876615
109 109 4 Worker 291754587
110 110 4 Worker 838249363
111 111 4 Worker 281011103
112 112 4 Worker 904545962
113 113 4 Worker 535851268
114 114 4 Worker 110233500
115 115 4 Worker 712624037
116 116 4 Worker 39231607
117 117 4 Worker 48160336
118 118 4 Worker 867986694
119 119 4 Worker 111910309
120 120 4 Worker 740735656
121 121 4 Worker 422081232
122 122 4 Worker 649039464
123 123 4 Worker 238902013
124 124 4 Worker 904636003
125 125 4 Worker 708122187
126 126 4 Worker 259617844
127 127 4 Worker 219389387
128 128 4 Worker 956929626
129 129 4 Worker 658685986
130 130 4 Worker 95786257
131 131 4 Worker 422604354
132 132 4 Worker 394599257
133 133 4 Worker 764562709
134 134 4 Worker 387624663
135 135 4 Worker 624636787
136 136 4 Worker 323012019
137 137 4 Worker 158779397
138 138 4 Worker 140001990
139 139 4 Worker 472171602
140 140 4 Worker 348289406
141 141 4 Worker 216746428
142 142 4 Worker 991459627
143 143 4 Worker 652751623
144 144 4 Worker 8529855
145 145 4 Worker 800578835
146 146 4 Worker 415315218
147 147 4 Worker 895630470
148 148 4 Worker 794119465
149 149 4 Worker 133699988
150 150 4 Worker 470029021
151 151 4 Worker 923679228
152 152 4 Worker 647156362
153 153 4 Worker 510617103
154 154 4 Worker 960183124
155 155 4 Worker 962751541
156 156 4 Worker 39848607
157 157 4 Worker 98619605
158 158 4 Worker 518551350
159 159 4 Worker 599204288
160 160 4 Worker 650656663
161 161 4 Worker 322474483
162 162 4 Worker 788864433
163 163 4 Worker 198008607
164 164 4 Worker 134550838
165 165 4 Worker 983375284
166 166 4 Worker 970954065
167 167 4 Worker 963155761
168 168 4 Worker 31097361
169 169 4 Worker 788850755
170 170 4 Worker 226605281
171 171 4 Worker 987911440
172 172 4 Worker 130353055
173 173 4 Worker 171214343
174 174 4 Worker 470815228
175 175 4 Worker 225084530
176 176 4 Worker 653160440
177 177 4 Worker 135128575
178 178 4 Worker 203219392
179 179 4 Worker 996977924
180 180 4 Worker 396945163
181 181 4 Worker 754960851
182 182 4 Worker 978836504
183 183 4 Worker 743497865
184 184 4 Worker 61744193
185 185 4 Worker 333053782
186 186 4 Worker 98653203
187 187 4 Worker 67359622
188 188 4 Worker 190082770
189 189 4 Worker 219726700
190 190 4 Worker 401975724
191 191 4 Worker 125765025
192 192 4 Worker 618182674
193 193 4 Worker 536450673
194 194 4 Worker 587606925
195 195 4 Worker 601084368
196 196 4 Worker 267925624
197 197 4 Worker 261660254
198 198 4 Worker 118313342
199 199 4 Worker 809045252
200 200 4 Worker 427081384
201 201 4 Worker 782558671
202 202 4 Worker 601710067
203 203 4 Worker 319569954
204 204 4 Worker 817329976
205 205 4 Worker 999635782
206 206 4 Worker 914132483
207 207 4 Worker 999723666
208 208 4 Worker 946742464
209 209 4 Worker 442337022
210 210 4 Worker 284906007
211 211 4 Worker 165473786
212 212 4 Worker 679387901
213 213 4 Worker 818169661
214 214 4 Worker 381755142
215 215 4 Worker 203679249
216 216 4 Worker 923708253
217 217 4 Worker 520989716
218 218 4 Worker 6454143
219 219 4 Worker 698514182
220 220 4 Worker 211602967
221 221 4 Worker 638785125
222 222 4 Worker 205325369
223 223 4 Worker 439884747
224 224 4 Worker 479866886
225 225 4 Worker 977183779
226 226 4 Worker 270539244
227 227 4 Worker 275157934
228 228 4 Worker 160192681
229 229 4 Worker 185373348
230 230 4 Worker 287836554
231 231 4 Worker 593174960
232 232 4 Worker 962004871
233 233 4 Worker 423340558
234 234 4 Worker 688772574
235 235 4 Worker 535440994
236 236 4 Worker 267149450
237 237 4 Worker 313546084
238 238 4 Worker 848765393
239 239 4 Worker 832291583
240 240 4 Worker 211562482
241 241 4 Worker 552524307
242 242 4 Worker 18104066
243 243 4 Worker 192514016
244 244 4 Worker 66205596
245 245 4 Worker 656827686
246 246 4 Worker 366370138
247 247 4 Worker 789403149
248 248 4 Worker 442978606
249 249 4 Worker 720626278
250 250 4 Worker 371857216
251 251 4 Worker 223600581
252 252 4 Worker 91674347
253 253 4 Worker 444964609
254 254 4 Worker 950576013
255 255 4 Worker 823177468
