0 0 -1 Splicer 15523886
1 1 0 Worker 696569396
2 2 -1 PersistentDB 895350367
3 3 -1 InMemoryDB 46070249
4 4 -1 WorkManager 943859183
5 5 4 Worker 871781747
6 6 4 Worker 997181466
7 7 4 Worker 581354937
8 8 4 Worker 269154371
9 9 4 Worker 3017275
10 10 4 Worker 671131755
11 11 4 Worker 291540781
12 12 4 Worker 918999922
13 13 4 Worker 766188785
14 14 4 Worker 191786240
15 15 4 Worker 568452219
16 16 4 Worker 41166971
17 17 4 Worker 744305052
18 18 4 Worker 373506236
19 19 4 Worker 433328920
20 20 4 Worker 993865882
21 21 4 Worker 25633181
22 22 4 Worker 372502049
23 23 4 Worker 582396861
24 24 4 Worker 683675863
25 25 4 Worker 473408458
26 26 4 Worker 410353421
27 27 4 Worker 940295677
28 28 4 Worker 852667408
29 29 4 Worker 105932676
30 30 4 Worker 500532723
31 31 4 Worker 288904298
32 32 4 Worker 179621279
33 33 4 Worker 230608978
34 34 4 Worker 276041813
35 35 4 Worker 994096204
36 36 4 Worker 754533286
37 37 4 Worker 372920849
38 38 4 Worker 911224047
39 39 4 Worker 979684913
40 40 4 Worker 144620068
41 41 4 Worker 476910485
42 42 4 Worker 297567809
43 43 4 Worker 189315067
44 44 4 Worker 797811694
45 45 4 Worker 860528107
46 46 4 Worker 588762183
47 47 4 Worker 452066225
48 48 4 Worker 640260699
49 49 4 Worker 611077838
50 50 4 Worker 669286742
51 51 4 Worker 952027980
52 52 4 Worker 714225472
53 53 4 Worker 873484811
54 54 4 Worker 504499729
55 55 4 Worker 372438408
56 56 4 Worker 101241505
57 57 4 Worker 768485167
58 58 4 Worker 449137458
59 59 4 Worker 557188008
60 60 4 Worker 59958662
61 61 4 Worker 180582686
62 62 4 Worker 79475154
63 63 4 Worker 842217645
64 64 4 Worker 509592475
65 65 4 Worker 6069117
66 66 4 Worker 231439457
67 67 4 Worker 579883117
68 68 4 Worker 887793064
69 69 4 Worker 795342387
70 70 4 Worker 740665224
71 71 4 Worker 953810377
72 72 4 Worker 806491742
73 73 4 Worker 567597831
74 74 4 Worker 369369104
75 75 4 Worker 86887009
76 76 4 Worker 130760642
77 77 4 Worker 971279740
78 78 4 Worker 403251049
79 79 4 Worker 954293960
80 80 4 Worker 883448486
81 81 4 Worker 191552674
82 82 4 Worker 398619997
83 83 4 Worker 488437355
84 84 4 Worker 303435332
85 85 4 Worker 504931073
86 86 4 Worker 427501385
87 87 4 Worker 729044295
88 88 4 Worker 931678774
89 89 4 Worker 117567639
90 90 4 Worker 215522655
91 91 4 Worker 73370825
92 92 4 Worker 653438218
93 93 4 Worker 847857438
94 94 4 Worker 893364408
95 95 4 Worker 248463902
96 96 4 Worker 490717937
97 97 4 Worker 830830193
98 98 4 Worker 426384410
99 99 4 Worker 173272947
100 100 4 Worker 622372329
101 101 4 Worker 760043067
102 102 4 Worker 717189321
103 103 4 Worker 968249183
104 104 4 Worker 520878011
105 105 4 Worker 277194897
106 106 4 Worker 381800318
107 107 4 Worker 683951999
108 108 4 Worker 202096721
109 109 4 Worker 953904087
110 110 4 Worker 932465552
111 111 4 Worker 654080939
112 112 4 Worker 685709013
113 113 4 Worker 456770634
114 114 4 Worker 96801329
115 115 4 Worker 269224725
116 116 4 Worker 991507504
117 117 4 Worker 304738413
118 118 4 Worker 795021513
119 119 4 Worker 17753095
120 120 4 Worker 253584140
121 121 4 Worker 82445013
122 122 4 Worker 250106116
123 123 4 Worker 959915362
124 124 4 Worker 19731440
125 125 4 Worker 544889159
126 126 4 Worker 450667840
127 127 4 Worker 866472230
128 128 4 Worker 900640622
129 129 4 Worker 141581362
130 130 4 Worker 768435916
131 131 4 Worker 225795517
132 132 4 Worker 928630361
133 133 4 Worker 943377729
134 134 4 Worker 397997435
135 135 4 Worker 358588069
136 136 4 Worker 101530447
137 137 4 Worker 832074507
138 138 4 Worker 815310582
139 139 4 Worker 894192072
140 140 4 Worker 958197958
141 141 4 Worker 496525655
142 142 4 Worker 385266163
143 143 4 Worker 412902128
144 144 4 Worker 424274631
145 145 4 Worker 164809683
146 146 4 Worker 599033428
147 147 4 Worker 842450685
148 148 4 Worker 280356792
149 149 4 Worker 449738261
150 150 4 Worker 149878608
151 151 4 Worker 512098667
152 152 4 Worker 102185007
153 153 4 Worker 170984294
154 154 4 Worker 959238958
155 155 4 Worker 674531542
156 156 4 Worker 157022111
157 157 4 Worker 396382613
158 158 4 Worker 473471413
159 159 4 Worker 666659846
160 160 4 Worker 312930694
161 161 4 Worker 453593701
162 162 4 Worker 216582695
163 163 4 Worker 608493447
164 164 4 Worker 370336859
165 165 4 Worker 227144910
166 166 4 Worker 534509086
167 167 4 Worker 404544081
168 168 4 Worker 213262027
169 169 4 Worker 594204567
170 170 4 Worker 299102478
171 171 4 Worker 79994407
172 172 4 Worker 393495110
173 173 4 Worker 946739621
174 174 4 Worker 735158287
175 175 4 Worker 705816549
176 176 4 Worker 930650837
177 177 4 Worker 433808382
178 178 4 Worker 148178122
179 179 4 Worker 627078998
180 180 4 Worker 628799478
181 181 4 Worker 943208067
182 182 4 Worker 672055556
183 183 4 Worker 84171014
184 184 4 Worker 80687945
185 185 4 Worker 848184586
186 186 4 Worker 86686028
187 187 4 Worker 534332509
188 188 4 Worker 811800933
189 189 4 Worker 129378989
190 190 4 Worker 83309344
191 191 4 Worker 868858775
192 192 4 Worker 810655124
193 193 4 Worker 124500673
194 194 4 Worker 588452501
195 195 4 Worker 505987829
196 196 4 Worker 667151507
197 197 4 Worker 346428077
198 198 4 Worker 305499748
199 199 4 Worker 533584304
200 200 4 Worker 408560398
201 201 4 Worker 64778419
202 202 4 Worker 938726032
203 203 4 Worker 370740429
204 204 4 Worker 776708798
205 205 4 Worker 959525593
206 206 4 Worker 572486176
207 207 4 Worker 786616051
208 208 4 Worker 708700218
209 209 4 Worker 556499101
210 210 4 Worker 184328556
211 211 4 Worker 673953673
212 212 4 Worker 846949179
213 213 4 Worker 430980387
214 214 4 Worker 789882206
215 215 4 Worker 160692741
216 216 4 Worker 150917598
217 217 4 Worker 76439638
218 218 4 Worker 888433167
219 219 4 Worker 697696316
220 220 4 Worker 991472973
221 221 4 Worker 239236195
222 222 4 Worker 136842835
223 223 4 Worker 655250439
224 224 4 Worker 552012170
225 225 4 Worker 217173423
226 226 4 Worker 185751115
227 227 4 Worker 361161126
228 228 4 Worker 32043038
229 229 4 Worker 106181032
230 230 4 Worker 416421468
231 231 4 Worker 804104167
232 232 4 Worker 741418826
233 233 4 Worker 507593885
234 234 4 Worker 226034622
235 235 4 Worker 380556514
236 236 4 Worker 348822425
237 237 4 Worker 147003644
238 238 4 Worker 210722633
239 239 4 Worker 967832561
240 240 4 Worker 984090747
241 241 4 Worker 801597321
242 242 4 Worker 641762231
243 243 4 Worker 551750027
244 244 4 Worker 815609461
245 245 4 Worker 516299191
246 246 4 Worker 618631145
247 247 4 Worker 312955851
248 248 4 Worker 26380165
249 249 4 Worker 325461635
250 250 4 Worker 548412720
251 251 4 Worker 873424670
252 252 4 Worker 512062216
253 253 4 Worker 629030468
254 254 4 Worker 460734378
255 255 4 Worker 182728467
