0 0 -1 Splicer 714617686
1 1 0 Worker 69400661
2 2 -1 PersistentDB 55715887
3 3 -1 InMemoryDB 419512418
4 4 -1 WorkManager 99133357
5 5 4 Worker 868127795
6 6 4 Worker 485734279
7 7 4 Worker 490861888
8 8 4 Worker 329592095
9 9 4 Worker 549518500
10 10 4 Worker 976748126
11 11 4 Worker 817800249
12 12 4 Worker 478152038
13 13 4 Worker 84412749
14 14 4 Worker 551012035
15 15 4 Worker 269226584
16 16 4 Worker 943520023
17 17 4 Worker 478535949
18 18 4 Worker 888385336
19 19 4 Worker 205405168
20 20 4 Worker 92341622
21 21 4 Worker 599766570
22 22 4 Worker 651192932
23 23 4 Worker 67495201
24 24 4 Worker 757086590
25 25 4 Worker 631406650
26 26 4 Worker 208147521
27 27 4 Worker 707366041
28 28 4 Worker 40573488
29 29 4 Worker 375288678
30 30 4 Worker 525134400
31 31 4 Worker 753052397
