0 0 -1 Splicer 427617298
1 1 0 Worker 651887616
2 2 -1 PersistentDB 844899837
3 3 -1 InMemoryDB 878078335
4 4 -1 WorkManager 168380429
5 5 4 Worker 4590063
6 6 4 Worker 366113517
7 7 4 Worker 99689982
8 8 4 Worker 721529925
9 9 4 Worker 31956226
10 10 4 Worker 511702675
11 11 4 Worker 600136728
12 12 4 Worker 202932531
13 13 4 Worker 319169486
14 14 4 Worker 505113696
15 15 4 Worker 773993996
16 16 4 Worker 6757576
17 17 4 Worker 801732451
18 18 4 Worker 314166689
19 19 4 Worker 285153074
20 20 4 Worker 382084013
21 21 4 Worker 860186564
22 22 4 Worker 191632931
23 23 4 Worker 116456731
24 24 4 Worker 839703899
25 25 4 Worker 800968620
26 26 4 Worker 321771259
27 27 4 Worker 482054221
28 28 4 Worker 959899215
29 29 4 Worker 873097788
30 30 4 Worker 312580457
31 31 4 Worker 64325713
