0 0 -1 Splicer 686635171
1 1 0 Worker 537366527
2 2 -1 PersistentDB 749281335
3 3 -1 InMemoryDB 922793240
4 4 -1 WorkManager 579205292
5 5 4 Worker 172173414
6 6 4 Worker 159872480
7 7 4 Worker 549023097
8 8 4 Worker 439953530
9 9 4 Worker 348965467
10 10 4 Worker 671679169
11 11 4 Worker 616804919
12 12 4 Worker 103302712
13 13 4 Worker 209896103
14 14 4 Worker 187367239
15 15 4 Worker 348468528
16 16 4 Worker 532011858
17 17 4 Worker 17372463
18 18 4 Worker 549856009
19 19 4 Worker 535171575
20 20 4 Worker 805328993
21 21 4 Worker 690853450
22 22 4 Worker 374852099
23 23 4 Worker 716961045
24 24 4 Worker 616653
25 25 4 Worker 217792300
26 26 4 Worker 457443597
27 27 4 Worker 37861420
28 28 4 Worker 216086311
29 29 4 Worker 155330924
30 30 4 Worker 899306934
31 31 4 Worker 567079830
32 32 4 Worker 3528419
33 33 4 Worker 371195269
34 34 4 Worker 787989275
35 35 4 Worker 803188548
36 36 4 Worker 985079323
37 37 4 Worker 108594579
38 38 4 Worker 828487505
39 39 4 Worker 316979325
40 40 4 Worker 884380815
41 41 4 Worker 350272601
42 42 4 Worker 182351448
43 43 4 Worker 66888713
44 44 4 Worker 118017422
45 45 4 Worker 814135815
46 46 4 Worker 873210121
47 47 4 Worker 387138715
48 48 4 Worker 877166771
49 49 4 Worker 612245722
50 50 4 Worker 783286265
51 51 4 Worker 924296671
52 52 4 Worker 443571012
53 53 4 Worker 393228504
54 54 4 Worker 608585660
55 55 4 Worker 46883602
56 56 4 Worker 451859827
57 57 4 Worker 4817721
58 58 4 Worker 613193046
59 59 4 Worker 655965331
60 60 4 Worker 695923320
61 61 4 Worker 41800391
62 62 4 Worker 731334908
63 63 4 Worker 20944804
64 64 4 Worker 388744775
65 65 4 Worker 230257810
66 66 4 Worker 90688029
67 67 4 Worker 425257454
68 68 4 Worker 841656004
69 69 4 Worker 122166652
70 70 4 Worker 938519260
71 71 4 Worker 559268893
72 72 4 Worker 529541925
73 73 4 Worker 544287231
74 74 4 Worker 351372553
75 75 4 Worker 236567267
76 76 4 Worker 629222634
77 77 4 Worker 911951992
78 78 4 Worker 339948129
79 79 4 Worker 828374611
80 80 4 Worker 753861020
81 81 4 Worker 530930623
82 82 4 Worker 30867301
83 83 4 Worker 979184183
84 84 4 Worker 725902985
85 85 4 Worker 768293028
86 86 4 Worker 656189860
87 87 4 Worker 743440680
88 88 4 Worker 585062311
89 89 4 Worker 836004585
90 90 4 Worker 566635313
91 91 4 Worker 511615053
92 92 4 Worker 354569054
93 93 4 Worker 465365186
94 94 4 Worker 129762882
95 95 4 Worker 539227883
96 96 4 Worker 374576881
97 97 4 Worker 653615179
98 98 4 Worker 263407727
99 99 4 Worker 556880450
100 100 4 Worker 512495487
101 101 4 Worker 591643455
102 102 4 Worker 545071811
103 103 4 Worker 164241934
104 104 4 Worker 122798919
105 105 4 Worker 527725609
106 106 4 Worker 132579257
107 107 4 Worker 649020820
108 108 4 Worker 520429479
109 109 4 Worker 384405286
110 110 4 Worker 198432375
111 111 4 Worker 451332521
112 112 4 Worker 911949931
113 113 4 Worker 842683226
114 114 4 Worker 930870143
115 115 4 Worker 959089902
116 116 4 Worker 994348573
117 117 4 Worker 883041144
118 118 4 Worker 126516028
119 119 4 Worker 336599347
120 120 4 Worker 536574500
121 121 4 Worker 54147618
122 122 4 Worker 970362996
123 123 4 Worker 664267448
124 124 4 Worker 803026837
125 125 4 Worker 467105157
126 126 4 Worker 375961479
127 127 4 Worker 901637421
128 128 4 Worker 8767024
129 129 4 Worker 977862690
130 130 4 Worker 850133034
131 131 4 Worker 837429269
132 132 4 Worker 76556712
133 133 4 Worker 352614125
134 134 4 Worker 389142055
135 135 4 Worker 474324054
136 136 4 Worker 462415530
137 137 4 Worker 519057300
138 138 4 Worker 773878930
139 139 4 Worker 831116505
140 140 4 Worker 3353594
141 141 4 Worker 845416709
142 142 4 Worker 318381290
143 143 4 Worker 384620875
144 144 4 Worker 571544052
145 145 4 Worker 791337303
146 146 4 Worker 301270496
147 147 4 Worker 242392767
148 148 4 Worker 979618567
149 149 4 Worker 617783474
150 150 4 Worker 860133343
151 151 4 Worker 980735429
152 152 4 Worker 218934379
153 153 4 Worker 437267130
154 154 4 Worker 500122180
155 155 4 Worker 777853025
156 156 4 Worker 886977271
157 157 4 Worker 259418302
158 158 4 Worker 775740036
159 159 4 Worker 840502923
160 160 4 Worker 1825201
161 161 4 Worker 927622400
162 162 4 Worker 856952199
163 163 4 Worker 985304000
164 164 4 Worker 432958586
165 165 4 Worker 108477045
166 166 4 Worker 875544050
167 167 4 Worker 203022269
168 168 4 Worker 524894194
169 169 4 Worker 818971948
170 170 4 Worker 914041166
171 171 4 Worker 827518125
172 172 4 Worker 696992989
173 173 4 Worker 98442867
174 174 4 Worker 720797769
175 175 4 Worker 950356768
176 176 4 Worker 30543796
177 177 4 Worker 715784345
178 178 4 Worker 163640052
179 179 4 Worker 621761731
180 180 4 Worker 325187571
181 181 4 Worker 924991534
182 182 4 Worker 81292837
183 183 4 Worker 651317077
184 184 4 Worker 127196337
185 185 4 Worker 39107258
186 186 4 Worker 730017584
187 187 4 Worker 840004858
188 188 4 Worker 931684667
189 189 4 Worker 128207870
190 190 4 Worker 39818765
191 191 4 Worker 143344277
192 192 4 Worker 436611644
193 193 4 Worker 207416071
194 194 4 Worker 136329618
195 195 4 Worker 241219171
196 196 4 Worker 964088935
197 197 4 Worker 204432324
198 198 4 Worker 242920899
199 199 4 Worker 634591201
200 200 4 Worker 114347437
201 201 4 Worker 139238112
202 202 4 Worker 665715490
203 203 4 Worker 368213490
204 204 4 Worker 642218920
205 205 4 Worker 582237841
206 206 4 Worker 195947010
207 207 4 Worker 304836444
208 208 4 Worker 275098481
209 209 4 Worker 888124665
210 210 4 Worker 442200886
211 211 4 Worker 47207534
212 212 4 Worker 53581769
213 213 4 Worker 960694405
214 214 4 Worker 126205053
215 215 4 Worker 92537560
216 216 4 Worker 79093549
217 217 4 Worker 118239164
218 218 4 Worker 425717890
219 219 4 Worker 548533055
220 220 4 Worker 948759013
221 221 4 Worker 402247905
222 222 4 Worker 263186745
223 223 4 Worker 662234126
224 224 4 Worker 406741332
225 225 4 Worker 497808534
226 226 4 Worker 285495115
227 227 4 Worker 649880988
228 228 4 Worker 949413932
229 229 4 Worker 664643122
230 230 4 Worker 515951942
231 231 4 Worker 906081322
232 232 4 Worker 984300751
233 233 4 Worker 842661237
234 234 4 Worker 744658249
235 235 4 Worker 783612371
236 236 4 Worker 774079384
237 237 4 Worker 388037818
238 238 4 Worker 658644050
239 239 4 Worker 679248915
240 240 4 Worker 547111164
241 241 4 Worker 678311152
242 242 4 Worker 346035913
243 243 4 Worker 204671936
244 244 4 Worker 88323167
245 245 4 Worker 134647064
246 246 4 Worker 367833528
247 247 4 Worker 18409492
248 248 4 Worker 271007852
249 249 4 Worker 469995864
250 250 4 Worker 241685117
251 251 4 Worker 4881056
252 252 4 Worker 388853011
253 253 4 Worker 210408562
254 254 4 Worker 31001850
255 255 4 Worker 562996578
