0 0 -1 Splicer 164047204
1 1 0 Worker 192730667
2 2 -1 PersistentDB 848684035
3 3 -1 InMemoryDB 127107866
4 4 -1 WorkManager 933700471
5 5 4 Worker 323934897
6 6 4 Worker 820345585
7 7 4 Worker 21475096
8 8 4 Worker 760354399
9 9 4 Worker 99295019
10 10 4 Worker 906287420
11 11 4 Worker 599626617
12 12 4 Worker 467052109
13 13 4 Worker 923015164
14 14 4 Worker 483979854
15 15 4 Worker 815206276
16 16 4 Worker 255453662
17 17 4 Worker 904788456
18 18 4 Worker 954143431
19 19 4 Worker 217658291
20 20 4 Worker 658595489
21 21 4 Worker 947503165
22 22 4 Worker 766148929
23 23 4 Worker 352482129
24 24 4 Worker 509730461
25 25 4 Worker 890794344
26 26 4 Worker 967045288
27 27 4 Worker 391095949
28 28 4 Worker 481310842
29 29 4 Worker 952599308
30 30 4 Worker 482848603
31 31 4 Worker 172273349
32 32 4 Worker 942299106
33 33 4 Worker 20355787
34 34 4 Worker 689684005
35 35 4 Worker 376339181
36 36 4 Worker 420406571
37 37 4 Worker 928803690
38 38 4 Worker 497703386
39 39 4 Worker 313584005
40 40 4 Worker 468197533
41 41 4 Worker 612285342
42 42 4 Worker 85611433
43 43 4 Worker 446470037
44 44 4 Worker 784387941
45 45 4 Worker 829687068
46 46 4 Worker 466935745
47 47 4 Worker 552154427
48 48 4 Worker 734951132
49 49 4 Worker 250207317
50 50 4 Worker 341940343
51 51 4 Worker 117777489
52 52 4 Worker 394309683
53 53 4 Worker 492742978
54 54 4 Worker 116418180
55 55 4 Worker 661993884
56 56 4 Worker 149670079
57 57 4 Worker 196256715
58 58 4 Worker 869768643
59 59 4 Worker 209510793
60 60 4 Worker 705824974
61 61 4 Worker 481756283
62 62 4 Worker 658065902
63 63 4 Worker 125364948
64 64 4 Worker 69204503
65 65 4 Worker 458940587
66 66 4 Worker 325883859
67 67 4 Worker 913134688
68 68 4 Worker 87208602
69 69 4 Worker 891004568
70 70 4 Worker 295737744
71 71 4 Worker 305230287
72 72 4 Worker 395941920
73 73 4 Worker 185961782
74 74 4 Worker 158833207
75 75 4 Worker 652625060
76 76 4 Worker 495841456
77 77 4 Worker 749695592
78 78 4 Worker 406113031
79 79 4 Worker 911451795
80 80 4 Worker 106868069
81 81 4 Worker 896542222
82 82 4 Worker 891219808
83 83 4 Worker 820808445
84 84 4 Worker 514906825
85 85 4 Worker 696671693
86 86 4 Worker 3247467
87 87 4 Worker 159839421
88 88 4 Worker 744606435
89 89 4 Worker 977089870
90 90 4 Worker 239570793
91 91 4 Worker 283736279
92 92 4 Worker 764973569
93 93 4 Worker 559558427
94 94 4 Worker 73370320
95 95 4 Worker 489311392
96 96 4 Worker 650505305
97 97 4 Worker 708659780
98 98 4 Worker 11678667
99 99 4 Worker 505093563
100 100 4 Worker 100805236
101 101 4 Worker 216826059
102 102 4 Worker 585176051
103 103 4 Worker 314857947
104 104 4 Worker 617547893
105 105 4 Worker 696060541
106 106 4 Worker 588716541
107 107 4 Worker 573893885
108 108 4 Worker 385524735
109 109 4 Worker 313879336
110 110 4 Worker 244091006
111 111 4 Worker 134754828
112 112 4 Worker 593850532
113 113 4 Worker 306924209
114 114 4 Worker 180357279
115 115 4 Worker 825213762
116 116 4 Worker 393376609
117 117 4 Worker 960950527
118 118 4 Worker 926350579
119 119 4 Worker 466719034
120 120 4 Worker 952442441
121 121 4 Worker 124897777
122 122 4 Worker 741011710
123 123 4 Worker 282668203
124 124 4 Worker 740148684
125 125 4 Worker 716912625
126 126 4 Worker 305852389
127 127 4 Worker 805175757
128 128 4 Worker 854411764
129 129 4 Worker 969185735
130 130 4 Worker 225562403
131 131 4 Worker 818654779
132 132 4 Worker 822380007
133 133 4 Worker 989190399
134 134 4 Worker 452599817
135 135 4 Worker 865268145
136 136 4 Worker 132452749
137 137 4 Worker 975092497
138 138 4 Worker 742282971
139 139 4 Worker 325141840
140 140 4 Worker 565622004
141 141 4 Worker 424305244
142 142 4 Worker 948718115
143 143 4 Worker 903160355
144 144 4 Worker 704184734
145 145 4 Worker 748095132
146 146 4 Worker 938681713
147 147 4 Worker 544070947
148 148 4 Worker 260300599
149 149 4 Worker 855373938
150 150 4 Worker 756218909
151 151 4 Worker 339764124
152 152 4 Worker 801677939
153 153 4 Worker 379695310
154 154 4 Worker 887126097
155 155 4 Worker 394682653
156 156 4 Worker 890759258
157 157 4 Worker 723989976
158 158 4 Worker 311900987
159 159 4 Worker 948552480
160 160 4 Worker 454614244
161 161 4 Worker 559597859
162 162 4 Worker 801768929
163 163 4 Worker 415600659
164 164 4 Worker 942394798
165 165 4 Worker 392470435
166 166 4 Worker 968408483
167 167 4 Worker 542795132
168 168 4 Worker 971123878
169 169 4 Worker 363857626
170 170 4 Worker 785823755
171 171 4 Worker 879596887
172 172 4 Worker 760147707
173 173 4 Worker 142473488
174 174 4 Worker 678588717
175 175 4 Worker 185356044
176 176 4 Worker 117123565
177 177 4 Worker 862042977
178 178 4 Worker 485145475
179 179 4 Worker 411646501
180 180 4 Worker 909554730
181 181 4 Worker 87032342
182 182 4 Worker 837999144
183 183 4 Worker 60769540
184 184 4 Worker 306780962
185 185 4 Worker 141427649
186 186 4 Worker 770669583
187 187 4 Worker 455200554
188 188 4 Worker 722869531
189 189 4 Worker 625956382
190 190 4 Worker 324446142
191 191 4 Worker 857008706
192 192 4 Worker 177278613
193 193 4 Worker 60337139
194 194 4 Worker 195158910
195 195 4 Worker 29118427
196 196 4 Worker 782066037
197 197 4 Worker 832902385
198 198 4 Worker 739141007
199 199 4 Worker 330537893
200 200 4 Worker 800993233
201 201 4 Worker 196348337
202 202 4 Worker 747242741
203 203 4 Worker 61417055
204 204 4 Worker 93136961
205 205 4 Worker 278614700
206 206 4 Worker 568811103
207 207 4 Worker 848485926
208 208 4 Worker 826007172
209 209 4 Worker 868427741
210 210 4 Worker 256337782
211 211 4 Worker 721961231
212 212 4 Worker 67155181
213 213 4 Worker 785685220
214 214 4 Worker 492980913
215 215 4 Worker 565303602
216 216 4 Worker 811023957
217 217 4 Worker 845734772
218 218 4 Worker 858563961
219 219 4 Worker 157676069
220 220 4 Worker 420302644
221 221 4 Worker 844079993
222 222 4 Worker 799654528
223 223 4 Worker 485389285
224 224 4 Worker 662677558
225 225 4 Worker 705563416
226 226 4 Worker 643904146
227 227 4 Worker 249188993
228 228 4 Worker 840146805
229 229 4 Worker 383516308
230 230 4 Worker 356436005
231 231 4 Worker 214286658
232 232 4 Worker 766419872
233 233 4 Worker 520076685
234 234 4 Worker 877790324
235 235 4 Worker 546983965
236 236 4 Worker 993797656
237 237 4 Worker 361941825
238 238 4 Worker 678458785
239 239 4 Worker 219227535
240 240 4 Worker 617172808
241 241 4 Worker 981087292
242 242 4 Worker 386628913
243 243 4 Worker 900216869
244 244 4 Worker 40938187
245 245 4 Worker 232634039
246 246 4 Worker 62291005
247 247 4 Worker 871325299
248 248 4 Worker 891198727
249 249 4 Worker 513494514
250 250 4 Worker 441695271
251 251 4 Worker 491574848
252 252 4 Worker 753082487
253 253 4 Worker 633496073
254 254 4 Worker 927700093
255 255 4 Worker 569972796
