0 0 -1 Splicer 340224800
1 1 0 Worker 767899596
2 2 -1 PersistentDB 123779262
3 3 -1 InMemoryDB 57667494
4 4 -1 WorkManager 880954625
5 5 4 Worker 226123835
6 6 4 Worker 771745364
7 7 4 Worker 463115195
8 8 4 Worker 684672412
9 9 4 Worker 165084814
10 10 4 Worker 237628946
11 11 4 Worker 843503566
12 12 4 Worker 70364198
13 13 4 Worker 983319067
14 14 4 Worker 541911266
15 15 4 Worker 244585113
16 16 4 Worker 322392115
17 17 4 Worker 459554400
18 18 4 Worker 729772990
19 19 4 Worker 323450948
20 20 4 Worker 222404942
21 21 4 Worker 206252047
22 22 4 Worker 320005367
23 23 4 Worker 303908261
24 24 4 Worker 193093380
25 25 4 Worker 175263777
26 26 4 Worker 938097232
27 27 4 Worker 171861932
28 28 4 Worker 714991101
29 29 4 Worker 146545135
30 30 4 Worker 95443012
31 31 4 Worker 988195201
