0 0 -1 Splicer 325997031
1 1 0 Worker 528984234
2 2 -1 PersistentDB 965815912
3 3 -1 InMemoryDB 666381021
4 4 -1 WorkManager 896691706
5 5 4 Worker 770332944
6 6 4 Worker 133544830
7 7 4 Worker 998098152
8 8 4 Worker 108225828
9 9 4 Worker 9574106
10 10 4 Worker 360388184
11 11 4 Worker 922797342
12 12 4 Worker 850188747
13 13 4 Worker 820209544
14 14 4 Worker 79230341
15 15 4 Worker 175582590
16 16 4 Worker 982782574
17 17 4 Worker 349493110
18 18 4 Worker 160340297
19 19 4 Worker 459506594
20 20 4 Worker 380776012
21 21 4 Worker 956344771
22 22 4 Worker 696516775
23 23 4 Worker 222315502
24 24 4 Worker 92452460
25 25 4 Worker 266960833
26 26 4 Worker 147318930
27 27 4 Worker 307174354
28 28 4 Worker 265409966
29 29 4 Worker 336612021
30 30 4 Worker 487285525
31 31 4 Worker 371862504
