0 0 -1 Splicer 406891794
1 1 0 Worker 24766786
2 2 -1 PersistentDB 422509329
3 3 -1 InMemoryDB 424329554
4 4 -1 WorkManager 694595535
5 5 4 Worker 589004339
6 6 4 Worker 827178780
7 7 4 Worker 903930348
8 8 4 Worker 485405248
9 9 4 Worker 347058267
10 10 4 Worker 546054026
11 11 4 Worker 519906119
12 12 4 Worker 288612507
13 13 4 Worker 226284364
14 14 4 Worker 368365401
15 15 4 Worker 279751323
16 16 4 Worker 46965912
17 17 4 Worker 33315757
18 18 4 Worker 599145547
19 19 4 Worker 134932482
20 20 4 Worker 125369760
21 21 4 Worker 589596804
22 22 4 Worker 582181535
23 23 4 Worker 113601152
24 24 4 Worker 623254765
25 25 4 Worker 387673679
26 26 4 Worker 307836795
27 27 4 Worker 67719137
28 28 4 Worker 138804142
29 29 4 Worker 113888861
30 30 4 Worker 832917609
31 31 4 Worker 393519359
32 32 4 Worker 769134921
33 33 4 Worker 14504754
34 34 4 Worker 600778147
35 35 4 Worker 221725167
36 36 4 Worker 129565107
37 37 4 Worker 266903267
38 38 4 Worker 670387088
39 39 4 Worker 495147999
40 40 4 Worker 126847793
41 41 4 Worker 3832098
42 42 4 Worker 378539711
43 43 4 Worker 778592471
44 44 4 Worker 214857069
45 45 4 Worker 139592661
46 46 4 Worker 929557372
47 47 4 Worker 350983953
48 48 4 Worker 828905658
49 49 4 Worker 783329363
50 50 4 Worker 830486434
51 51 4 Worker 277214266
52 52 4 Worker 382018308
53 53 4 Worker 533354355
54 54 4 Worker 645260182
55 55 4 Worker 573230328
56 56 4 Worker 198328829
57 57 4 Worker 725140062
58 58 4 Worker 54927125
59 59 4 Worker 719262763
60 60 4 Worker 392684057
61 61 4 Worker 984908254
62 62 4 Worker 950414587
63 63 4 Worker 449936058
64 64 4 Worker 481680518
65 65 4 Worker 419436375
66 66 4 Worker 906846079
67 67 4 Worker 424734983
68 68 4 Worker 149680310
69 69 4 Worker 681436117
70 70 4 Worker 674903684
71 71 4 Worker 490243064
72 72 4 Worker 801946308
73 73 4 Worker 34579322
74 74 4 Worker 28599955
75 75 4 Worker 981848087
76 76 4 Worker 826718868
77 77 4 Worker 635804011
78 78 4 Worker 671223243
79 79 4 Worker 669530947
80 80 4 Worker 712335617
81 81 4 Worker 200578589
82 82 4 Worker 656570093
83 83 4 Worker 262935718
84 84 4 Worker 396266190
85 85 4 Worker 68080936
86 86 4 Worker 901887023
87 87 4 Worker 110118757
88 88 4 Worker 92097545
89 89 4 Worker 987225571
90 90 4 Worker 196482964
91 91 4 Worker 602063524
92 92 4 Worker 250215056
93 93 4 Worker 60379931
94 94 4 Worker 592974864
95 95 4 Worker 825319818
96 96 4 Worker 441114932
97 97 4 Worker 777029592
98 98 4 Worker 361739450
99 99 4 Worker 749588291
100 100 4 Worker 595926546
101 101 4 Worker 182063297
102 102 4 Worker 945766285
103 103 4 Worker 41520202
104 104 4 Worker 528811074
105 105 4 Worker 463189921
106 106 4 Worker 367493543
107 107 4 Worker 717157702
108 108 4 Worker 632802915
109 109 4 Worker 181374596
110 110 4 Worker 172360283
111 111 4 Worker 926255675
112 112 4 Worker 842961635
113 113 4 Worker 176501059
114 114 4 Worker 957360872
115 115 4 Worker 227734559
116 116 4 Worker 750086827
117 117 4 Worker 394101425
118 118 4 Worker 172523204
119 119 4 Worker 492108130
120 120 4 Worker 385103076
121 121 4 Worker 122804437
122 122 4 Worker 555132806
123 123 4 Worker 164947826
124 124 4 Worker 442207903
125 125 4 Worker 749187992
126 126 4 Worker 957329696
127 127 4 Worker 209188809
128 128 4 Worker 1121086
129 129 4 Worker 867769134
130 130 4 Worker 324187798
131 131 4 Worker 601290058
132 132 4 Worker 832140875
133 133 4 Worker 951718861
134 134 4 Worker 534450089
135 135 4 Worker 303790952
136 136 4 Worker 194593454
137 137 4 Worker 551155737
138 138 4 Worker 402330832
139 139 4 Worker 910741612
140 140 4 Worker 832908268
141 141 4 Worker 388294908
142 142 4 Worker 304718074
143 143 4 Worker 691433673
144 144 4 Worker 138213121
145 145 4 Worker 591212989
146 146 4 Worker 225471493
147 147 4 Worker 860637431
148 148 4 Worker 391130913
149 149 4 Worker 106899572
150 150 4 Worker 879022342
151 151 4 Worker 686628536
152 152 4 Worker 363434760
153 153 4 Worker 911366262
154 154 4 Worker 47110008
155 155 4 Worker 283003738
156 156 4 Worker 649570159
157 157 4 Worker 679085249
158 158 4 Worker 182805734
159 159 4 Worker 913821139
160 160 4 Worker 221404405
161 161 4 Worker 362325141
162 162 4 Worker 558345568
163 163 4 Worker 822099661
164 164 4 Worker 589462907
165 165 4 Worker 289334747
166 166 4 Worker 230430834
167 167 4 Worker 205125128
168 168 4 Worker 241105682
169 169 4 Worker 751395673
170 170 4 Worker 894691478
171 171 4 Worker 758495281
172 172 4 Worker 783552585
173 173 4 Worker 299470104
174 174 4 Worker 688057097
175 175 4 Worker 663668942
176 176 4 Worker 273537204
177 177 4 Worker 507932916
178 178 4 Worker 780732781
179 179 4 Worker 580152759
180 180 4 Worker 604480728
181 181 4 Worker 150658848
182 182 4 Worker 420273860
183 183 4 Worker 254646400
184 184 4 Worker 6229523
185 185 4 Worker 917900636
186 186 4 Worker 85886911
187 187 4 Worker 328826172
188 188 4 Worker 111515738
189 189 4 Worker 855179623
190 190 4 Worker 447594460
191 191 4 Worker 926562059
192 192 4 Worker 278918967
193 193 4 Worker 300076473
194 194 4 Worker 294342303
195 195 4 Worker 716740777
196 196 4 Worker 68379799
197 197 4 Worker 516035946
198 198 4 Worker 956099517
199 199 4 Worker 152128212
200 200 4 Worker 615377540
201 201 4 Worker 148092180
202 202 4 Worker 670639012
203 203 4 Worker 352258017
204 204 4 Worker 954433923
205 205 4 Worker 208013198
206 206 4 Worker 149993782
207 207 4 Worker 637890909
208 208 4 Worker 463570807
209 209 4 Worker 556250892
210 210 4 Worker 95348822
211 211 4 Worker 301809152
212 212 4 Worker 646112941
213 213 4 Worker 579383370
214 214 4 Worker 568464901
215 215 4 Worker 142014104
216 216 4 Worker 484343708
217 217 4 Worker 413639430
218 218 4 Worker 494174030
219 219 4 Worker 608562704
220 220 4 Worker 416868077
221 221 4 Worker 345115378
222 222 4 Worker 787121656
223 223 4 Worker 306595098
224 224 4 Worker 901472654
225 225 4 Worker 771052553
226 226 4 Worker 446939334
227 227 4 Worker 788586276
228 228 4 Worker 988255340
229 229 4 Worker 315668850
230 230 4 Worker 140953445
231 231 4 Worker 496208315
232 232 4 Worker 433628699
233 233 4 Worker 31142415
234 234 4 Worker 960786685
235 235 4 Worker 11447368
236 236 4 Worker 291134303
237 237 4 Worker 960762258
238 238 4 Worker 534477064
239 239 4 Worker 646469278
240 240 4 Worker 409348971
241 241 4 Worker 130179270
242 242 4 Worker 919802020
243 243 4 Worker 763511904
244 244 4 Worker 590495254
245 245 4 Worker 111911862
246 246 4 Worker 814112439
247 247 4 Worker 712062462
248 248 4 Worker 38154489
249 249 4 Worker 64889590
250 250 4 Worker 330407477
251 251 4 Worker 895011123
252 252 4 Worker 42433178
253 253 4 Worker 789067149
254 254 4 Worker 387724714
255 255 4 Worker 744826444
256 256 4 Worker 403785533
257 257 4 Worker 605481819
258 258 4 Worker 481910427
259 259 4 Worker 61363090
260 260 4 Worker 805430364
261 261 4 Worker 260404607
262 262 4 Worker 608361793
263 263 4 Worker 958367247
264 264 4 Worker 429708218
265 265 4 Worker 348783702
266 266 4 Worker 190316439
267 267 4 Worker 662644202
268 268 4 Worker 25549618
269 269 4 Worker 23906762
270 270 4 Worker 566132343
271 271 4 Worker 704493848
272 272 4 Worker 802418728
273 273 4 Worker 394839371
274 274 4 Worker 95445904
275 275 4 Worker 874774607
276 276 4 Worker 921495610
277 277 4 Worker 233255033
278 278 4 Worker 565335328
279 279 4 Worker 34266174
280 280 4 Worker 401838559
281 281 4 Worker 880238074
282 282 4 Worker 215043389
283 283 4 Worker 311448805
284 284 4 Worker 46733690
285 285 4 Worker 108946593
286 286 4 Worker 754062836
287 287 4 Worker 802941326
288 288 4 Worker 70613667
289 289 4 Worker 620579078
290 290 4 Worker 75452689
291 291 4 Worker 871180317
292 292 4 Worker 32669582
293 293 4 Worker 297748731
294 294 4 Worker 562717625
295 295 4 Worker 569735396
296 296 4 Worker 905068466
297 297 4 Worker 578506916
298 298 4 Worker 503226314
299 299 4 Worker 665646025
300 300 4 Worker 927917977
301 301 4 Worker 870594272
302 302 4 Worker 30707761
303 303 4 Worker 455653488
304 304 4 Worker 740138470
305 305 4 Worker 126912035
306 306 4 Worker 480795711
307 307 4 Worker 278046259
308 308 4 Worker 934026730
309 309 4 Worker 743781218
310 310 4 Worker 771191977
311 311 4 Worker 559981131
312 312 4 Worker 226547502
313 313 4 Worker 554827856
314 314 4 Worker 320572851
315 315 4 Worker 537904022
316 316 4 Worker 523744601
317 317 4 Worker 274445168
318 318 4 Worker 890488870
319 319 4 Worker 200443503
320 320 4 Worker 221311810
321 321 4 Worker 687132250
322 322 4 Worker 842664875
323 323 4 Worker 580679810
324 324 4 Worker 847270164
325 325 4 Worker 991713573
326 326 4 Worker 373276301
327 327 4 Worker 846440916
328 328 4 Worker 249894027
329 329 4 Worker 11800777
330 330 4 Worker 331893628
331 331 4 Worker 124490309
332 332 4 Worker 285546256
333 333 4 Worker 93197616
334 334 4 Worker 849079302
335 335 4 Worker 958381588
336 336 4 Worker 72648191
337 337 4 Worker 97970226
338 338 4 Worker 538176740
339 339 4 Worker 837699221
340 340 4 Worker 407233889
341 341 4 Worker 308995144
342 342 4 Worker 847467681
343 343 4 Worker 409069508
344 344 4 Worker 747142857
345 345 4 Worker 874990510
346 346 4 Worker 192739160
347 347 4 Worker 271399522
348 348 4 Worker 466992499
349 349 4 Worker 884612154
350 350 4 Worker 957590014
351 351 4 Worker 34653607
352 352 4 Worker 549412791
353 353 4 Worker 486736189
354 354 4 Worker 334777042
355 355 4 Worker 629620179
356 356 4 Worker 934134295
357 357 4 Worker 407085476
358 358 4 Worker 147529181
359 359 4 Worker 607994972
360 360 4 Worker 781717457
361 361 4 Worker 183605681
362 362 4 Worker 788081223
363 363 4 Worker 124142650
364 364 4 Worker 890102853
365 365 4 Worker 300385394
366 366 4 Worker 788351589
367 367 4 Worker 108688668
368 368 4 Worker 953381545
369 369 4 Worker 538641283
370 370 4 Worker 332666108
371 371 4 Worker 86296576
372 372 4 Worker 105800806
373 373 4 Worker 47153447
374 374 4 Worker 640388872
375 375 4 Worker 951468396
376 376 4 Worker 362855373
377 377 4 Worker 523071737
378 378 4 Worker 134805076
379 379 4 Worker 605095324
380 380 4 Worker 904153574
381 381 4 Worker 951922286
382 382 4 Worker 892796318
383 383 4 Worker 685766361
384 384 4 Worker 57022328
385 385 4 Worker 807997695
386 386 4 Worker 797704901
387 387 4 Worker 156173687
388 388 4 Worker 743448197
389 389 4 Worker 489000656
390 390 4 Worker 97338002
391 391 4 Worker 259691036
392 392 4 Worker 121257545
393 393 4 Worker 822108524
394 394 4 Worker 853231546
395 395 4 Worker 65904963
396 396 4 Worker 242664823
397 397 4 Worker 70979367
398 398 4 Worker 281601391
399 399 4 Worker 758256539
400 400 4 Worker 347423111
401 401 4 Worker 754804693
402 402 4 Worker 347144220
403 403 4 Worker 261493138
404 404 4 Worker 45722517
405 405 4 Worker 212943215
406 406 4 Worker 626589915
407 407 4 Worker 678198827
408 408 4 Worker 440692996
409 409 4 Worker 477304419
410 410 4 Worker 691385935
411 411 4 Worker 932863128
412 412 4 Worker 678016731
413 413 4 Worker 214318571
414 414 4 Worker 814131433
415 415 4 Worker 198616182
416 416 4 Worker 196043059
417 417 4 Worker 511651943
418 418 4 Worker 214681057
419 419 4 Worker 41630540
420 420 4 Worker 997409853
421 421 4 Worker 392572605
422 422 4 Worker 852811461
423 423 4 Worker 983985332
424 424 4 Worker 83935613
425 425 4 Worker 910024547
426 426 4 Worker 896672610
427 427 4 Worker 712575223
428 428 4 Worker 520096136
429 429 4 Worker 56369068
430 430 4 Worker 368646053
431 431 4 Worker 755510013
432 432 4 Worker 922941903
433 433 4 Worker 29059987
434 434 4 Worker 467686924
435 435 4 Worker 792771439
436 436 4 Worker 156929069
437 437 4 Worker 382873120
438 438 4 Worker 161779243
439 439 4 Worker 622112087
440 440 4 Worker 342046673
441 441 4 Worker 310681713
442 442 4 Worker 233183882
443 443 4 Worker 517085692
444 444 4 Worker 831060153
445 445 4 Worker 391244671
446 446 4 Worker 223274312
447 447 4 Worker 20129534
448 448 4 Worker 93082950
449 449 4 Worker 465530222
450 450 4 Worker 434442117
451 451 4 Worker 391413381
452 452 4 Worker 778971847
453 453 4 Worker 831471958
454 454 4 Worker 681726069
455 455 4 Worker 495037139
456 456 4 Worker 109720726
457 457 4 Worker 821410202
458 458 4 Worker 183675181
459 459 4 Worker 739152372
460 460 4 Worker 319553940
461 461 4 Worker 725420395
462 462 4 Worker 482641333
463 463 4 Worker 582825884
464 464 4 Worker 616677205
465 465 4 Worker 431409138
466 466 4 Worker 904527607
467 467 4 Worker 64815378
468 468 4 Worker 572845210
469 469 4 Worker 298319231
470 470 4 Worker 912107124
471 471 4 Worker 839054337
472 472 4 Worker 165379069
473 473 4 Worker 155961076
474 474 4 Worker 599705933
475 475 4 Worker 308031942
476 476 4 Worker 216589305
477 477 4 Worker 201107221
478 478 4 Worker 23142876
479 479 4 Worker 914095801
480 480 4 Worker 833275643
481 481 4 Worker 734156206
482 482 4 Worker 390944430
483 483 4 Worker 330401986
484 484 4 Worker 975621967
485 485 4 Worker 912700657
486 486 4 Worker 211360560
487 487 4 Worker 468896260
488 488 4 Worker 937569702
489 489 4 Worker 190208771
490 490 4 Worker 818353085
491 491 4 Worker 503503759
492 492 4 Worker 797160745
493 493 4 Worker 621244456
494 494 4 Worker 468080880
495 495 4 Worker 414834725
496 496 4 Worker 669937026
497 497 4 Worker 974409014
498 498 4 Worker 353516471
499 499 4 Worker 632964980
500 500 4 Worker 289887279
501 501 4 Worker 342072998
502 502 4 Worker 198402354
503 503 4 Worker 612579475
504 504 4 Worker 850283625
505 505 4 Worker 920161801
506 506 4 Worker 812182400
507 507 4 Worker 916874378
508 508 4 Worker 855152564
509 509 4 Worker 124007359
510 510 4 Worker 791460268
511 511 4 Worker 802113269
512 512 4 Worker 430105164
513 513 4 Worker 850980324
514 514 4 Worker 122263161
515 515 -1 WorkManager 904647081
516 516 515 Worker 584587975
517 517 515 Worker 460888097
518 518 515 Worker 454391765
519 519 515 Worker 670970532
520 520 515 Worker 877468479
521 521 515 Worker 475583604
522 522 515 Worker 425477078
523 523 515 Worker 111736934
524 524 515 Worker 215463281
525 525 515 Worker 214189258
526 526 515 Worker 46845047
527 527 515 Worker 345047064
528 528 515 Worker 542928523
529 529 515 Worker 941029646
530 530 515 Worker 353036189
531 531 515 Worker 253355660
532 532 515 Worker 404540543
533 533 515 Worker 512027620
534 534 515 Worker 510410236
535 535 515 Worker 754612259
536 536 515 Worker 421105149
537 537 515 Worker 559243932
538 538 515 Worker 565755718
539 539 515 Worker 983537701
540 540 515 Worker 481116592
541 541 515 Worker 152676128
542 542 515 Worker 426016285
543 543 515 Worker 676413371
544 544 515 Worker 876074981
545 545 515 Worker 882006760
546 546 515 Worker 701950542
547 547 515 Worker 609049578
548 548 515 Worker 775391669
549 549 515 Worker 635164137
550 550 515 Worker 552332634
551 551 515 Worker 208874082
552 552 515 Worker 546119991
553 553 515 Worker 847717709
554 554 515 Worker 828817723
555 555 515 Worker 227376223
556 556 515 Worker 351977469
557 557 515 Worker 994650466
558 558 515 Worker 168573736
559 559 515 Worker 611218256
560 560 515 Worker 791857
561 561 515 Worker 773230922
562 562 515 Worker 749064886
563 563 515 Worker 266501981
564 564 515 Worker 452892650
565 565 515 Worker 90028024
566 566 515 Worker 42948592
567 567 515 Worker 193720332
568 568 515 Worker 228911720
569 569 515 Worker 4346106
570 570 515 Worker 460645706
571 571 515 Worker 694653975
572 572 515 Worker 354490732
573 573 515 Worker 30393761
574 574 515 Worker 544599696
575 575 515 Worker 716354148
576 576 515 Worker 698457318
577 577 515 Worker 404520786
578 578 515 Worker 296210849
579 579 515 Worker 980210365
580 580 515 Worker 838336038
581 581 515 Worker 421649505
582 582 515 Worker 755040768
583 583 515 Worker 740135483
584 584 515 Worker 809199726
585 585 515 Worker 196189972
586 586 515 Worker 471933000
587 587 515 Worker 652943505
588 588 515 Worker 720912023
589 589 515 Worker 930468457
590 590 515 Worker 548596655
591 591 515 Worker 189520991
592 592 515 Worker 388450190
593 593 515 Worker 282141855
594 594 515 Worker 49111340
595 595 515 Worker 727639823
596 596 515 Worker 459459709
597 597 515 Worker 288014500
598 598 515 Worker 201267051
599 599 515 Worker 702943191
600 600 515 Worker 859579813
601 601 515 Worker 979626705
602 602 515 Worker 925371918
603 603 515 Worker 18984234
604 604 515 Worker 100762809
605 605 515 Worker 703488199
606 606 515 Worker 33297552
607 607 515 Worker 776184092
608 608 515 Worker 885911473
609 609 515 Worker 985046281
610 610 515 Worker 588934909
611 611 515 Worker 176464735
612 612 515 Worker 416353369
613 613 515 Worker 662484096
614 614 515 Worker 66431556
615 615 515 Worker 369286221
616 616 515 Worker 217132348
617 617 515 Worker 528246461
618 618 515 Worker 224787121
619 619 515 Worker 576577952
620 620 515 Worker 473144574
621 621 515 Worker 350472644
622 622 515 Worker 134719849
623 623 515 Worker 23888522
624 624 515 Worker 762765059
625 625 515 Worker 703029812
626 626 515 Worker 617487504
627 627 515 Worker 870835007
628 628 515 Worker 142031613
629 629 515 Worker 973994283
630 630 515 Worker 551645373
631 631 515 Worker 203858418
632 632 515 Worker 554506619
633 633 515 Worker 448896116
634 634 515 Worker 103472293
635 635 515 Worker 568115864
636 636 515 Worker 267501581
637 637 515 Worker 42122784
638 638 515 Worker 620532683
639 639 515 Worker 984152506
640 640 515 Worker 138020029
641 641 515 Worker 69498228
642 642 515 Worker 404440702
643 643 515 Worker 480703857
644 644 515 Worker 229515986
645 645 515 Worker 403594746
646 646 515 Worker 642991342
647 647 515 Worker 984698261
648 648 515 Worker 531588456
649 649 515 Worker 784093417
650 650 515 Worker 636992416
651 651 515 Worker 619042436
652 652 515 Worker 193585452
653 653 515 Worker 916424083
654 654 515 Worker 839625747
655 655 515 Worker 693563413
656 656 515 Worker 688917525
657 657 515 Worker 763363417
658 658 515 Worker 574675233
659 659 515 Worker 760321008
660 660 515 Worker 765941402
661 661 515 Worker 331646403
662 662 515 Worker 264513040
663 663 515 Worker 616546571
664 664 515 Worker 104407940
665 665 515 Worker 763271997
666 666 515 Worker 911214574
667 667 515 Worker 777993536
668 668 515 Worker 882898737
669 669 515 Worker 138641142
670 670 515 Worker 688414479
671 671 515 Worker 596547711
672 672 515 Worker 103456381
673 673 515 Worker 519432464
674 674 515 Worker 766619559
675 675 515 Worker 390726119
676 676 515 Worker 373353039
677 677 515 Worker 31336761
678 678 515 Worker 544647975
679 679 515 Worker 912350025
680 680 515 Worker 39475707
681 681 515 Worker 502288589
682 682 515 Worker 428298170
683 683 515 Worker 391491796
684 684 515 Worker 870224868
685 685 515 Worker 18715991
686 686 515 Worker 157294692
687 687 515 Worker 567644714
688 688 515 Worker 704370944
689 689 515 Worker 301622865
690 690 515 Worker 131492205
691 691 515 Worker 329490084
692 692 515 Worker 439292058
693 693 515 Worker 911736703
694 694 515 Worker 636862402
695 695 515 Worker 235638211
696 696 515 Worker 865494980
697 697 515 Worker 597040145
698 698 515 Worker 768922630
699 699 515 Worker 360332250
700 700 515 Worker 567668551
701 701 515 Worker 566556037
702 702 515 Worker 81892684
703 703 515 Worker 688541401
704 704 515 Worker 513376681
705 705 515 Worker 759741052
706 706 515 Worker 891362538
707 707 515 Worker 409017430
708 708 515 Worker 569955767
709 709 515 Worker 36562365
710 710 515 Worker 581462669
711 711 515 Worker 903731129
712 712 515 Worker 423646666
713 713 515 Worker 375676588
714 714 515 Worker 246719113
715 715 515 Worker 230372275
716 716 515 Worker 914183036
717 717 515 Worker 726791713
718 718 515 Worker 595647720
719 719 515 Worker 975587098
720 720 515 Worker 894419022
721 721 515 Worker 132123769
722 722 515 Worker 822070213
723 723 515 Worker 408934378
724 724 515 Worker 405751733
725 725 515 Worker 452639264
726 726 515 Worker 926158186
727 727 515 Worker 236248353
728 728 515 Worker 379431661
729 729 515 Worker 783089736
730 730 515 Worker 33383506
731 731 515 Worker 520175354
732 732 515 Worker 532579343
733 733 515 Worker 497942504
734 734 515 Worker 515918773
735 735 515 Worker 392459831
736 736 515 Worker 3780142
737 737 515 Worker 930409298
738 738 515 Worker 814387079
739 739 515 Worker 862179208
740 740 515 Worker 933619075
741 741 515 Worker 186305867
742 742 515 Worker 902359292
743 743 515 Worker 219767273
744 744 515 Worker 803839263
745 745 515 Worker 731515958
746 746 515 Worker 744941488
747 747 515 Worker 505266921
748 748 515 Worker 459391398
749 749 515 Worker 649559854
750 750 515 Worker 922018989
751 751 515 Worker 821491203
752 752 515 Worker 528594077
753 753 515 Worker 438029204
754 754 515 Worker 52032649
755 755 515 Worker 126100916
756 756 515 Worker 326943827
757 757 515 Worker 732453363
758 758 515 Worker 233028366
759 759 515 Worker 398357603
760 760 515 Worker 194124962
761 761 515 Worker 426831454
762 762 515 Worker 198703497
763 763 515 Worker 917586041
764 764 515 Worker 706257442
765 765 515 Worker 406389747
766 766 515 Worker 510923266
767 767 515 Worker 929668244
768 768 515 Worker 250811522
769 769 515 Worker 298662717
770 770 515 Worker 687210192
771 771 515 Worker 805755175
772 772 515 Worker 998863821
773 773 515 Worker 765265648
774 774 515 Worker 432517023
775 775 515 Worker 940450200
776 776 515 Worker 773499842
777 777 515 Worker 573607296
778 778 515 Worker 559104941
779 779 515 Worker 395663609
780 780 515 Worker 295261755
781 781 515 Worker 189920349
782 782 515 Worker 798061319
783 783 515 Worker 462269448
784 784 515 Worker 314808481
785 785 515 Worker 759047339
786 786 515 Worker 677143375
787 787 515 Worker 913773374
788 788 515 Worker 810254191
789 789 515 Worker 289980611
790 790 515 Worker 750158082
791 791 515 Worker 19055417
792 792 515 Worker 386879632
793 793 515 Worker 711409542
794 794 515 Worker 93147346
795 795 515 Worker 507995050
796 796 515 Worker 516947199
797 797 515 Worker 517855447
798 798 515 Worker 321490048
799 799 515 Worker 460184061
800 800 515 Worker 733356339
801 801 515 Worker 900205995
802 802 515 Worker 724109654
803 803 515 Worker 411910982
804 804 515 Worker 436128537
805 805 515 Worker 356052381
806 806 515 Worker 870195870
807 807 515 Worker 978746823
808 808 515 Worker 511084405
809 809 515 Worker 169228661
810 810 515 Worker 81139932
811 811 515 Worker 918688008
812 812 515 Worker 105656763
813 813 515 Worker 279078125
814 814 515 Worker 782402379
815 815 515 Worker 607433227
816 816 515 Worker 523152764
817 817 515 Worker 112105668
818 818 515 Worker 153151077
819 819 515 Worker 602192909
820 820 515 Worker 600927355
821 821 515 Worker 201586209
822 822 515 Worker 653043988
823 823 515 Worker 813763348
824 824 515 Worker 301465954
825 825 515 Worker 446122550
826 826 515 Worker 436100885
827 827 515 Worker 959072970
828 828 515 Worker 453234197
829 829 515 Worker 753617852
830 830 515 Worker 378137172
831 831 515 Worker 372069552
832 832 515 Worker 217722057
833 833 515 Worker 835756379
834 834 515 Worker 277313008
835 835 515 Worker 776747902
836 836 515 Worker 231617127
837 837 515 Worker 946376946
838 838 515 Worker 695062842
839 839 515 Worker 610972453
840 840 515 Worker 308328750
841 841 515 Worker 8575406
842 842 515 Worker 478713007
843 843 515 Worker 744536699
844 844 515 Worker 942271854
845 845 515 Worker 334301932
846 846 515 Worker 336821650
847 847 515 Worker 372897365
848 848 515 Worker 45332988
849 849 515 Worker 712001535
850 850 515 Worker 383708816
851 851 515 Worker 349174398
852 852 515 Worker 437039977
853 853 515 Worker 807747464
854 854 515 Worker 337602140
855 855 515 Worker 264196558
856 856 515 Worker 631062829
857 857 515 Worker 224622002
858 858 515 Worker 593218071
859 859 515 Worker 364248856
860 860 515 Worker 823182287
861 861 515 Worker 824349320
862 862 515 Worker 80138070
863 863 515 Worker 152530218
864 864 515 Worker 316983839
865 865 515 Worker 427434423
866 866 515 Worker 742150263
867 867 515 Worker 829346855
868 868 515 Worker 740147544
869 869 515 Worker 203671018
870 870 515 Worker 58006882
871 871 515 Worker 117341400
872 872 515 Worker 158787458
873 873 515 Worker 378662710
874 874 515 Worker 394421888
875 875 515 Worker 742623717
876 876 515 Worker 435915809
877 877 515 Worker 245387516
878 878 515 Worker 821207258
879 879 515 Worker 708818878
880 880 515 Worker 726831560
881 881 515 Worker 867961175
882 882 515 Worker 232734041
883 883 515 Worker 281119427
884 884 515 Worker 244984241
885 885 515 Worker 564393218
886 886 515 Worker 708470114
887 887 515 Worker 876494530
888 888 515 Worker 902856219
889 889 515 Worker 916007679
890 890 515 Worker 208905329
891 891 515 Worker 109645353
892 892 515 Worker 608289889
893 893 515 Worker 612824428
894 894 515 Worker 318829850
895 895 515 Worker 836962071
896 896 515 Worker 649002277
897 897 515 Worker 302815376
898 898 515 Worker 267821223
899 899 515 Worker 30552918
900 900 515 Worker 620905503
901 901 515 Worker 942032943
902 902 515 Worker 509375223
903 903 515 Worker 935089855
904 904 515 Worker 757375152
905 905 515 Worker 42800137
906 906 515 Worker 322149527
907 907 515 Worker 895207339
908 908 515 Worker 437754562
909 909 515 Worker 911706434
910 910 515 Worker 12165035
911 911 515 Worker 34898053
912 912 515 Worker 809382210
913 913 515 Worker 632681632
914 914 515 Worker 568149664
915 915 515 Worker 444775479
916 916 515 Worker 876094890
917 917 515 Worker 944466875
918 918 515 Worker 552945445
919 919 515 Worker 651533853
920 920 515 Worker 79851735
921 921 515 Worker 832113484
922 922 515 Worker 949630897
923 923 515 Worker 486395177
924 924 515 Worker 700807401
925 925 515 Worker 439708390
926 926 515 Worker 133640381
927 927 515 Worker 14784597
928 928 515 Worker 871315660
929 929 515 Worker 335512444
930 930 515 Worker 762777891
931 931 515 Worker 611049344
932 932 515 Worker 777068750
933 933 515 Worker 725321026
934 934 515 Worker 656533965
935 935 515 Worker 505754039
936 936 515 Worker 231924857
937 937 515 Worker 551451912
938 938 515 Worker 578940592
939 939 515 Worker 178699860
940 940 515 Worker 610171159
941 941 515 Worker 935319037
942 942 515 Worker 696728276
943 943 515 Worker 131995027
944 944 515 Worker 744437720
945 945 515 Worker 877485500
946 946 515 Worker 568135779
947 947 515 Worker 967733098
948 948 515 Worker 42257555
949 949 515 Worker 490743507
950 950 515 Worker 787153067
951 951 515 Worker 563681152
952 952 515 Worker 630929196
953 953 515 Worker 301734344
954 954 515 Worker 380511534
955 955 515 Worker 930014004
956 956 515 Worker 787032078
957 957 515 Worker 138539485
958 958 515 Worker 193218482
959 959 515 Worker 297244995
960 960 515 Worker 202360131
961 961 515 Worker 766028006
962 962 515 Worker 807293391
963 963 515 Worker 270212306
964 964 515 Worker 860955766
965 965 515 Worker 926843393
966 966 515 Worker 442707063
967 967 515 Worker 165378051
968 968 515 Worker 575329130
969 969 515 Worker 677463744
970 970 515 Worker 428797397
971 971 515 Worker 304015638
972 972 515 Worker 250693767
973 973 515 Worker 650333886
974 974 515 Worker 839305190
975 975 515 Worker 523907908
976 976 515 Worker 680876116
977 977 515 Worker 726117513
978 978 515 Worker 195742057
979 979 515 Worker 320985616
980 980 515 Worker 683809310
981 981 515 Worker 354646573
982 982 515 Worker 509771633
983 983 515 Worker 881245744
984 984 515 Worker 10982650
985 985 515 Worker 864432011
986 986 515 Worker 663186208
987 987 515 Worker 784454029
988 988 515 Worker 997203030
989 989 515 Worker 828118235
990 990 515 Worker 66654409
991 991 515 Worker 169934080
992 992 515 Worker 265006102
993 993 515 Worker 487770935
994 994 515 Worker 30786875
995 995 515 Worker 931365554
996 996 515 Worker 230899306
997 997 515 Worker 257351462
998 998 515 Worker 372814589
999 999 515 Worker 445915001
1000 1000 515 Worker 907579725
1001 1001 515 Worker 156903090
1002 1002 515 Worker 643794080
1003 1003 515 Worker 105501133
1004 1004 515 Worker 425694899
1005 1005 515 Worker 22547791
1006 1006 515 Worker 636983226
1007 1007 515 Worker 20028717
1008 1008 515 Worker 838319700
1009 1009 515 Worker 100797619
1010 1010 515 Worker 78128193
1011 1011 515 Worker 703813465
1012 1012 515 Worker 540842525
1013 1013 515 Worker 647596087
1014 1014 515 Worker 593186425
1015 1015 515 Worker 131222179
1016 1016 515 Worker 199720124
1017 1017 515 Worker 442934698
1018 1018 515 Worker 865630671
1019 1019 515 Worker 463859933
1020 1020 515 Worker 443611022
1021 1021 515 Worker 921976913
1022 1022 515 Worker 273087913
1023 1023 515 Worker 820111942
1024 1024 515 Worker 913796781
1025 1025 515 Worker 653351627
1026 1026 -1 WorkManager 480282772
1027 1027 1026 Worker 686834757
1028 1028 1026 Worker 405864724
1029 1029 1026 Worker 277217387
1030 1030 1026 Worker 857655244
1031 1031 1026 Worker 185875758
1032 1032 1026 Worker 417793767
1033 1033 1026 Worker 177081468
1034 1034 1026 Worker 349076454
1035 1035 1026 Worker 65970721
1036 1036 1026 Worker 524800321
1037 1037 1026 Worker 454219378
1038 1038 1026 Worker 952820481
1039 1039 1026 Worker 900605073
1040 1040 1026 Worker 417054833
1041 1041 1026 Worker 263872643
1042 1042 1026 Worker 591796557
1043 1043 1026 Worker 250780201
1044 1044 1026 Worker 122574074
1045 1045 1026 Worker 860545767
1046 1046 1026 Worker 832135364
1047 1047 1026 Worker 310455168
1048 1048 1026 Worker 783551633
1049 1049 1026 Worker 742265731
1050 1050 1026 Worker 450289289
1051 1051 1026 Worker 911159363
1052 1052 1026 Worker 891101665
1053 1053 1026 Worker 733440460
1054 1054 1026 Worker 251155095
1055 1055 1026 Worker 142059788
1056 1056 1026 Worker 562344887
1057 1057 1026 Worker 354660448
1058 1058 1026 Worker 25599458
1059 1059 1026 Worker 752176603
1060 1060 1026 Worker 726933331
1061 1061 1026 Worker 432547471
1062 1062 1026 Worker 586415187
1063 1063 1026 Worker 574164839
1064 1064 1026 Worker 261902465
1065 1065 1026 Worker 704529189
1066 1066 1026 Worker 571137883
1067 1067 1026 Worker 203898054
1068 1068 1026 Worker 994459274
1069 1069 1026 Worker 943499892
1070 1070 1026 Worker 338998429
1071 1071 1026 Worker 754817154
1072 1072 1026 Worker 460581152
1073 1073 1026 Worker 410485001
1074 1074 1026 Worker 286778976
1075 1075 1026 Worker 949286716
1076 1076 1026 Worker 743624528
1077 1077 1026 Worker 753532149
1078 1078 1026 Worker 569337860
1079 1079 1026 Worker 934674431
1080 1080 1026 Worker 687113038
1081 1081 1026 Worker 645888056
1082 1082 1026 Worker 214132802
1083 1083 1026 Worker 100367903
1084 1084 1026 Worker 948432294
1085 1085 1026 Worker 826339247
1086 1086 1026 Worker 717374654
1087 1087 1026 Worker 471784375
1088 1088 1026 Worker 833815312
1089 1089 1026 Worker 330031387
1090 1090 1026 Worker 154412905
1091 1091 1026 Worker 496371472
1092 1092 1026 Worker 193800862
1093 1093 1026 Worker 280060077
1094 1094 1026 Worker 263994611
1095 1095 1026 Worker 942658678
1096 1096 1026 Worker 459463037
1097 1097 1026 Worker 233868580
1098 1098 1026 Worker 419598041
1099 1099 1026 Worker 563532877
1100 1100 1026 Worker 85486639
1101 1101 1026 Worker 843530195
1102 1102 1026 Worker 145441973
1103 1103 1026 Worker 396213654
1104 1104 1026 Worker 28610413
1105 1105 1026 Worker 476352092
1106 1106 1026 Worker 53845227
1107 1107 1026 Worker 985987379
1108 1108 1026 Worker 21315081
1109 1109 1026 Worker 852755408
1110 1110 1026 Worker 834181723
1111 1111 1026 Worker 720246305
1112 1112 1026 Worker 763355233
1113 1113 1026 Worker 773318159
1114 1114 1026 Worker 525433609
1115 1115 1026 Worker 832739691
1116 1116 1026 Worker 625493703
1117 1117 1026 Worker 318573577
1118 1118 1026 Worker 377773805
1119 1119 1026 Worker 905717704
1120 1120 1026 Worker 865167887
1121 1121 1026 Worker 392827082
1122 1122 1026 Worker 887678072
1123 1123 1026 Worker 665780980
1124 1124 1026 Worker 269868487
1125 1125 1026 Worker 52451835
1126 1126 1026 Worker 545058758
1127 1127 1026 Worker 989039066
1128 1128 1026 Worker 93567998
1129 1129 1026 Worker 788542159
1130 1130 1026 Worker 878536622
1131 1131 1026 Worker 339869462
1132 1132 1026 Worker 537940737
1133 1133 1026 Worker 490896464
1134 1134 1026 Worker 442995920
1135 1135 1026 Worker 480944725
1136 1136 1026 Worker 611964356
1137 1137 1026 Worker 460789689
1138 1138 1026 Worker 869938483
1139 1139 1026 Worker 571347333
1140 1140 1026 Worker 462141932
1141 1141 1026 Worker 754911201
1142 1142 1026 Worker 474891539
1143 1143 1026 Worker 611960971
1144 1144 1026 Worker 880744557
1145 1145 1026 Worker 698445809
1146 1146 1026 Worker 733788972
1147 1147 1026 Worker 936462369
1148 1148 1026 Worker 84266693
1149 1149 1026 Worker 176862878
1150 1150 1026 Worker 805730397
1151 1151 1026 Worker 297843201
1152 1152 1026 Worker 298114183
1153 1153 1026 Worker 126247018
1154 1154 1026 Worker 436336772
1155 1155 1026 Worker 368016370
1156 1156 1026 Worker 736211195
1157 1157 1026 Worker 448917429
1158 1158 1026 Worker 231080550
1159 1159 1026 Worker 96312132
1160 1160 1026 Worker 797111828
1161 1161 1026 Worker 687718032
1162 1162 1026 Worker 44214571
1163 1163 1026 Worker 867733004
1164 1164 1026 Worker 192134611
1165 1165 1026 Worker 431050358
1166 1166 1026 Worker 635188366
1167 1167 1026 Worker 523817859
1168 1168 1026 Worker 838642563
1169 1169 1026 Worker 476401494
1170 1170 1026 Worker 486256525
1171 1171 1026 Worker 755546322
1172 1172 1026 Worker 704482449
1173 1173 1026 Worker 345295275
1174 1174 1026 Worker 91362378
1175 1175 1026 Worker 595656430
1176 1176 1026 Worker 397896044
1177 1177 1026 Worker 704529685
1178 1178 1026 Worker 672854491
1179 1179 1026 Worker 530363052
1180 1180 1026 Worker 778745413
1181 1181 1026 Worker 692150028
1182 1182 1026 Worker 67061698
1183 1183 1026 Worker 192480440
1184 1184 1026 Worker 13958309
1185 1185 1026 Worker 147112402
1186 1186 1026 Worker 106749140
1187 1187 1026 Worker 818814300
1188 1188 1026 Worker 998187448
1189 1189 1026 Worker 281861883
1190 1190 1026 Worker 341229219
1191 1191 1026 Worker 339024595
1192 1192 1026 Worker 344735014
1193 1193 1026 Worker 523644853
1194 1194 1026 Worker 455978810
1195 1195 1026 Worker 445379006
1196 1196 1026 Worker 328460946
1197 1197 1026 Worker 340721956
1198 1198 1026 Worker 5849681
1199 1199 1026 Worker 672409061
1200 1200 1026 Worker 85588336
1201 1201 1026 Worker 383737226
1202 1202 1026 Worker 848595327
1203 1203 1026 Worker 149315937
1204 1204 1026 Worker 612302110
1205 1205 1026 Worker 814354499
1206 1206 1026 Worker 226588720
1207 1207 1026 Worker 8612091
1208 1208 1026 Worker 42339092
1209 1209 1026 Worker 555227207
1210 1210 1026 Worker 293738298
1211 1211 1026 Worker 122595551
1212 1212 1026 Worker 274637006
1213 1213 1026 Worker 828066292
1214 1214 1026 Worker 276177578
1215 1215 1026 Worker 463905781
1216 1216 1026 Worker 935132525
1217 1217 1026 Worker 530613628
1218 1218 1026 Worker 930437032
1219 1219 1026 Worker 916988397
1220 1220 1026 Worker 924082003
1221 1221 1026 Worker 754181861
1222 1222 1026 Worker 31655673
1223 1223 1026 Worker 349872281
1224 1224 1026 Worker 322127202
1225 1225 1026 Worker 609016218
1226 1226 1026 Worker 710016048
1227 1227 1026 Worker 217844745
1228 1228 1026 Worker 175731344
1229 1229 1026 Worker 577315019
1230 1230 1026 Worker 870227227
1231 1231 1026 Worker 19306445
1232 1232 1026 Worker 379219957
1233 1233 1026 Worker 221747573
1234 1234 1026 Worker 153802924
1235 1235 1026 Worker 802646648
1236 1236 1026 Worker 969094566
1237 1237 1026 Worker 924631215
1238 1238 1026 Worker 159009060
1239 1239 1026 Worker 975601640
1240 1240 1026 Worker 410480285
1241 1241 1026 Worker 849886504
1242 1242 1026 Worker 758087862
1243 1243 1026 Worker 21447273
1244 1244 1026 Worker 809340571
1245 1245 1026 Worker 394344112
1246 1246 1026 Worker 666721699
1247 1247 1026 Worker 815378658
1248 1248 1026 Worker 553096887
1249 1249 1026 Worker 98525625
1250 1250 1026 Worker 340609999
1251 1251 1026 Worker 61449520
1252 1252 1026 Worker 849279703
1253 1253 1026 Worker 349901802
1254 1254 1026 Worker 634623904
1255 1255 1026 Worker 729338587
1256 1256 1026 Worker 940925526
1257 1257 1026 Worker 914112984
1258 1258 1026 Worker 284950508
1259 1259 1026 Worker 322992954
1260 1260 1026 Worker 249268648
1261 1261 1026 Worker 934871160
1262 1262 1026 Worker 202518460
1263 1263 1026 Worker 558846869
1264 1264 1026 Worker 807009881
1265 1265 1026 Worker 587868661
1266 1266 1026 Worker 433206983
1267 1267 1026 Worker 331656808
1268 1268 1026 Worker 110105456
1269 1269 1026 Worker 420255526
1270 1270 1026 Worker 388185552
1271 1271 1026 Worker 521479743
1272 1272 1026 Worker 688316082
1273 1273 1026 Worker 321187525
1274 1274 1026 Worker 899515279
1275 1275 1026 Worker 300392196
1276 1276 1026 Worker 884335149
1277 1277 1026 Worker 969020032
1278 1278 1026 Worker 1500724
1279 1279 1026 Worker 283979907
1280 1280 1026 Worker 787268581
1281 1281 1026 Worker 285149966
1282 1282 1026 Worker 917083089
1283 1283 1026 Worker 115089937
1284 1284 1026 Worker 652703639
1285 1285 1026 Worker 592403975
1286 1286 1026 Worker 540910178
1287 1287 1026 Worker 938603184
1288 1288 1026 Worker 396516612
1289 1289 1026 Worker 29497475
1290 1290 1026 Worker 906781584
1291 1291 1026 Worker 707483089
1292 1292 1026 Worker 933993773
1293 1293 1026 Worker 425225837
1294 1294 1026 Worker 775154551
1295 1295 1026 Worker 744414631
1296 1296 1026 Worker 235784737
1297 1297 1026 Worker 525565209
1298 1298 1026 Worker 112764980
1299 1299 1026 Worker 248511836
1300 1300 1026 Worker 636868620
1301 1301 1026 Worker 847265330
1302 1302 1026 Worker 468974274
1303 1303 1026 Worker 532217980
1304 1304 1026 Worker 509849903
1305 1305 1026 Worker 325003647
1306 1306 1026 Worker 69879274
1307 1307 1026 Worker 316342030
1308 1308 1026 Worker 616390387
1309 1309 1026 Worker 607338620
1310 1310 1026 Worker 545807967
1311 1311 1026 Worker 858112924
1312 1312 1026 Worker 418338892
1313 1313 1026 Worker 256682501
1314 1314 1026 Worker 214337659
1315 1315 1026 Worker 119523581
1316 1316 1026 Worker 420712079
1317 1317 1026 Worker 884761415
1318 1318 1026 Worker 203472399
1319 1319 1026 Worker 623670338
1320 1320 1026 Worker 622098751
1321 1321 1026 Worker 662751497
1322 1322 1026 Worker 529280513
1323 1323 1026 Worker 656299602
1324 1324 1026 Worker 485312706
1325 1325 1026 Worker 255625501
1326 1326 1026 Worker 574535095
1327 1327 1026 Worker 789550043
1328 1328 1026 Worker 225703605
1329 1329 1026 Worker 179076731
1330 1330 1026 Worker 305809932
1331 1331 1026 Worker 142909198
1332 1332 1026 Worker 990528349
1333 1333 1026 Worker 7616414
1334 1334 1026 Worker 264727695
1335 1335 1026 Worker 259447220
1336 1336 1026 Worker 50167529
1337 1337 1026 Worker 695087696
1338 1338 1026 Worker 606780569
1339 1339 1026 Worker 648273996
1340 1340 1026 Worker 856302294
1341 1341 1026 Worker 59504963
1342 1342 1026 Worker 406223970
1343 1343 1026 Worker 947234315
1344 1344 1026 Worker 390535928
1345 1345 1026 Worker 304895144
1346 1346 1026 Worker 260873742
1347 1347 1026 Worker 988302931
1348 1348 1026 Worker 753977762
1349 1349 1026 Worker 236284203
1350 1350 1026 Worker 87338985
1351 1351 1026 Worker 686918946
1352 1352 1026 Worker 780623725
1353 1353 1026 Worker 284796216
1354 1354 1026 Worker 713484867
1355 1355 1026 Worker 677828269
1356 1356 1026 Worker 326631199
1357 1357 1026 Worker 734280121
1358 1358 1026 Worker 628389006
1359 1359 1026 Worker 153037925
1360 1360 1026 Worker 475005142
1361 1361 1026 Worker 986263094
1362 1362 1026 Worker 427522545
1363 1363 1026 Worker 739579381
1364 1364 1026 Worker 903535282
1365 1365 1026 Worker 199981560
1366 1366 1026 Worker 563779930
1367 1367 1026 Worker 392772581
1368 1368 1026 Worker 932155036
1369 1369 1026 Worker 30580636
1370 1370 1026 Worker 712820537
1371 1371 1026 Worker 759968153
1372 1372 1026 Worker 847366146
1373 1373 1026 Worker 574052037
1374 1374 1026 Worker 938067206
1375 1375 1026 Worker 249114842
1376 1376 1026 Worker 712469544
1377 1377 1026 Worker 120696052
1378 1378 1026 Worker 322566212
1379 1379 1026 Worker 150899271
1380 1380 1026 Worker 323245265
1381 1381 1026 Worker 740925091
1382 1382 1026 Worker 756172326
1383 1383 1026 Worker 385149515
1384 1384 1026 Worker 546392007
1385 1385 1026 Worker 453222074
1386 1386 1026 Worker 48805980
1387 1387 1026 Worker 693872201
1388 1388 1026 Worker 723785920
1389 1389 1026 Worker 786979672
1390 1390 1026 Worker 534568477
1391 1391 1026 Worker 200888916
1392 1392 1026 Worker 457627620
1393 1393 1026 Worker 444496823
1394 1394 1026 Worker 970745219
1395 1395 1026 Worker 786108035
1396 1396 1026 Worker 678468120
1397 1397 1026 Worker 685164585
1398 1398 1026 Worker 521289110
1399 1399 1026 Worker 128868210
1400 1400 1026 Worker 260249234
1401 1401 1026 Worker 741472238
1402 1402 1026 Worker 851732524
1403 1403 1026 Worker 35763620
1404 1404 1026 Worker 196976406
1405 1405 1026 Worker 150214346
1406 1406 1026 Worker 906799836
1407 1407 1026 Worker 474302472
1408 1408 1026 Worker 94363036
1409 1409 1026 Worker 656784122
1410 1410 1026 Worker 12969809
1411 1411 1026 Worker 448645839
1412 1412 1026 Worker 76883791
1413 1413 1026 Worker 180980512
1414 1414 1026 Worker 993753627
1415 1415 1026 Worker 818486551
1416 1416 1026 Worker 74316451
1417 1417 1026 Worker 816827193
1418 1418 1026 Worker 848572791
1419 1419 1026 Worker 251421313
1420 1420 1026 Worker 573877216
1421 1421 1026 Worker 510725139
1422 1422 1026 Worker 349613012
1423 1423 1026 Worker 889764938
1424 1424 1026 Worker 325712938
1425 1425 1026 Worker 892673296
1426 1426 1026 Worker 937678244
1427 1427 1026 Worker 434674847
1428 1428 1026 Worker 747179994
1429 1429 1026 Worker 181036952
1430 1430 1026 Worker 961615967
1431 1431 1026 Worker 227893329
1432 1432 1026 Worker 693011108
1433 1433 1026 Worker 860578836
1434 1434 1026 Worker 993558114
1435 1435 1026 Worker 645108771
1436 1436 1026 Worker 997283565
1437 1437 1026 Worker 100480472
1438 1438 1026 Worker 569109935
1439 1439 1026 Worker 473098989
1440 1440 1026 Worker 409831575
1441 1441 1026 Worker 89495663
1442 1442 1026 Worker 96952060
1443 1443 1026 Worker 657891735
1444 1444 1026 Worker 370521146
1445 1445 1026 Worker 42561970
1446 1446 1026 Worker 671670938
1447 1447 1026 Worker 180105436
1448 1448 1026 Worker 534069625
1449 1449 1026 Worker 324528965
1450 1450 1026 Worker 710819191
1451 1451 1026 Worker 751179453
1452 1452 1026 Worker 901194708
1453 1453 1026 Worker 919513589
1454 1454 1026 Worker 144548325
1455 1455 1026 Worker 860576386
1456 1456 1026 Worker 138287815
1457 1457 1026 Worker 133075582
1458 1458 1026 Worker 551998312
1459 1459 1026 Worker 220062540
1460 1460 1026 Worker 80772843
1461 1461 1026 Worker 87147987
1462 1462 1026 Worker 834585988
1463 1463 1026 Worker 143582933
1464 1464 1026 Worker 599450427
1465 1465 1026 Worker 137049922
1466 1466 1026 Worker 844644571
1467 1467 1026 Worker 234456953
1468 1468 1026 Worker 29825825
1469 1469 1026 Worker 375473057
1470 1470 1026 Worker 96866971
1471 1471 1026 Worker 821865624
1472 1472 1026 Worker 421861095
1473 1473 1026 Worker 555552009
1474 1474 1026 Worker 39551953
1475 1475 1026 Worker 859495663
1476 1476 1026 Worker 486187160
1477 1477 1026 Worker 717133950
1478 1478 1026 Worker 931076123
1479 1479 1026 Worker 66990951
1480 1480 1026 Worker 704092540
1481 1481 1026 Worker 985876286
1482 1482 1026 Worker 97035312
1483 1483 1026 Worker 433891964
1484 1484 1026 Worker 544936791
1485 1485 1026 Worker 630967946
1486 1486 1026 Worker 140470642
1487 1487 1026 Worker 519166638
1488 1488 1026 Worker 444583946
1489 1489 1026 Worker 801527439
1490 1490 1026 Worker 691059590
1491 1491 1026 Worker 958491357
1492 1492 1026 Worker 339108755
1493 1493 1026 Worker 399717122
1494 1494 1026 Worker 572853323
1495 1495 1026 Worker 92308919
1496 1496 1026 Worker 425405192
1497 1497 1026 Worker 332303780
1498 1498 1026 Worker 23191918
1499 1499 1026 Worker 275590771
1500 1500 1026 Worker 117546061
1501 1501 1026 Worker 693974510
1502 1502 1026 Worker 812320432
1503 1503 1026 Worker 928871118
1504 1504 1026 Worker 107836244
1505 1505 1026 Worker 231199181
1506 1506 1026 Worker 84086171
1507 1507 1026 Worker 328202837
1508 1508 1026 Worker 708514399
1509 1509 1026 Worker 758043875
1510 1510 1026 Worker 741433324
1511 1511 1026 Worker 918357319
1512 1512 1026 Worker 889459406
1513 1513 1026 Worker 691340226
1514 1514 1026 Worker 158592981
1515 1515 1026 Worker 493076176
1516 1516 1026 Worker 568077673
1517 1517 1026 Worker 914755268
1518 1518 1026 Worker 257803411
1519 1519 1026 Worker 433301778
1520 1520 1026 Worker 718463428
1521 1521 1026 Worker 457286844
1522 1522 1026 Worker 708124374
1523 1523 1026 Worker 40962453
1524 1524 1026 Worker 998606141
1525 1525 1026 Worker 402529738
1526 1526 1026 Worker 307707162
1527 1527 1026 Worker 239707478
1528 1528 1026 Worker 536732402
1529 1529 1026 Worker 82843504
1530 1530 1026 Worker 195557896
1531 1531 1026 Worker 369217528
1532 1532 1026 Worker 672758512
1533 1533 1026 Worker 63504913
1534 1534 1026 Worker 438858725
1535 1535 1026 Worker 857534619
1536 1536 1026 Worker 928444305
1537 1537 -1 WorkManager 348018582
1538 1538 1537 Worker 702346029
1539 1539 1537 Worker 127345684
1540 1540 1537 Worker 735777361
1541 1541 1537 Worker 832863364
1542 1542 1537 Worker 736428637
1543 1543 1537 Worker 839061349
1544 1544 1537 Worker 23282629
1545 1545 1537 Worker 188089354
1546 1546 1537 Worker 468302328
1547 1547 1537 Worker 973573548
1548 1548 1537 Worker 881843258
1549 1549 1537 Worker 970117795
1550 1550 1537 Worker 537245306
1551 1551 1537 Worker 907168000
1552 1552 1537 Worker 564381842
1553 1553 1537 Worker 339277165
1554 1554 1537 Worker 37515953
1555 1555 1537 Worker 987895289
1556 1556 1537 Worker 729215953
1557 1557 1537 Worker 297850602
1558 1558 1537 Worker 109584739
1559 1559 1537 Worker 392400821
1560 1560 1537 Worker 270001669
1561 1561 1537 Worker 979371916
1562 1562 1537 Worker 331361982
1563 1563 1537 Worker 661539891
1564 1564 1537 Worker 250551902
1565 1565 1537 Worker 592537828
1566 1566 1537 Worker 502488792
1567 1567 1537 Worker 496213871
1568 1568 1537 Worker 306218340
1569 1569 1537 Worker 856509098
1570 1570 1537 Worker 181981301
1571 1571 1537 Worker 92189190
1572 1572 1537 Worker 286492046
1573 1573 1537 Worker 604448283
1574 1574 1537 Worker 289270099
1575 1575 1537 Worker 487395130
1576 1576 1537 Worker 277443696
1577 1577 1537 Worker 8401341
1578 1578 1537 Worker 421897964
1579 1579 1537 Worker 517341864
1580 1580 1537 Worker 690568583
1581 1581 1537 Worker 893872196
1582 1582 1537 Worker 490373278
1583 1583 1537 Worker 23675948
1584 1584 1537 Worker 178071993
1585 1585 1537 Worker 591067503
1586 1586 1537 Worker 536604839
1587 1587 1537 Worker 194541953
1588 1588 1537 Worker 339620871
1589 1589 1537 Worker 877836526
1590 1590 1537 Worker 476717180
1591 1591 1537 Worker 653961177
1592 1592 1537 Worker 220981472
1593 1593 1537 Worker 750584574
1594 1594 1537 Worker 591494383
1595 1595 1537 Worker 703540184
1596 1596 1537 Worker 904050346
1597 1597 1537 Worker 66381681
1598 1598 1537 Worker 466851791
1599 1599 1537 Worker 330291453
1600 1600 1537 Worker 807540392
1601 1601 1537 Worker 375924582
1602 1602 1537 Worker 186041085
1603 1603 1537 Worker 271267031
1604 1604 1537 Worker 488036031
1605 1605 1537 Worker 111362279
1606 1606 1537 Worker 538641386
1607 1607 1537 Worker 840514759
1608 1608 1537 Worker 132578033
1609 1609 1537 Worker 722444796
1610 1610 1537 Worker 820762141
1611 1611 1537 Worker 905886554
1612 1612 1537 Worker 485624638
1613 1613 1537 Worker 751022036
1614 1614 1537 Worker 874735418
1615 1615 1537 Worker 929310333
1616 1616 1537 Worker 410872551
1617 1617 1537 Worker 363107991
1618 1618 1537 Worker 489884217
1619 1619 1537 Worker 553340732
1620 1620 1537 Worker 614239174
1621 1621 1537 Worker 997108114
1622 1622 1537 Worker 723673187
1623 1623 1537 Worker 699070004
1624 1624 1537 Worker 265842148
1625 1625 1537 Worker 204610837
1626 1626 1537 Worker 976668419
1627 1627 1537 Worker 109672288
1628 1628 1537 Worker 832720950
1629 1629 1537 Worker 75924347
1630 1630 1537 Worker 928826403
1631 1631 1537 Worker 228310825
1632 1632 1537 Worker 31086100
1633 1633 1537 Worker 621655300
1634 1634 1537 Worker 679593677
1635 1635 1537 Worker 168164725
1636 1636 1537 Worker 537516881
1637 1637 1537 Worker 552369157
1638 1638 1537 Worker 918242850
1639 1639 1537 Worker 391517655
1640 1640 1537 Worker 458368871
1641 1641 1537 Worker 536370825
1642 1642 1537 Worker 200073838
1643 1643 1537 Worker 507614317
1644 1644 1537 Worker 320934937
1645 1645 1537 Worker 926221731
1646 1646 1537 Worker 960777134
1647 1647 1537 Worker 134590908
1648 1648 1537 Worker 564695526
1649 1649 1537 Worker 655809624
1650 1650 1537 Worker 999732346
1651 1651 1537 Worker 103184305
1652 1652 1537 Worker 516353771
1653 1653 1537 Worker 453351767
1654 1654 1537 Worker 472014069
1655 1655 1537 Worker 507839267
1656 1656 1537 Worker 894971479
1657 1657 1537 Worker 104412884
1658 1658 1537 Worker 321044084
1659 1659 1537 Worker 735702438
1660 1660 1537 Worker 771233796
1661 1661 1537 Worker 990391271
1662 1662 1537 Worker 284216838
1663 1663 1537 Worker 748306144
1664 1664 1537 Worker 40028220
1665 1665 1537 Worker 492369037
1666 1666 1537 Worker 574450801
1667 1667 1537 Worker 612999587
1668 1668 1537 Worker 447834362
1669 1669 1537 Worker 998296036
1670 1670 1537 Worker 34852971
1671 1671 1537 Worker 223481115
1672 1672 1537 Worker 241979151
1673 1673 1537 Worker 893343559
1674 1674 1537 Worker 151711783
1675 1675 1537 Worker 218559170
1676 1676 1537 Worker 924278418
1677 1677 1537 Worker 536855326
1678 1678 1537 Worker 307173789
1679 1679 1537 Worker 191741441
1680 1680 1537 Worker 730010514
1681 1681 1537 Worker 643796309
1682 1682 1537 Worker 385237000
1683 1683 1537 Worker 696619691
1684 1684 1537 Worker 966473870
1685 1685 1537 Worker 465762872
1686 1686 1537 Worker 303543255
1687 1687 1537 Worker 35965249
1688 1688 1537 Worker 101796322
1689 1689 1537 Worker 351548084
1690 1690 1537 Worker 672886234
1691 1691 1537 Worker 761526140
1692 1692 1537 Worker 359312621
1693 1693 1537 Worker 393218493
1694 1694 1537 Worker 4839386
1695 1695 1537 Worker 928343850
1696 1696 1537 Worker 706619812
1697 1697 1537 Worker 815879035
1698 1698 1537 Worker 598207396
1699 1699 1537 Worker 136007105
1700 1700 1537 Worker 109333366
1701 1701 1537 Worker 821749004
1702 1702 1537 Worker 83564114
1703 1703 1537 Worker 771764446
1704 1704 1537 Worker 517138700
1705 1705 1537 Worker 231672381
1706 1706 1537 Worker 174189629
1707 1707 1537 Worker 422120334
1708 1708 1537 Worker 126750923
1709 1709 1537 Worker 816369693
1710 1710 1537 Worker 344340585
1711 1711 1537 Worker 673027359
1712 1712 1537 Worker 775443720
1713 1713 1537 Worker 517103373
1714 1714 1537 Worker 209876821
1715 1715 1537 Worker 547650353
1716 1716 1537 Worker 804541931
1717 1717 1537 Worker 427005619
1718 1718 1537 Worker 740000077
1719 1719 1537 Worker 269352113
1720 1720 1537 Worker 590511955
1721 1721 1537 Worker 414670858
1722 1722 1537 Worker 133376851
1723 1723 1537 Worker 344734745
1724 1724 1537 Worker 448036131
1725 1725 1537 Worker 371715679
1726 1726 1537 Worker 260738863
1727 1727 1537 Worker 399142645
1728 1728 1537 Worker 948140886
1729 1729 1537 Worker 25031069
1730 1730 1537 Worker 820018958
1731 1731 1537 Worker 838050442
1732 1732 1537 Worker 958376573
1733 1733 1537 Worker 778921551
1734 1734 1537 Worker 204452757
1735 1735 1537 Worker 989745741
1736 1736 1537 Worker 23149382
1737 1737 1537 Worker 307851750
1738 1738 1537 Worker 340897333
1739 1739 1537 Worker 638786902
1740 1740 1537 Worker 841167233
1741 1741 1537 Worker 498244256
1742 1742 1537 Worker 903263530
1743 1743 1537 Worker 503119561
1744 1744 1537 Worker 226554944
1745 1745 1537 Worker 85159750
1746 1746 1537 Worker 884316090
1747 1747 1537 Worker 547274354
1748 1748 1537 Worker 156778167
1749 1749 1537 Worker 217299790
1750 1750 1537 Worker 534726220
1751 1751 1537 Worker 334808979
1752 1752 1537 Worker 141221652
1753 1753 1537 Worker 428708869
1754 1754 1537 Worker 194894287
1755 1755 1537 Worker 23269609
1756 1756 1537 Worker 581631262
1757 1757 1537 Worker 720042199
1758 1758 1537 Worker 663863336
1759 1759 1537 Worker 855255422
1760 1760 1537 Worker 529734380
1761 1761 1537 Worker 444596143
1762 1762 1537 Worker 90231764
1763 1763 1537 Worker 996939242
1764 1764 1537 Worker 835018040
1765 1765 1537 Worker 223255510
1766 1766 1537 Worker 912690312
1767 1767 1537 Worker 590667666
1768 1768 1537 Worker 218413907
1769 1769 1537 Worker 415802233
1770 1770 1537 Worker 508249244
1771 1771 1537 Worker 216280853
1772 1772 1537 Worker 504194137
1773 1773 1537 Worker 988740158
1774 1774 1537 Worker 765640910
1775 1775 1537 Worker 39036893
1776 1776 1537 Worker 976639701
1777 1777 1537 Worker 713478440
1778 1778 1537 Worker 102306974
1779 1779 1537 Worker 742981813
1780 1780 1537 Worker 922682986
1781 1781 1537 Worker 168123726
1782 1782 1537 Worker 419985329
1783 1783 1537 Worker 219778761
1784 1784 1537 Worker 486507161
1785 1785 1537 Worker 489266181
1786 1786 1537 Worker 875418848
1787 1787 1537 Worker 252082584
1788 1788 1537 Worker 130179858
1789 1789 1537 Worker 172348907
1790 1790 1537 Worker 951829189
1791 1791 1537 Worker 80733578
1792 1792 1537 Worker 380087205
1793 1793 1537 Worker 337710172
1794 1794 1537 Worker 766913718
1795 1795 1537 Worker 90849396
1796 1796 1537 Worker 40672366
1797 1797 1537 Worker 460657672
1798 1798 1537 Worker 990328701
1799 1799 1537 Worker 424906345
1800 1800 1537 Worker 607521272
1801 1801 1537 Worker 51553035
1802 1802 1537 Worker 609587250
1803 1803 1537 Worker 32076154
1804 1804 1537 Worker 668160813
1805 1805 1537 Worker 795055628
1806 1806 1537 Worker 989563119
1807 1807 1537 Worker 847476816
1808 1808 1537 Worker 754117435
1809 1809 1537 Worker 654590753
1810 1810 1537 Worker 938581761
1811 1811 1537 Worker 881779103
1812 1812 1537 Worker 859618712
1813 1813 1537 Worker 234214286
1814 1814 1537 Worker 93266854
1815 1815 1537 Worker 519446327
1816 1816 1537 Worker 378710401
1817 1817 1537 Worker 284621455
1818 1818 1537 Worker 81005888
1819 1819 1537 Worker 602917425
1820 1820 1537 Worker 883311984
1821 1821 1537 Worker 302502439
1822 1822 1537 Worker 439178583
1823 1823 1537 Worker 407110597
1824 1824 1537 Worker 804456908
1825 1825 1537 Worker 469160235
1826 1826 1537 Worker 313824863
1827 1827 1537 Worker 658558161
1828 1828 1537 Worker 20343286
1829 1829 1537 Worker 355829104
1830 1830 1537 Worker 386120453
1831 1831 1537 Worker 512022721
1832 1832 1537 Worker 439231327
1833 1833 1537 Worker 473190656
1834 1834 1537 Worker 617643620
1835 1835 1537 Worker 954573898
1836 1836 1537 Worker 829211607
1837 1837 1537 Worker 705525698
1838 1838 1537 Worker 127753598
1839 1839 1537 Worker 860986879
1840 1840 1537 Worker 837962990
1841 1841 1537 Worker 811424188
1842 1842 1537 Worker 761274935
1843 1843 1537 Worker 582121535
1844 1844 1537 Worker 177999548
1845 1845 1537 Worker 32828749
1846 1846 1537 Worker 2900513
1847 1847 1537 Worker 101392132
1848 1848 1537 Worker 143418810
1849 1849 1537 Worker 230928791
1850 1850 1537 Worker 693525573
1851 1851 1537 Worker 780580697
1852 1852 1537 Worker 525012240
1853 1853 1537 Worker 842669386
1854 1854 1537 Worker 837120268
1855 1855 1537 Worker 291594253
1856 1856 1537 Worker 50798401
1857 1857 1537 Worker 667788649
1858 1858 1537 Worker 71870397
1859 1859 1537 Worker 349466950
1860 1860 1537 Worker 186027809
1861 1861 1537 Worker 190357824
1862 1862 1537 Worker 900077622
1863 1863 1537 Worker 304699077
1864 1864 1537 Worker 720890103
1865 1865 1537 Worker 673601781
1866 1866 1537 Worker 553414500
1867 1867 1537 Worker 941213706
1868 1868 1537 Worker 440460363
1869 1869 1537 Worker 101483861
1870 1870 1537 Worker 806868541
1871 1871 1537 Worker 130546252
1872 1872 1537 Worker 982740928
1873 1873 1537 Worker 222866635
1874 1874 1537 Worker 176320265
1875 1875 1537 Worker 732870534
1876 1876 1537 Worker 399991989
1877 1877 1537 Worker 879040503
1878 1878 1537 Worker 668862315
1879 1879 1537 Worker 697666823
1880 1880 1537 Worker 937826873
1881 1881 1537 Worker 733275103
1882 1882 1537 Worker 283032461
1883 1883 1537 Worker 415838767
1884 1884 1537 Worker 429389945
1885 1885 1537 Worker 436273826
1886 1886 1537 Worker 862225168
1887 1887 1537 Worker 174792309
1888 1888 1537 Worker 915262655
1889 1889 1537 Worker 423134264
1890 1890 1537 Worker 857788020
1891 1891 1537 Worker 400133650
1892 1892 1537 Worker 341520144
1893 1893 1537 Worker 859577159
1894 1894 1537 Worker 787207979
1895 1895 1537 Worker 891593257
1896 1896 1537 Worker 371036053
1897 1897 1537 Worker 816632239
1898 1898 1537 Worker 247892949
1899 1899 1537 Worker 428789664
1900 1900 1537 Worker 577381217
1901 1901 1537 Worker 298852212
1902 1902 1537 Worker 511145568
1903 1903 1537 Worker 128607470
1904 1904 1537 Worker 387146944
1905 1905 1537 Worker 255035588
1906 1906 1537 Worker 580016914
1907 1907 1537 Worker 3637521
1908 1908 1537 Worker 782130149
1909 1909 1537 Worker 814248180
1910 1910 1537 Worker 139748589
1911 1911 1537 Worker 471923526
1912 1912 1537 Worker 687091913
1913 1913 1537 Worker 364459118
1914 1914 1537 Worker 168979387
1915 1915 1537 Worker 436768327
1916 1916 1537 Worker 498186621
1917 1917 1537 Worker 431263106
1918 1918 1537 Worker 365183209
1919 1919 1537 Worker 480163231
1920 1920 1537 Worker 651958724
1921 1921 1537 Worker 89729104
1922 1922 1537 Worker 742625587
1923 1923 1537 Worker 858569803
1924 1924 1537 Worker 916670829
1925 1925 1537 Worker 749479591
1926 1926 1537 Worker 651197973
1927 1927 1537 Worker 334093743
1928 1928 1537 Worker 577612069
1929 1929 1537 Worker 233163229
1930 1930 1537 Worker 425434621
1931 1931 1537 Worker 326788424
1932 1932 1537 Worker 871260348
1933 1933 1537 Worker 939610646
1934 1934 1537 Worker 106739818
1935 1935 1537 Worker 321940982
1936 1936 1537 Worker 353261508
1937 1937 1537 Worker 217805489
1938 1938 1537 Worker 412818183
1939 1939 1537 Worker 760079852
1940 1940 1537 Worker 522816505
1941 1941 1537 Worker 124826408
1942 1942 1537 Worker 68570871
1943 1943 1537 Worker 245433242
1944 1944 1537 Worker 738492183
1945 1945 1537 Worker 418330744
1946 1946 1537 Worker 317608479
1947 1947 1537 Worker 103167726
1948 1948 1537 Worker 643539622
1949 1949 1537 Worker 576181524
1950 1950 1537 Worker 158740815
1951 1951 1537 Worker 939047895
1952 1952 1537 Worker 389842211
1953 1953 1537 Worker 770848201
1954 1954 1537 Worker 864272502
1955 1955 1537 Worker 440928314
1956 1956 1537 Worker 398539755
1957 1957 1537 Worker 195455903
1958 1958 1537 Worker 599035830
1959 1959 1537 Worker 97236177
1960 1960 1537 Worker 440697323
1961 1961 1537 Worker 838651627
1962 1962 1537 Worker 175782795
1963 1963 1537 Worker 603997409
1964 1964 1537 Worker 229506822
1965 1965 1537 Worker 600161149
1966 1966 1537 Worker 979163844
1967 1967 1537 Worker 252118576
1968 1968 1537 Worker 488930699
1969 1969 1537 Worker 986846219
1970 1970 1537 Worker 408886480
1971 1971 1537 Worker 625225284
1972 1972 1537 Worker 331421509
1973 1973 1537 Worker 680095276
1974 1974 1537 Worker 174994831
1975 1975 1537 Worker 525808109
1976 1976 1537 Worker 142107906
1977 1977 1537 Worker 873825029
1978 1978 1537 Worker 916885357
1979 1979 1537 Worker 319050521
1980 1980 1537 Worker 891961893
1981 1981 1537 Worker 848700784
1982 1982 1537 Worker 955579742
1983 1983 1537 Worker 555362656
1984 1984 1537 Worker 998650730
1985 1985 1537 Worker 201511575
1986 1986 1537 Worker 230085860
1987 1987 1537 Worker 403332008
1988 1988 1537 Worker 516292759
1989 1989 1537 Worker 206860459
1990 1990 1537 Worker 176283119
1991 1991 1537 Worker 90278031
1992 1992 1537 Worker 525256804
1993 1993 1537 Worker 214014776
1994 1994 1537 Worker 513956517
1995 1995 1537 Worker 995383253
1996 1996 1537 Worker 803068510
1997 1997 1537 Worker 875565980
1998 1998 1537 Worker 416409558
1999 1999 1537 Worker 326785343
2000 2000 1537 Worker 199361425
2001 2001 1537 Worker 68901064
2002 2002 1537 Worker 454487084
2003 2003 1537 Worker 238784408
2004 2004 1537 Worker 612435793
2005 2005 1537 Worker 411586313
2006 2006 1537 Worker 539758329
2007 2007 1537 Worker 836034936
2008 2008 1537 Worker 335516974
2009 2009 1537 Worker 101135351
2010 2010 1537 Worker 74823078
2011 2011 1537 Worker 906685023
2012 2012 1537 Worker 8698427
2013 2013 1537 Worker 203431135
2014 2014 1537 Worker 523393138
2015 2015 1537 Worker 115633030
2016 2016 1537 Worker 538701566
2017 2017 1537 Worker 217262835
2018 2018 1537 Worker 643016
2019 2019 1537 Worker 74996561
2020 2020 1537 Worker 758993651
2021 2021 1537 Worker 616263111
2022 2022 1537 Worker 531789803
2023 2023 1537 Worker 173059574
2024 2024 1537 Worker 695745016
2025 2025 1537 Worker 42019670
2026 2026 1537 Worker 405189723
2027 2027 1537 Worker 316549571
2028 2028 1537 Worker 17509724
2029 2029 1537 Worker 60456958
2030 2030 1537 Worker 604650956
2031 2031 1537 Worker 861520506
2032 2032 1537 Worker 830685915
2033 2033 1537 Worker 377129335
2034 2034 1537 Worker 301316107
2035 2035 1537 Worker 561770930
2036 2036 1537 Worker 245602166
2037 2037 1537 Worker 244361062
2038 2038 1537 Worker 386031239
2039 2039 1537 Worker 854232190
2040 2040 1537 Worker 636946456
2041 2041 1537 Worker 835559576
2042 2042 1537 Worker 615439150
2043 2043 1537 Worker 867346200
2044 2044 1537 Worker 247522124
2045 2045 1537 Worker 972372589
2046 2046 1537 Worker 41638419
2047 2047 1537 Worker 722942620
