0 0 -1 Splicer 365137268
1 1 0 Worker 117305721
2 2 -1 PersistentDB 270461985
3 3 -1 InMemoryDB 977271967
4 4 -1 WorkManager 749018636
5 5 4 Worker 125117860
6 6 4 Worker 797344628
7 7 4 Worker 21944999
8 8 4 Worker 669329512
9 9 4 Worker 754910930
10 10 4 Worker 513751025
11 11 4 Worker 76195627
12 12 4 Worker 112373032
13 13 4 Worker 230271163
14 14 4 Worker 74705986
15 15 4 Worker 92375532
16 16 4 Worker 46943272
17 17 4 Worker 865838523
18 18 4 Worker 963227673
19 19 4 Worker 896225296
20 20 4 Worker 694253064
21 21 4 Worker 714592077
22 22 4 Worker 985694708
23 23 4 Worker 587788069
24 24 4 Worker 833314304
25 25 4 Worker 52110303
26 26 4 Worker 117984265
27 27 4 Worker 57000205
28 28 4 Worker 696821938
29 29 4 Worker 665561684
30 30 4 Worker 977450912
31 31 4 Worker 429576610
32 32 4 Worker 956197173
33 33 4 Worker 583947910
34 34 4 Worker 865520306
35 35 4 Worker 206516615
36 36 4 Worker 524576205
37 37 4 Worker 599798669
38 38 4 Worker 3531382
39 39 4 Worker 716165652
40 40 4 Worker 561304720
41 41 4 Worker 12706113
42 42 4 Worker 846798174
43 43 4 Worker 729997791
44 44 4 Worker 188447322
45 45 4 Worker 435116812
46 46 4 Worker 2562682
47 47 4 Worker 955693377
48 48 4 Worker 80199312
49 49 4 Worker 722701205
50 50 4 Worker 146422793
51 51 4 Worker 628489999
52 52 4 Worker 912553400
53 53 4 Worker 312766347
54 54 4 Worker 123570095
55 55 4 Worker 900037771
56 56 4 Worker 398836682
57 57 4 Worker 846657523
58 58 4 Worker 542196496
59 59 4 Worker 471426645
60 60 4 Worker 923476260
61 61 4 Worker 772107490
62 62 4 Worker 889359352
63 63 4 Worker 862854285
64 64 4 Worker 472966477
65 65 4 Worker 562364823
66 66 4 Worker 253883182
67 67 4 Worker 657378724
68 68 4 Worker 736590932
69 69 4 Worker 42221395
70 70 4 Worker 293309599
71 71 4 Worker 46584038
72 72 4 Worker 8774254
73 73 4 Worker 765473312
74 74 4 Worker 694676431
75 75 4 Worker 460163004
76 76 4 Worker 589802350
77 77 4 Worker 430704427
78 78 4 Worker 978002786
79 79 4 Worker 241729601
80 80 4 Worker 417990343
81 81 4 Worker 45459067
82 82 4 Worker 395033471
83 83 4 Worker 420283149
84 84 4 Worker 805055230
85 85 4 Worker 792396229
86 86 4 Worker 375654826
87 87 4 Worker 735986205
88 88 4 Worker 805581809
89 89 4 Worker 935257901
90 90 4 Worker 571629296
91 91 4 Worker 289264592
92 92 4 Worker 101042954
93 93 4 Worker 58144792
94 94 4 Worker 882669438
95 95 4 Worker 812449718
96 96 4 Worker 908091029
97 97 4 Worker 850755761
98 98 4 Worker 608833972
99 99 4 Worker 532234116
100 100 4 Worker 865918026
101 101 4 Worker 596078758
102 102 4 Worker 590982175
103 103 4 Worker 596903724
104 104 4 Worker 476174180
105 105 4 Worker 387140958
106 106 4 Worker 573361458
107 107 4 Worker 888665480
108 108 4 Worker 334484206
109 109 4 Worker 898979737
110 110 4 Worker 299667174
111 111 4 Worker 733121913
112 112 4 Worker 555701865
113 113 4 Worker 852944874
114 114 4 Worker 554832624
115 115 4 Worker 671376563
116 116 4 Worker 638226415
117 117 4 Worker 667202672
118 118 4 Worker 646452722
119 119 4 Worker 742465659
120 120 4 Worker 542133311
121 121 4 Worker 600202368
122 122 4 Worker 188372441
123 123 4 Worker 181659885
124 124 4 Worker 587378295
125 125 4 Worker 690073931
126 126 4 Worker 558611511
127 127 4 Worker 507674836
128 128 4 Worker 830123
129 129 4 Worker 239173707
130 130 4 Worker 138481833
131 131 4 Worker 870782114
132 132 4 Worker 935523510
133 133 4 Worker 334640670
134 134 4 Worker 407894208
135 135 4 Worker 402628063
136 136 4 Worker 599853001
137 137 4 Worker 154964759
138 138 4 Worker 519301156
139 139 4 Worker 643439697
140 140 4 Worker 333375559
141 141 4 Worker 798790881
142 142 4 Worker 202318588
143 143 4 Worker 609804645
144 144 4 Worker 346791395
145 145 4 Worker 140530430
146 146 4 Worker 822040909
147 147 4 Worker 755373589
148 148 4 Worker 55121743
149 149 4 Worker 529813259
150 150 4 Worker 321919602
151 151 4 Worker 267929837
152 152 4 Worker 680046180
153 153 4 Worker 641318680
154 154 4 Worker 450545651
155 155 4 Worker 637079624
156 156 4 Worker 684225172
157 157 4 Worker 659500109
158 158 4 Worker 582461618
159 159 4 Worker 140034556
160 160 4 Worker 244365593
161 161 4 Worker 180442869
162 162 4 Worker 385350760
163 163 4 Worker 292051950
164 164 4 Worker 767043959
165 165 4 Worker 392433237
166 166 4 Worker 929768609
167 167 4 Worker 914078847
168 168 4 Worker 942556710
169 169 4 Worker 777776386
170 170 4 Worker 683819034
171 171 4 Worker 368939823
172 172 4 Worker 348197334
173 173 4 Worker 640179969
174 174 4 Worker 755589060
175 175 4 Worker 845671123
176 176 4 Worker 591604113
177 177 4 Worker 960069930
178 178 4 Worker 745866116
179 179 4 Worker 794555874
180 180 4 Worker 14823791
181 181 4 Worker 892634281
182 182 4 Worker 37712608
183 183 4 Worker 738316146
184 184 4 Worker 884753578
185 185 4 Worker 589731809
186 186 4 Worker 743547108
187 187 4 Worker 189462342
188 188 4 Worker 275669472
189 189 4 Worker 881404880
190 190 4 Worker 867586366
191 191 4 Worker 81439449
192 192 4 Worker 122135733
193 193 4 Worker 734944252
194 194 4 Worker 725747913
195 195 4 Worker 114698516
196 196 4 Worker 792504166
197 197 4 Worker 753035324
198 198 4 Worker 28771286
199 199 4 Worker 165988862
200 200 4 Worker 542069649
201 201 4 Worker 692924085
202 202 4 Worker 232870441
203 203 4 Worker 199550677
204 204 4 Worker 269671417
205 205 4 Worker 140219701
206 206 4 Worker 314306154
207 207 4 Worker 313191636
208 208 4 Worker 439348564
209 209 4 Worker 628861392
210 210 4 Worker 357615795
211 211 4 Worker 386664831
212 212 4 Worker 964997818
213 213 4 Worker 753235401
214 214 4 Worker 496662245
215 215 4 Worker 132844250
216 216 4 Worker 620089719
217 217 4 Worker 334882392
218 218 4 Worker 481647142
219 219 4 Worker 263308224
220 220 4 Worker 920876318
221 221 4 Worker 417000282
222 222 4 Worker 765729643
223 223 4 Worker 926471945
224 224 4 Worker 362745723
225 225 4 Worker 450368942
226 226 4 Worker 337647079
227 227 4 Worker 357072566
228 228 4 Worker 772934761
229 229 4 Worker 219706338
230 230 4 Worker 442333809
231 231 4 Worker 1857322
232 232 4 Worker 12980400
233 233 4 Worker 93719346
234 234 4 Worker 503140939
235 235 4 Worker 275834323
236 236 4 Worker 784179612
237 237 4 Worker 318191265
238 238 4 Worker 18979077
239 239 4 Worker 494683712
240 240 4 Worker 321369779
241 241 4 Worker 806413029
242 242 4 Worker 239243356
243 243 4 Worker 859231573
244 244 4 Worker 755415702
245 245 4 Worker 120583950
246 246 4 Worker 430680036
247 247 4 Worker 179471696
248 248 4 Worker 461200345
249 249 4 Worker 254288375
250 250 4 Worker 464964010
251 251 4 Worker 83525184
252 252 4 Worker 732419431
253 253 4 Worker 836319917
254 254 4 Worker 274120308
255 255 4 Worker 328521394
