0 0 -1 Splicer 937134962
1 1 0 Worker 304441613
2 2 -1 PersistentDB 663901
3 3 -1 InMemoryDB 552172556
4 4 -1 WorkManager 582988667
5 5 4 Worker 502391671
6 6 4 Worker 802561054
7 7 4 Worker 828918069
8 8 4 Worker 688128474
9 9 4 Worker 902598421
10 10 4 Worker 218492522
11 11 4 Worker 335697781
12 12 4 Worker 508563365
13 13 4 Worker 482654848
14 14 4 Worker 962660344
15 15 4 Worker 582426125
16 16 4 Worker 811535316
17 17 4 Worker 83508216
18 18 4 Worker 187320104
19 19 4 Worker 843647335
20 20 4 Worker 466769566
21 21 4 Worker 842067045
22 22 4 Worker 781714644
23 23 4 Worker 47011176
24 24 4 Worker 14423981
25 25 4 Worker 46231876
26 26 4 Worker 448934236
27 27 4 Worker 179669047
28 28 4 Worker 577023017
29 29 4 Worker 468965752
30 30 4 Worker 38202464
31 31 4 Worker 185622275
32 32 4 Worker 517173681
33 33 4 Worker 480319025
34 34 4 Worker 762446297
35 35 4 Worker 886269942
36 36 4 Worker 545633409
37 37 4 Worker 308771751
38 38 4 Worker 395743886
39 39 4 Worker 74110997
40 40 4 Worker 814818967
41 41 4 Worker 84902096
42 42 4 Worker 324933678
43 43 4 Worker 954440194
44 44 4 Worker 589015941
45 45 4 Worker 454339657
46 46 4 Worker 685756880
47 47 4 Worker 16673644
48 48 4 Worker 765138416
49 49 4 Worker 723291579
50 50 4 Worker 478804831
51 51 4 Worker 776199904
52 52 4 Worker 921252815
53 53 4 Worker 893649999
54 54 4 Worker 892584726
55 55 4 Worker 950157808
56 56 4 Worker 102722331
57 57 4 Worker 332079637
58 58 4 Worker 578256344
59 59 4 Worker 155742344
60 60 4 Worker 588002057
61 61 4 Worker 484806128
62 62 4 Worker 906002420
63 63 4 Worker 3559970
64 64 4 Worker 68794097
65 65 4 Worker 109271961
66 66 4 Worker 254168375
67 67 4 Worker 794675092
68 68 4 Worker 806466172
69 69 4 Worker 505874017
70 70 4 Worker 217238739
71 71 4 Worker 284473864
72 72 4 Worker 99112066
73 73 4 Worker 47281191
74 74 4 Worker 765486273
75 75 4 Worker 448482295
76 76 4 Worker 828378057
77 77 4 Worker 612219728
78 78 4 Worker 430225363
79 79 4 Worker 297261252
80 80 4 Worker 210920195
81 81 4 Worker 837479567
82 82 4 Worker 649477501
83 83 4 Worker 195884911
84 84 4 Worker 161370040
85 85 4 Worker 947234656
86 86 4 Worker 426074543
87 87 4 Worker 660863496
88 88 4 Worker 309037544
89 89 4 Worker 937678357
90 90 4 Worker 692315341
91 91 4 Worker 183179530
92 92 4 Worker 15742709
93 93 4 Worker 51125758
94 94 4 Worker 221311599
95 95 4 Worker 272201442
96 96 4 Worker 25985267
97 97 4 Worker 385679136
98 98 4 Worker 315253980
99 99 4 Worker 988202037
100 100 4 Worker 573184370
101 101 4 Worker 849050713
102 102 4 Worker 397991525
103 103 4 Worker 124378934
104 104 4 Worker 447892886
105 105 4 Worker 710474625
106 106 4 Worker 469560286
107 107 4 Worker 81680133
108 108 4 Worker 11511884
109 109 4 Worker 425807884
110 110 4 Worker 944833285
111 111 4 Worker 19951454
112 112 4 Worker 897918368
113 113 4 Worker 278193359
114 114 4 Worker 901412472
115 115 4 Worker 460852206
116 116 4 Worker 947557423
117 117 4 Worker 505436256
118 118 4 Worker 751250034
119 119 4 Worker 768355207
120 120 4 Worker 589814406
121 121 4 Worker 702984604
122 122 4 Worker 527217610
123 123 4 Worker 289990831
124 124 4 Worker 80410599
125 125 4 Worker 55128524
126 126 4 Worker 536230068
127 127 4 Worker 359862794
