0 0 -1 Splicer 70572477
1 1 0 Worker 996923487
2 2 -1 PersistentDB 390370202
3 3 -1 InMemoryDB 896709571
4 4 -1 WorkManager 242537218
5 5 4 Worker 675204798
6 6 4 Worker 347406403
7 7 4 Worker 180637519
8 8 4 Worker 867003895
9 9 4 Worker 750896478
10 10 4 Worker 705109740
11 11 4 Worker 954483216
12 12 4 Worker 971822457
13 13 4 Worker 908762335
14 14 4 Worker 466613280
15 15 4 Worker 279947120
16 16 4 Worker 538488056
17 17 4 Worker 374749552
18 18 4 Worker 686689048
19 19 4 Worker 843037630
20 20 4 Worker 866544766
21 21 4 Worker 828306820
22 22 4 Worker 934591376
23 23 4 Worker 33724105
24 24 4 Worker 663791593
25 25 4 Worker 751636486
26 26 4 Worker 638088449
27 27 4 Worker 934659373
28 28 4 Worker 658772846
29 29 4 Worker 150773826
30 30 4 Worker 958815480
31 31 4 Worker 13590527
32 32 4 Worker 402108179
33 33 4 Worker 473303452
34 34 4 Worker 613711121
35 35 4 Worker 382675247
36 36 4 Worker 746847785
37 37 4 Worker 812428932
38 38 4 Worker 156957817
39 39 4 Worker 189954113
40 40 4 Worker 527180352
41 41 4 Worker 717381220
42 42 4 Worker 627536065
43 43 4 Worker 501089270
44 44 4 Worker 934045308
45 45 4 Worker 246360003
46 46 4 Worker 942232550
47 47 4 Worker 950716194
48 48 4 Worker 864677332
49 49 4 Worker 605289032
50 50 4 Worker 691752355
51 51 4 Worker 417514017
52 52 4 Worker 13812654
53 53 4 Worker 18691612
54 54 4 Worker 298158679
55 55 4 Worker 620234584
56 56 4 Worker 371800679
57 57 4 Worker 8105145
58 58 4 Worker 555640632
59 59 4 Worker 99528110
60 60 4 Worker 307614603
61 61 4 Worker 271052801
62 62 4 Worker 634530063
63 63 4 Worker 206954919
64 64 4 Worker 331235368
65 65 4 Worker 596650572
66 66 4 Worker 429125827
67 67 4 Worker 524512890
68 68 4 Worker 419443521
69 69 4 Worker 782440313
70 70 4 Worker 584530762
71 71 4 Worker 718385772
72 72 4 Worker 338312595
73 73 4 Worker 948287499
74 74 4 Worker 255821419
75 75 4 Worker 536498082
76 76 4 Worker 29191684
77 77 4 Worker 504590022
78 78 4 Worker 678791198
79 79 4 Worker 36481886
80 80 4 Worker 219119271
81 81 4 Worker 188330644
82 82 4 Worker 587874713
83 83 4 Worker 72726862
84 84 4 Worker 997452416
85 85 4 Worker 345819931
86 86 4 Worker 347656013
87 87 4 Worker 764075314
88 88 4 Worker 244910370
89 89 4 Worker 531863364
90 90 4 Worker 409604404
91 91 4 Worker 83792106
92 92 4 Worker 480106953
93 93 4 Worker 673181877
94 94 4 Worker 120669173
95 95 4 Worker 734806465
96 96 4 Worker 9966589
97 97 4 Worker 556998714
98 98 4 Worker 846017871
99 99 4 Worker 778144084
100 100 4 Worker 12854733
101 101 4 Worker 144244043
102 102 4 Worker 503427765
103 103 4 Worker 864944000
104 104 4 Worker 49907815
105 105 4 Worker 878032331
106 106 4 Worker 478941686
107 107 4 Worker 855814427
108 108 4 Worker 341102995
109 109 4 Worker 582444672
110 110 4 Worker 420970922
111 111 4 Worker 187854088
112 112 4 Worker 188345148
113 113 4 Worker 129375854
114 114 4 Worker 234774368
115 115 4 Worker 739953998
116 116 4 Worker 956707927
117 117 4 Worker 108829175
118 118 4 Worker 768700229
119 119 4 Worker 821665239
120 120 4 Worker 328067063
121 121 4 Worker 621030713
122 122 4 Worker 765066865
123 123 4 Worker 872489616
124 124 4 Worker 647491553
125 125 4 Worker 182046239
126 126 4 Worker 692059828
127 127 4 Worker 947441982
128 128 4 Worker 876935963
129 129 4 Worker 889570729
130 130 4 Worker 893510493
131 131 4 Worker 178680330
132 132 4 Worker 499573129
133 133 4 Worker 90435602
134 134 4 Worker 656516845
135 135 4 Worker 46839708
136 136 4 Worker 534828580
137 137 4 Worker 340476869
138 138 4 Worker 309016749
139 139 4 Worker 187428231
140 140 4 Worker 163647831
141 141 4 Worker 691572916
142 142 4 Worker 499719195
143 143 4 Worker 170599411
144 144 4 Worker 536286363
145 145 4 Worker 774642395
146 146 4 Worker 934206936
147 147 4 Worker 181361905
148 148 4 Worker 865817852
149 149 4 Worker 306500539
150 150 4 Worker 23791107
151 151 4 Worker 532120628
152 152 4 Worker 145468472
153 153 4 Worker 579474743
154 154 4 Worker 531769244
155 155 4 Worker 88290082
156 156 4 Worker 246792404
157 157 4 Worker 912964472
158 158 4 Worker 346588974
159 159 4 Worker 208918375
160 160 4 Worker 990650258
161 161 4 Worker 99604756
162 162 4 Worker 977980425
163 163 4 Worker 984164319
164 164 4 Worker 278163550
165 165 4 Worker 580417532
166 166 4 Worker 825212312
167 167 4 Worker 492461048
168 168 4 Worker 416786388
169 169 4 Worker 512133171
170 170 4 Worker 914877837
171 171 4 Worker 188635864
172 172 4 Worker 396125531
173 173 4 Worker 70809825
174 174 4 Worker 312512999
175 175 4 Worker 419368993
176 176 4 Worker 802430004
177 177 4 Worker 439651142
178 178 4 Worker 841592243
179 179 4 Worker 404877070
180 180 4 Worker 432119940
181 181 4 Worker 754238564
182 182 4 Worker 90984723
183 183 4 Worker 732027995
184 184 4 Worker 142176192
185 185 4 Worker 251107328
186 186 4 Worker 507318429
187 187 4 Worker 659815848
188 188 4 Worker 902845344
189 189 4 Worker 846234604
190 190 4 Worker 548998410
191 191 4 Worker 308161756
192 192 4 Worker 845715012
193 193 4 Worker 17774738
194 194 4 Worker 701754103
195 195 4 Worker 878150109
196 196 4 Worker 282274143
197 197 4 Worker 450954184
198 198 4 Worker 879892121
199 199 4 Worker 241450589
200 200 4 Worker 690853036
201 201 4 Worker 291207853
202 202 4 Worker 195512508
203 203 4 Worker 979381301
204 204 4 Worker 307994035
205 205 4 Worker 404984701
206 206 4 Worker 657115533
207 207 4 Worker 257704728
208 208 4 Worker 91369563
209 209 4 Worker 622148650
210 210 4 Worker 995664927
211 211 4 Worker 626007277
212 212 4 Worker 840574970
213 213 4 Worker 350748185
214 214 4 Worker 2643899
215 215 4 Worker 356833079
216 216 4 Worker 241305553
217 217 4 Worker 97412102
218 218 4 Worker 695139924
219 219 4 Worker 690156685
220 220 4 Worker 401036079
221 221 4 Worker 960054376
222 222 4 Worker 787832099
223 223 4 Worker 470048397
224 224 4 Worker 900398222
225 225 4 Worker 250352148
226 226 4 Worker 926958976
227 227 4 Worker 955105661
228 228 4 Worker 638096851
229 229 4 Worker 313257561
230 230 4 Worker 617920845
231 231 4 Worker 736499538
232 232 4 Worker 837273544
233 233 4 Worker 626934787
234 234 4 Worker 294109177
235 235 4 Worker 960856428
236 236 4 Worker 964120188
237 237 4 Worker 799029724
238 238 4 Worker 502007003
239 239 4 Worker 793523363
240 240 4 Worker 561214362
241 241 4 Worker 489036002
242 242 4 Worker 338929921
243 243 4 Worker 151177572
244 244 4 Worker 885807405
245 245 4 Worker 906894969
246 246 4 Worker 530314815
247 247 4 Worker 291292812
248 248 4 Worker 840156499
249 249 4 Worker 108222989
250 250 4 Worker 649778026
251 251 4 Worker 885769006
252 252 4 Worker 726762849
253 253 4 Worker 925726131
254 254 4 Worker 980422278
255 255 4 Worker 533370492
