0 0 -1 Splicer 617086351
1 1 0 Worker 975327196
2 2 -1 PersistentDB 747270988
3 3 -1 InMemoryDB 114784715
4 4 -1 WorkManager 816056326
5 5 4 Worker 25608518
6 6 4 Worker 34271997
7 7 4 Worker 633997025
8 8 4 Worker 277775473
9 9 4 Worker 936002668
10 10 4 Worker 41095715
11 11 4 Worker 909797209
12 12 4 Worker 415368660
13 13 4 Worker 422610274
14 14 4 Worker 278678006
15 15 4 Worker 88646917
16 16 4 Worker 962478577
17 17 4 Worker 156981367
18 18 4 Worker 373379684
19 19 4 Worker 875749910
20 20 4 Worker 254965265
21 21 4 Worker 580803813
22 22 4 Worker 944657472
23 23 4 Worker 873117376
24 24 4 Worker 372756077
25 25 4 Worker 474098287
26 26 4 Worker 270122598
27 27 4 Worker 416047698
28 28 4 Worker 88533739
29 29 4 Worker 516206309
30 30 4 Worker 735381413
31 31 4 Worker 707239517
32 32 4 Worker 68122467
33 33 4 Worker 420389738
34 34 4 Worker 849163025
35 35 4 Worker 74077672
36 36 4 Worker 392528930
37 37 4 Worker 679674486
38 38 4 Worker 904092692
39 39 4 Worker 522163950
40 40 4 Worker 301499729
41 41 4 Worker 158405576
42 42 4 Worker 151326390
43 43 4 Worker 869468962
44 44 4 Worker 792780035
45 45 4 Worker 84452015
46 46 4 Worker 985925628
47 47 4 Worker 317197462
48 48 4 Worker 973724463
49 49 4 Worker 588908580
50 50 4 Worker 877134449
51 51 4 Worker 156259415
52 52 4 Worker 538122107
53 53 4 Worker 669591920
54 54 4 Worker 510258925
55 55 4 Worker 933488431
56 56 4 Worker 901261011
57 57 4 Worker 951090378
58 58 4 Worker 774180246
59 59 4 Worker 814820825
60 60 4 Worker 884309401
61 61 4 Worker 793380523
62 62 4 Worker 78249331
63 63 4 Worker 872964548
64 64 4 Worker 852378784
65 65 4 Worker 324179281
66 66 4 Worker 837598863
67 67 4 Worker 479303141
68 68 4 Worker 681440089
69 69 4 Worker 913370842
70 70 4 Worker 840404502
71 71 4 Worker 865021002
72 72 4 Worker 125500977
73 73 4 Worker 34412516
74 74 4 Worker 595748418
75 75 4 Worker 159869022
76 76 4 Worker 693894600
77 77 4 Worker 546491553
78 78 4 Worker 418787187
79 79 4 Worker 255464636
80 80 4 Worker 372138292
81 81 4 Worker 658220510
82 82 4 Worker 173880302
83 83 4 Worker 964663860
84 84 4 Worker 86134229
85 85 4 Worker 233620250
86 86 4 Worker 541549593
87 87 4 Worker 164340859
88 88 4 Worker 228469173
89 89 4 Worker 385979937
90 90 4 Worker 457625141
91 91 4 Worker 353445326
92 92 4 Worker 970832502
93 93 4 Worker 363074069
94 94 4 Worker 522451968
95 95 4 Worker 492470270
96 96 4 Worker 910742263
97 97 4 Worker 223651663
98 98 4 Worker 790447142
99 99 4 Worker 950591180
100 100 4 Worker 333881281
101 101 4 Worker 172701033
102 102 4 Worker 19817677
103 103 4 Worker 995370074
104 104 4 Worker 491813891
105 105 4 Worker 103082249
106 106 4 Worker 26344709
107 107 4 Worker 911252008
108 108 4 Worker 192521664
109 109 4 Worker 973691245
110 110 4 Worker 437135671
111 111 4 Worker 43232573
112 112 4 Worker 90782612
113 113 4 Worker 861121997
114 114 4 Worker 273791218
115 115 4 Worker 447008381
116 116 4 Worker 915226427
117 117 4 Worker 430801977
118 118 4 Worker 816419318
119 119 4 Worker 941679461
120 120 4 Worker 727918644
121 121 4 Worker 954886568
122 122 4 Worker 800421808
123 123 4 Worker 540070188
124 124 4 Worker 460807386
125 125 4 Worker 43434289
126 126 4 Worker 587554442
127 127 4 Worker 720955799
128 128 4 Worker 943613794
129 129 4 Worker 450793473
130 130 4 Worker 551090132
131 131 4 Worker 831816498
132 132 4 Worker 241653205
133 133 4 Worker 479977741
134 134 4 Worker 521748189
135 135 4 Worker 220572228
136 136 4 Worker 569589129
137 137 4 Worker 207335286
138 138 4 Worker 143032275
139 139 4 Worker 506833870
140 140 4 Worker 273097915
141 141 4 Worker 16429641
142 142 4 Worker 755526828
143 143 4 Worker 235602687
144 144 4 Worker 925071677
145 145 4 Worker 850918393
146 146 4 Worker 455839181
147 147 4 Worker 589878780
148 148 4 Worker 931518405
149 149 4 Worker 63611784
150 150 4 Worker 814136266
151 151 4 Worker 611187549
152 152 4 Worker 421818278
153 153 4 Worker 630539954
154 154 4 Worker 155371061
155 155 4 Worker 435486721
156 156 4 Worker 394581682
157 157 4 Worker 286246680
158 158 4 Worker 950893415
159 159 4 Worker 295896219
160 160 4 Worker 386105539
161 161 4 Worker 384011955
162 162 4 Worker 273886610
163 163 4 Worker 491085358
164 164 4 Worker 586000883
165 165 4 Worker 71157344
166 166 4 Worker 974490730
167 167 4 Worker 314023045
168 168 4 Worker 674874334
169 169 4 Worker 554283702
170 170 4 Worker 160079523
171 171 4 Worker 741084307
172 172 4 Worker 66645532
173 173 4 Worker 363704966
174 174 4 Worker 998423904
175 175 4 Worker 788038025
176 176 4 Worker 928452328
177 177 4 Worker 943002963
178 178 4 Worker 797354002
179 179 4 Worker 15861686
180 180 4 Worker 143513882
181 181 4 Worker 4073723
182 182 4 Worker 480652039
183 183 4 Worker 79361318
184 184 4 Worker 371833012
185 185 4 Worker 554243467
186 186 4 Worker 166979803
187 187 4 Worker 94273155
188 188 4 Worker 19714022
189 189 4 Worker 299400844
190 190 4 Worker 688607244
191 191 4 Worker 835409807
192 192 4 Worker 847839854
193 193 4 Worker 776698313
194 194 4 Worker 260474165
195 195 4 Worker 908042923
196 196 4 Worker 325284734
197 197 4 Worker 894554867
198 198 4 Worker 609634617
199 199 4 Worker 372665005
200 200 4 Worker 887746057
201 201 4 Worker 88259328
202 202 4 Worker 321795995
203 203 4 Worker 890671729
204 204 4 Worker 380288781
205 205 4 Worker 497340658
206 206 4 Worker 740002275
207 207 4 Worker 516859503
208 208 4 Worker 615993581
209 209 4 Worker 833541082
210 210 4 Worker 20923582
211 211 4 Worker 509074690
212 212 4 Worker 154864814
213 213 4 Worker 263032109
214 214 4 Worker 469316199
215 215 4 Worker 77744949
216 216 4 Worker 675614183
217 217 4 Worker 119968717
218 218 4 Worker 870676652
219 219 4 Worker 896976165
220 220 4 Worker 800784197
221 221 4 Worker 211081986
222 222 4 Worker 337814603
223 223 4 Worker 16379157
224 224 4 Worker 490175252
225 225 4 Worker 990614968
226 226 4 Worker 930409865
227 227 4 Worker 164022765
228 228 4 Worker 419168551
229 229 4 Worker 388302194
230 230 4 Worker 231580684
231 231 4 Worker 970861048
232 232 4 Worker 76834429
233 233 4 Worker 294826398
234 234 4 Worker 885120281
235 235 4 Worker 44985134
236 236 4 Worker 739385777
237 237 4 Worker 53550773
238 238 4 Worker 623827935
239 239 4 Worker 73857967
240 240 4 Worker 369784269
241 241 4 Worker 648207367
242 242 4 Worker 500675992
243 243 4 Worker 102645611
244 244 4 Worker 985577620
245 245 4 Worker 728444542
246 246 4 Worker 140832625
247 247 4 Worker 532372963
248 248 4 Worker 672432458
249 249 4 Worker 677840595
250 250 4 Worker 673107941
251 251 4 Worker 421193398
252 252 4 Worker 279947212
253 253 4 Worker 193976906
254 254 4 Worker 916312081
255 255 4 Worker 386921845
