0 0 -1 Splicer 133765651
1 1 0 Worker 138293638
2 2 -1 PersistentDB 919869442
3 3 -1 InMemoryDB 346103877
4 4 -1 WorkManager 390795722
5 5 4 Worker 36686097
6 6 4 Worker 799270395
7 7 4 Worker 972553490
8 8 4 Worker 71829261
9 9 4 Worker 900193868
10 10 4 Worker 27278320
11 11 4 Worker 840671887
12 12 4 Worker 104037692
13 13 4 Worker 845853287
14 14 4 Worker 78222729
15 15 4 Worker 506970923
16 16 4 Worker 103704962
17 17 4 Worker 449494698
18 18 4 Worker 946763085
19 19 4 Worker 632408288
20 20 4 Worker 292974469
21 21 4 Worker 441845990
22 22 4 Worker 852146451
23 23 4 Worker 489091011
24 24 4 Worker 684915605
25 25 4 Worker 877228485
26 26 4 Worker 985470848
27 27 4 Worker 994173980
28 28 4 Worker 152328459
29 29 4 Worker 900503120
30 30 4 Worker 384263628
31 31 4 Worker 91171329
