0 0 -1 Splicer 454661853
1 1 0 Worker 87034651
2 2 -1 PersistentDB 552920431
3 3 -1 InMemoryDB 459810027
4 4 -1 WorkManager 134897994
5 5 4 Worker 581195269
6 6 4 Worker 897286095
7 7 4 Worker 421661340
8 8 4 Worker 382149086
9 9 4 Worker 168803141
10 10 4 Worker 305267104
11 11 4 Worker 597639669
12 12 4 Worker 990054748
13 13 4 Worker 219540677
14 14 4 Worker 946704786
15 15 4 Worker 298380486
16 16 4 Worker 505851750
17 17 4 Worker 596205870
18 18 4 Worker 200770061
19 19 4 Worker 256029670
20 20 4 Worker 947506866
21 21 4 Worker 398795097
22 22 4 Worker 438428724
23 23 4 Worker 76798622
24 24 4 Worker 347681633
25 25 4 Worker 565041073
26 26 4 Worker 34317450
27 27 4 Worker 485177528
28 28 4 Worker 304043163
29 29 4 Worker 816069957
30 30 4 Worker 387552068
31 31 4 Worker 647178195
32 32 4 Worker 260130437
33 33 4 Worker 439804069
34 34 4 Worker 732322791
35 35 4 Worker 169401760
36 36 4 Worker 321214256
37 37 4 Worker 941585852
38 38 4 Worker 177887253
39 39 4 Worker 303214107
40 40 4 Worker 826379681
41 41 4 Worker 400234270
42 42 4 Worker 922329232
43 43 4 Worker 991917753
44 44 4 Worker 864368597
45 45 4 Worker 928663206
46 46 4 Worker 77235502
47 47 4 Worker 842918979
48 48 4 Worker 351157449
49 49 4 Worker 101604514
50 50 4 Worker 522222524
51 51 4 Worker 296062457
52 52 4 Worker 616502735
53 53 4 Worker 644640102
54 54 4 Worker 971064873
55 55 4 Worker 427832040
56 56 4 Worker 300150159
57 57 4 Worker 662487710
58 58 4 Worker 576610665
59 59 4 Worker 748986002
60 60 4 Worker 828193722
61 61 4 Worker 1460877
62 62 4 Worker 205482305
63 63 4 Worker 921298256
64 64 4 Worker 685389013
65 65 4 Worker 837862663
66 66 4 Worker 983316234
67 67 4 Worker 686073533
68 68 4 Worker 334784134
69 69 4 Worker 489281099
70 70 4 Worker 691026455
71 71 4 Worker 439607245
72 72 4 Worker 812041520
73 73 4 Worker 213839568
74 74 4 Worker 506505662
75 75 4 Worker 189640931
76 76 4 Worker 559357124
77 77 4 Worker 415022889
78 78 4 Worker 571622444
79 79 4 Worker 311371567
80 80 4 Worker 345159943
81 81 4 Worker 380850158
82 82 4 Worker 856632970
83 83 4 Worker 481634235
84 84 4 Worker 815544179
85 85 4 Worker 12902485
86 86 4 Worker 518980296
87 87 4 Worker 943442863
88 88 4 Worker 803564915
89 89 4 Worker 13409097
90 90 4 Worker 614040865
91 91 4 Worker 829923743
92 92 4 Worker 100451557
93 93 4 Worker 601695482
94 94 4 Worker 924984563
95 95 4 Worker 505541553
96 96 4 Worker 257071939
97 97 4 Worker 739850885
98 98 4 Worker 994876730
99 99 4 Worker 696965847
100 100 4 Worker 330853493
101 101 4 Worker 891727767
102 102 4 Worker 463718672
103 103 4 Worker 427761200
104 104 4 Worker 174492338
105 105 4 Worker 886814676
106 106 4 Worker 556448018
107 107 4 Worker 36153553
108 108 4 Worker 694911714
109 109 4 Worker 45041563
110 110 4 Worker 727776004
111 111 4 Worker 607126091
112 112 4 Worker 78183421
113 113 4 Worker 391263334
114 114 4 Worker 436136542
115 115 4 Worker 398345929
116 116 4 Worker 816574632
117 117 4 Worker 585419453
118 118 4 Worker 114562559
119 119 4 Worker 329539118
120 120 4 Worker 582520159
121 121 4 Worker 219712212
122 122 4 Worker 220294043
123 123 4 Worker 992201431
124 124 4 Worker 38330145
125 125 4 Worker 198570960
126 126 4 Worker 697814833
127 127 4 Worker 175483428
128 128 4 Worker 800216175
129 129 4 Worker 763009552
130 130 4 Worker 292717436
131 131 4 Worker 772354428
132 132 4 Worker 834635051
133 133 4 Worker 261152385
134 134 4 Worker 721710460
135 135 4 Worker 975539126
136 136 4 Worker 50432945
137 137 4 Worker 900571070
138 138 4 Worker 798875355
139 139 4 Worker 263383969
140 140 4 Worker 54113954
141 141 4 Worker 904798439
142 142 4 Worker 236414592
143 143 4 Worker 556741380
144 144 4 Worker 794668745
145 145 4 Worker 834095103
146 146 4 Worker 244773026
147 147 4 Worker 962640332
148 148 4 Worker 329986125
149 149 4 Worker 260971934
150 150 4 Worker 540573355
151 151 4 Worker 298702611
152 152 4 Worker 630797967
153 153 4 Worker 891162348
154 154 4 Worker 912702103
155 155 4 Worker 226619473
156 156 4 Worker 465597864
157 157 4 Worker 421076412
158 158 4 Worker 601339148
159 159 4 Worker 25073096
160 160 4 Worker 951771488
161 161 4 Worker 904474401
162 162 4 Worker 578534852
163 163 4 Worker 175313199
164 164 4 Worker 252640958
165 165 4 Worker 291380332
166 166 4 Worker 582475135
167 167 4 Worker 116781682
168 168 4 Worker 917986953
169 169 4 Worker 763404191
170 170 4 Worker 858292058
171 171 4 Worker 576049147
172 172 4 Worker 533227861
173 173 4 Worker 216951966
174 174 4 Worker 905912745
175 175 4 Worker 482155451
176 176 4 Worker 415731798
177 177 4 Worker 943259025
178 178 4 Worker 973438537
179 179 4 Worker 815682976
180 180 4 Worker 255971631
181 181 4 Worker 493797896
182 182 4 Worker 593999204
183 183 4 Worker 147192626
184 184 4 Worker 518104549
185 185 4 Worker 861368829
186 186 4 Worker 485205166
187 187 4 Worker 436231610
188 188 4 Worker 99734142
189 189 4 Worker 882327824
190 190 4 Worker 716873177
191 191 4 Worker 170294012
192 192 4 Worker 178018476
193 193 4 Worker 509892897
194 194 4 Worker 517583851
195 195 4 Worker 381378256
196 196 4 Worker 306570080
197 197 4 Worker 746054372
198 198 4 Worker 544014757
199 199 4 Worker 258764623
200 200 4 Worker 163764740
201 201 4 Worker 658630135
202 202 4 Worker 564287387
203 203 4 Worker 300483721
204 204 4 Worker 39213371
205 205 4 Worker 114670331
206 206 4 Worker 587499296
207 207 4 Worker 885536592
208 208 4 Worker 399663094
209 209 4 Worker 600540166
210 210 4 Worker 269362291
211 211 4 Worker 754864147
212 212 4 Worker 952609567
213 213 4 Worker 398986288
214 214 4 Worker 429110459
215 215 4 Worker 617881434
216 216 4 Worker 345947508
217 217 4 Worker 189225361
218 218 4 Worker 693418458
219 219 4 Worker 230741106
220 220 4 Worker 14614725
221 221 4 Worker 43659007
222 222 4 Worker 312194688
223 223 4 Worker 577661992
224 224 4 Worker 412222229
225 225 4 Worker 626012897
226 226 4 Worker 426401886
227 227 4 Worker 948821919
228 228 4 Worker 545260296
229 229 4 Worker 402834285
230 230 4 Worker 591753191
231 231 4 Worker 968830484
232 232 4 Worker 442802257
233 233 4 Worker 901946083
234 234 4 Worker 365987107
235 235 4 Worker 198915690
236 236 4 Worker 914897305
237 237 4 Worker 693265239
238 238 4 Worker 453239771
239 239 4 Worker 430256663
240 240 4 Worker 519834675
241 241 4 Worker 671071986
242 242 4 Worker 883028336
243 243 4 Worker 796108982
244 244 4 Worker 808567530
245 245 4 Worker 342340608
246 246 4 Worker 928828698
247 247 4 Worker 553797336
248 248 4 Worker 802386718
249 249 4 Worker 95613871
250 250 4 Worker 633492050
251 251 4 Worker 699653239
252 252 4 Worker 534041572
253 253 4 Worker 306593634
254 254 4 Worker 469859735
255 255 4 Worker 267568343
