0 0 -1 Splicer 30553896
1 1 0 Worker 725619894
2 2 -1 PersistentDB 346679379
3 3 -1 InMemoryDB 719769818
4 4 -1 WorkManager 764469015
5 5 4 Worker 962264241
6 6 4 Worker 639421493
7 7 4 Worker 775247765
8 8 4 Worker 555569656
9 9 4 Worker 586374992
10 10 4 Worker 527514664
11 11 4 Worker 348881000
12 12 4 Worker 948593685
13 13 4 Worker 499971166
14 14 4 Worker 350480406
15 15 4 Worker 783696955
16 16 4 Worker 749638492
17 17 4 Worker 727853146
18 18 4 Worker 565309670
19 19 4 Worker 610268464
20 20 4 Worker 417109588
21 21 4 Worker 148958374
22 22 4 Worker 451139861
23 23 4 Worker 77472538
24 24 4 Worker 526180400
25 25 4 Worker 779873921
26 26 4 Worker 950580171
27 27 4 Worker 149118472
28 28 4 Worker 935278249
29 29 4 Worker 893147112
30 30 4 Worker 427454307
31 31 4 Worker 137739056
32 32 4 Worker 801956241
33 33 4 Worker 75006832
34 34 4 Worker 453002308
35 35 4 Worker 186217662
36 36 4 Worker 364156581
37 37 4 Worker 587766234
38 38 4 Worker 951960775
39 39 4 Worker 174511812
40 40 4 Worker 440940442
41 41 4 Worker 26497305
42 42 4 Worker 77795029
43 43 4 Worker 472526583
44 44 4 Worker 44105661
45 45 4 Worker 37288987
46 46 4 Worker 979194253
47 47 4 Worker 581141051
48 48 4 Worker 346474408
49 49 4 Worker 842906366
50 50 4 Worker 351884470
51 51 4 Worker 689177887
52 52 4 Worker 136695689
53 53 4 Worker 151703088
54 54 4 Worker 875882700
55 55 4 Worker 926154208
56 56 4 Worker 119316552
57 57 4 Worker 575117241
58 58 4 Worker 309169131
59 59 4 Worker 272546948
60 60 4 Worker 529170749
61 61 4 Worker 511204384
62 62 4 Worker 675369701
63 63 4 Worker 190609032
