0 0 -1 Splicer 134982341
1 1 0 Worker 827985098
2 2 -1 PersistentDB 695367500
3 3 -1 InMemoryDB 168544761
4 4 -1 WorkManager 697178786
5 5 4 Worker 308404801
6 6 4 Worker 160574550
7 7 4 Worker 564992829
8 8 4 Worker 604646025
9 9 4 Worker 846721216
10 10 4 Worker 888691428
11 11 4 Worker 634942512
12 12 4 Worker 724737545
13 13 4 Worker 149025180
14 14 4 Worker 296378004
15 15 4 Worker 551177448
16 16 4 Worker 731611718
17 17 4 Worker 206750085
18 18 4 Worker 725936901
19 19 4 Worker 23684145
20 20 4 Worker 211269832
21 21 4 Worker 467335066
22 22 4 Worker 339552399
23 23 4 Worker 634035767
24 24 4 Worker 547183734
25 25 4 Worker 654754472
26 26 4 Worker 379550200
27 27 4 Worker 774227327
28 28 4 Worker 781778792
29 29 4 Worker 796980729
30 30 4 Worker 628074867
31 31 4 Worker 125920897
