0 0 -1 Splicer 496666193
1 1 0 Worker 318246475
2 2 -1 PersistentDB 735869433
3 3 -1 InMemoryDB 89875117
4 4 -1 WorkManager 367543223
5 5 4 Worker 403759204
6 6 4 Worker 656936575
7 7 4 Worker 525253507
8 8 4 Worker 970853834
9 9 4 Worker 709431938
10 10 4 Worker 811203316
11 11 4 Worker 895429373
12 12 4 Worker 372514070
13 13 4 Worker 609209887
14 14 4 Worker 864158489
15 15 4 Worker 921033844
16 16 4 Worker 631469791
17 17 4 Worker 948890990
18 18 4 Worker 826743859
19 19 4 Worker 360345151
20 20 4 Worker 779154745
21 21 4 Worker 76208000
22 22 4 Worker 43082721
23 23 4 Worker 287606128
24 24 4 Worker 492245705
25 25 4 Worker 306514635
26 26 4 Worker 737282145
27 27 4 Worker 649267579
28 28 4 Worker 880887323
29 29 4 Worker 617732348
30 30 4 Worker 21441105
31 31 4 Worker 858475201
32 32 4 Worker 649285336
33 33 4 Worker 41590654
34 34 4 Worker 770218001
35 35 4 Worker 527837932
36 36 4 Worker 107047303
37 37 4 Worker 910952563
38 38 4 Worker 48899734
39 39 4 Worker 53026343
40 40 4 Worker 428288407
41 41 4 Worker 95857665
42 42 4 Worker 512551503
43 43 4 Worker 274784843
44 44 4 Worker 785396182
45 45 4 Worker 148100398
46 46 4 Worker 159575467
47 47 4 Worker 996221682
48 48 4 Worker 927145212
49 49 4 Worker 631935045
50 50 4 Worker 218691990
51 51 4 Worker 27322165
52 52 4 Worker 639798521
53 53 4 Worker 930851014
54 54 4 Worker 292107338
55 55 4 Worker 198416313
56 56 4 Worker 15347312
57 57 4 Worker 442226742
58 58 4 Worker 915603802
59 59 4 Worker 950734140
60 60 4 Worker 560218298
61 61 4 Worker 930069354
62 62 4 Worker 155186797
63 63 4 Worker 206124664
64 64 4 Worker 684595023
65 65 4 Worker 393043273
66 66 4 Worker 354173374
67 67 4 Worker 304570000
68 68 4 Worker 103406230
69 69 4 Worker 56119461
70 70 4 Worker 481593722
71 71 4 Worker 235380393
72 72 4 Worker 968767164
73 73 4 Worker 172120051
74 74 4 Worker 785145822
75 75 4 Worker 349933411
76 76 4 Worker 966653240
77 77 4 Worker 644184908
78 78 4 Worker 397324847
79 79 4 Worker 265691641
80 80 4 Worker 577711730
81 81 4 Worker 564997886
82 82 4 Worker 488859515
83 83 4 Worker 878153468
84 84 4 Worker 333020384
85 85 4 Worker 133861362
86 86 4 Worker 614445651
87 87 4 Worker 729210862
88 88 4 Worker 999757774
89 89 4 Worker 579371109
90 90 4 Worker 809167971
91 91 4 Worker 352763123
92 92 4 Worker 192948943
93 93 4 Worker 231244510
94 94 4 Worker 43229000
95 95 4 Worker 691650043
96 96 4 Worker 605360044
97 97 4 Worker 890383028
98 98 4 Worker 660528215
99 99 4 Worker 614868732
100 100 4 Worker 558648751
101 101 4 Worker 834825123
102 102 4 Worker 189862214
103 103 4 Worker 9648456
104 104 4 Worker 929975151
105 105 4 Worker 506159487
106 106 4 Worker 704903824
107 107 4 Worker 500383944
108 108 4 Worker 737957824
109 109 4 Worker 974439549
110 110 4 Worker 626532583
111 111 4 Worker 374822638
112 112 4 Worker 80004070
113 113 4 Worker 6240755
114 114 4 Worker 750489060
115 115 4 Worker 616276772
116 116 4 Worker 453113754
117 117 4 Worker 740573159
118 118 4 Worker 580050532
119 119 4 Worker 525264088
120 120 4 Worker 11786951
121 121 4 Worker 490853357
122 122 4 Worker 708768837
123 123 4 Worker 379339868
124 124 4 Worker 588820535
125 125 4 Worker 734873118
126 126 4 Worker 737637173
127 127 4 Worker 742858987
128 128 4 Worker 193512154
129 129 4 Worker 268726091
130 130 4 Worker 273123310
131 131 4 Worker 4022979
132 132 4 Worker 626498367
133 133 4 Worker 289257772
134 134 4 Worker 464455628
135 135 4 Worker 975123684
136 136 4 Worker 410848832
137 137 4 Worker 551935220
138 138 4 Worker 419033298
139 139 4 Worker 92307231
140 140 4 Worker 338728112
141 141 4 Worker 713686364
142 142 4 Worker 929795585
143 143 4 Worker 215964481
144 144 4 Worker 768783478
145 145 4 Worker 358067847
146 146 4 Worker 360054063
147 147 4 Worker 358945537
148 148 4 Worker 478801617
149 149 4 Worker 674363659
150 150 4 Worker 365112188
151 151 4 Worker 358263571
152 152 4 Worker 340114975
153 153 4 Worker 228341739
154 154 4 Worker 255314402
155 155 4 Worker 861847081
156 156 4 Worker 55759343
157 157 4 Worker 870132107
158 158 4 Worker 154952443
159 159 4 Worker 366187322
160 160 4 Worker 811618942
161 161 4 Worker 630246694
162 162 4 Worker 319160941
163 163 4 Worker 284271735
164 164 4 Worker 912466575
165 165 4 Worker 915687701
166 166 4 Worker 252831016
167 167 4 Worker 513534218
168 168 4 Worker 160089160
169 169 4 Worker 745494907
170 170 4 Worker 33697130
171 171 4 Worker 572054651
172 172 4 Worker 525117218
173 173 4 Worker 659134691
174 174 4 Worker 290373054
175 175 4 Worker 426902670
176 176 4 Worker 786571873
177 177 4 Worker 420262524
178 178 4 Worker 416077841
179 179 4 Worker 766155906
180 180 4 Worker 971152529
181 181 4 Worker 216887391
182 182 4 Worker 39100429
183 183 4 Worker 888791297
184 184 4 Worker 611021458
185 185 4 Worker 15355709
186 186 4 Worker 584878637
187 187 4 Worker 78346318
188 188 4 Worker 987110471
189 189 4 Worker 346957831
190 190 4 Worker 169589599
191 191 4 Worker 440049918
192 192 4 Worker 182412799
193 193 4 Worker 331029447
194 194 4 Worker 420131252
195 195 4 Worker 295822113
196 196 4 Worker 504834681
197 197 4 Worker 964481745
198 198 4 Worker 257801098
199 199 4 Worker 816679399
200 200 4 Worker 600153247
201 201 4 Worker 313510704
202 202 4 Worker 173877880
203 203 4 Worker 886748282
204 204 4 Worker 687639348
205 205 4 Worker 162541279
206 206 4 Worker 395580464
207 207 4 Worker 178449605
208 208 4 Worker 303010229
209 209 4 Worker 995143865
210 210 4 Worker 525714232
211 211 4 Worker 989402692
212 212 4 Worker 282437327
213 213 4 Worker 371817242
214 214 4 Worker 510777662
215 215 4 Worker 821449154
216 216 4 Worker 744620427
217 217 4 Worker 938171833
218 218 4 Worker 51529194
219 219 4 Worker 283616730
220 220 4 Worker 588139801
221 221 4 Worker 540491687
222 222 4 Worker 529122301
223 223 4 Worker 794615179
224 224 4 Worker 742577331
225 225 4 Worker 959180202
226 226 4 Worker 346087547
227 227 4 Worker 18529311
228 228 4 Worker 809255323
229 229 4 Worker 377954843
230 230 4 Worker 114093808
231 231 4 Worker 15045136
232 232 4 Worker 583544013
233 233 4 Worker 399609884
234 234 4 Worker 390464296
235 235 4 Worker 192924228
236 236 4 Worker 561489445
237 237 4 Worker 151416343
238 238 4 Worker 48682266
239 239 4 Worker 172305954
240 240 4 Worker 666516301
241 241 4 Worker 282271804
242 242 4 Worker 847330387
243 243 4 Worker 25566999
244 244 4 Worker 829211222
245 245 4 Worker 147981385
246 246 4 Worker 733458418
247 247 4 Worker 962008751
248 248 4 Worker 81516382
249 249 4 Worker 831337785
250 250 4 Worker 838728758
251 251 4 Worker 818560118
252 252 4 Worker 736992895
253 253 4 Worker 477487044
254 254 4 Worker 955675009
255 255 4 Worker 955006815
256 256 4 Worker 440527692
257 257 4 Worker 541986
258 258 4 Worker 420189415
259 259 4 Worker 53136838
260 260 4 Worker 767239929
261 261 4 Worker 848004451
262 262 4 Worker 355291880
263 263 4 Worker 825027816
264 264 4 Worker 33965008
265 265 4 Worker 820314858
266 266 4 Worker 257426012
267 267 4 Worker 446085561
268 268 4 Worker 353354194
269 269 4 Worker 121119199
270 270 4 Worker 956301969
271 271 4 Worker 315962241
272 272 4 Worker 743036049
273 273 4 Worker 865981343
274 274 4 Worker 680571644
275 275 4 Worker 508693450
276 276 4 Worker 972118836
277 277 4 Worker 966061477
278 278 4 Worker 914212642
279 279 4 Worker 561894654
280 280 4 Worker 165719990
281 281 4 Worker 556316336
282 282 4 Worker 837688593
283 283 4 Worker 846467282
284 284 4 Worker 950329216
285 285 4 Worker 789914256
286 286 4 Worker 569263887
287 287 4 Worker 771468532
288 288 4 Worker 182161722
289 289 4 Worker 896854388
290 290 4 Worker 118164203
291 291 4 Worker 653891658
292 292 4 Worker 983497727
293 293 4 Worker 71435495
294 294 4 Worker 684262706
295 295 4 Worker 542288391
296 296 4 Worker 528793285
297 297 4 Worker 64220148
298 298 4 Worker 291660961
299 299 4 Worker 580720209
300 300 4 Worker 105541324
301 301 4 Worker 648459639
302 302 4 Worker 385266852
303 303 4 Worker 419202051
304 304 4 Worker 45708041
305 305 4 Worker 269886061
306 306 4 Worker 977784472
307 307 4 Worker 81054342
308 308 4 Worker 806216454
309 309 4 Worker 385606984
310 310 4 Worker 901622460
311 311 4 Worker 175422472
312 312 4 Worker 767241625
313 313 4 Worker 428439922
314 314 4 Worker 187157971
315 315 4 Worker 623304154
316 316 4 Worker 907198185
317 317 4 Worker 37576243
318 318 4 Worker 776020451
319 319 4 Worker 696082503
320 320 4 Worker 741683645
321 321 4 Worker 577668202
322 322 4 Worker 465828099
323 323 4 Worker 549830917
324 324 4 Worker 285971478
325 325 4 Worker 269727779
326 326 4 Worker 652395113
327 327 4 Worker 941210509
328 328 4 Worker 724274014
329 329 4 Worker 131765229
330 330 4 Worker 234232660
331 331 4 Worker 446174343
332 332 4 Worker 889078478
333 333 4 Worker 932199975
334 334 4 Worker 780948763
335 335 4 Worker 602541941
336 336 4 Worker 476309862
337 337 4 Worker 542216350
338 338 4 Worker 45350538
339 339 4 Worker 575884122
340 340 4 Worker 968275198
341 341 4 Worker 820203970
342 342 4 Worker 499268914
343 343 4 Worker 769730429
344 344 4 Worker 608474300
345 345 4 Worker 704444754
346 346 4 Worker 682913933
347 347 4 Worker 498326034
348 348 4 Worker 296546867
349 349 4 Worker 538540979
350 350 4 Worker 661521724
351 351 4 Worker 610673984
352 352 4 Worker 370125000
353 353 4 Worker 867936643
354 354 4 Worker 118385260
355 355 4 Worker 486455440
356 356 4 Worker 219550869
357 357 4 Worker 85859519
358 358 4 Worker 286185427
359 359 4 Worker 358981530
360 360 4 Worker 66638779
361 361 4 Worker 5865468
362 362 4 Worker 218266836
363 363 4 Worker 838097966
364 364 4 Worker 731029873
365 365 4 Worker 152209885
366 366 4 Worker 941902548
367 367 4 Worker 810622173
368 368 4 Worker 464629905
369 369 4 Worker 610114642
370 370 4 Worker 657390216
371 371 4 Worker 255263668
372 372 4 Worker 860582216
373 373 4 Worker 674657239
374 374 4 Worker 526243350
375 375 4 Worker 793728531
376 376 4 Worker 279250115
377 377 4 Worker 66292946
378 378 4 Worker 489633966
379 379 4 Worker 359140289
380 380 4 Worker 964401007
381 381 4 Worker 388714442
382 382 4 Worker 355145569
383 383 4 Worker 360901779
384 384 4 Worker 83517824
385 385 4 Worker 628379530
386 386 4 Worker 613411645
387 387 4 Worker 553943128
388 388 4 Worker 151595763
389 389 4 Worker 981062376
390 390 4 Worker 178071536
391 391 4 Worker 963065990
392 392 4 Worker 571388245
393 393 4 Worker 265437372
394 394 4 Worker 987096788
395 395 4 Worker 673351491
396 396 4 Worker 900850320
397 397 4 Worker 783741026
398 398 4 Worker 146407161
399 399 4 Worker 451379860
400 400 4 Worker 479082274
401 401 4 Worker 40820684
402 402 4 Worker 870763927
403 403 4 Worker 138194713
404 404 4 Worker 359764275
405 405 4 Worker 703195435
406 406 4 Worker 652240463
407 407 4 Worker 425576182
408 408 4 Worker 275326290
409 409 4 Worker 783233124
410 410 4 Worker 142821935
411 411 4 Worker 958147772
412 412 4 Worker 213234438
413 413 4 Worker 658227336
414 414 4 Worker 179065602
415 415 4 Worker 525685020
416 416 4 Worker 193270742
417 417 4 Worker 506586443
418 418 4 Worker 820086861
419 419 4 Worker 232205205
420 420 4 Worker 565604564
421 421 4 Worker 219852652
422 422 4 Worker 923865114
423 423 4 Worker 523515105
424 424 4 Worker 829447428
425 425 4 Worker 268024976
426 426 4 Worker 373447319
427 427 4 Worker 815013797
428 428 4 Worker 520638189
429 429 4 Worker 83924972
430 430 4 Worker 667206001
431 431 4 Worker 710830516
432 432 4 Worker 186943604
433 433 4 Worker 433266601
434 434 4 Worker 147630900
435 435 4 Worker 176519223
436 436 4 Worker 569381333
437 437 4 Worker 177637974
438 438 4 Worker 393027257
439 439 4 Worker 260249847
440 440 4 Worker 639316178
441 441 4 Worker 576991370
442 442 4 Worker 521869790
443 443 4 Worker 975107103
444 444 4 Worker 900857051
445 445 4 Worker 506297814
446 446 4 Worker 193448725
447 447 4 Worker 62294513
448 448 4 Worker 763592094
449 449 4 Worker 531667140
450 450 4 Worker 146805298
451 451 4 Worker 785850551
452 452 4 Worker 396520840
453 453 4 Worker 936919009
454 454 4 Worker 89760034
455 455 4 Worker 73374950
456 456 4 Worker 232839029
457 457 4 Worker 515250691
458 458 4 Worker 218171402
459 459 4 Worker 20505924
460 460 4 Worker 8606899
461 461 4 Worker 499846107
462 462 4 Worker 587428428
463 463 4 Worker 50478700
464 464 4 Worker 197193362
465 465 4 Worker 538550307
466 466 4 Worker 771328068
467 467 4 Worker 773839553
468 468 4 Worker 484636163
469 469 4 Worker 379613893
470 470 4 Worker 981394006
471 471 4 Worker 226837579
472 472 4 Worker 22476273
473 473 4 Worker 395282015
474 474 4 Worker 889613620
475 475 4 Worker 169871167
476 476 4 Worker 392943231
477 477 4 Worker 559157527
478 478 4 Worker 182187053
479 479 4 Worker 636239374
480 480 4 Worker 591284125
481 481 4 Worker 612368451
482 482 4 Worker 62003134
483 483 4 Worker 55836288
484 484 4 Worker 887916802
485 485 4 Worker 393175232
486 486 4 Worker 757015153
487 487 4 Worker 115966357
488 488 4 Worker 391132998
489 489 4 Worker 738976191
490 490 4 Worker 555415016
491 491 4 Worker 454130001
492 492 4 Worker 735379953
493 493 4 Worker 967475428
494 494 4 Worker 145357530
495 495 4 Worker 997879552
496 496 4 Worker 991060218
497 497 4 Worker 145004116
498 498 4 Worker 813054643
499 499 4 Worker 217126436
500 500 4 Worker 146659771
501 501 4 Worker 113877067
502 502 4 Worker 952378688
503 503 4 Worker 148196177
504 504 4 Worker 20953224
505 505 4 Worker 798496881
506 506 4 Worker 486898950
507 507 4 Worker 352159146
508 508 4 Worker 903261031
509 509 4 Worker 358969060
510 510 4 Worker 993431154
511 511 4 Worker 720670615
512 512 4 Worker 447065511
513 513 4 Worker 111246318
514 514 4 Worker 732372544
515 515 4 Worker 855298845
516 516 4 Worker 726093181
517 517 4 Worker 203885661
518 518 4 Worker 448951603
519 519 4 Worker 804084677
520 520 4 Worker 463479337
521 521 4 Worker 679794250
522 522 4 Worker 326728029
523 523 4 Worker 138668014
524 524 4 Worker 359154620
525 525 4 Worker 629992607
526 526 4 Worker 953487375
527 527 4 Worker 646489025
528 528 4 Worker 676075538
529 529 4 Worker 604144815
530 530 4 Worker 362313552
531 531 4 Worker 795396135
532 532 4 Worker 628884776
533 533 4 Worker 602961230
534 534 4 Worker 40334551
535 535 4 Worker 317720153
536 536 4 Worker 465677162
537 537 4 Worker 391523375
538 538 4 Worker 237718390
539 539 4 Worker 10636744
540 540 4 Worker 180734322
541 541 4 Worker 395379244
542 542 4 Worker 332838540
543 543 4 Worker 490122530
544 544 4 Worker 438163261
545 545 4 Worker 58341588
546 546 4 Worker 440483285
547 547 4 Worker 156882903
548 548 4 Worker 472638319
549 549 4 Worker 378937840
550 550 4 Worker 351688855
551 551 4 Worker 451640113
552 552 4 Worker 72896768
553 553 4 Worker 863772750
554 554 4 Worker 309773343
555 555 4 Worker 592199346
556 556 4 Worker 102562911
557 557 4 Worker 883558750
558 558 4 Worker 732581904
559 559 4 Worker 137364706
560 560 4 Worker 802474602
561 561 4 Worker 980860185
562 562 4 Worker 918700417
563 563 4 Worker 831473931
564 564 4 Worker 247482853
565 565 4 Worker 238473688
566 566 4 Worker 805076100
567 567 4 Worker 561849285
568 568 4 Worker 739733737
569 569 4 Worker 374451278
570 570 4 Worker 884070626
571 571 4 Worker 60156266
572 572 4 Worker 677227822
573 573 4 Worker 745053807
574 574 4 Worker 93904809
575 575 4 Worker 405112088
576 576 4 Worker 118242413
577 577 4 Worker 710388367
578 578 4 Worker 86032221
579 579 4 Worker 876066696
580 580 4 Worker 461848624
581 581 4 Worker 734989205
582 582 4 Worker 764549834
583 583 4 Worker 387194939
584 584 4 Worker 858227195
585 585 4 Worker 681579334
586 586 4 Worker 333306351
587 587 4 Worker 475082781
588 588 4 Worker 732652550
589 589 4 Worker 489265318
590 590 4 Worker 839108807
591 591 4 Worker 975643481
592 592 4 Worker 323227165
593 593 4 Worker 25789900
594 594 4 Worker 958104028
595 595 4 Worker 882695635
596 596 4 Worker 516615919
597 597 4 Worker 771805709
598 598 4 Worker 348410125
599 599 4 Worker 749993155
600 600 4 Worker 838998238
601 601 4 Worker 738564093
602 602 4 Worker 770694451
603 603 4 Worker 494607216
604 604 4 Worker 850262960
605 605 4 Worker 82305319
606 606 4 Worker 845546291
607 607 4 Worker 659308064
608 608 4 Worker 916219867
609 609 4 Worker 323131360
610 610 4 Worker 335679225
611 611 4 Worker 959472321
612 612 4 Worker 182814299
613 613 4 Worker 569597152
614 614 4 Worker 891394082
615 615 4 Worker 71942437
616 616 4 Worker 769814037
617 617 4 Worker 971047699
618 618 4 Worker 222420635
619 619 4 Worker 344281803
620 620 4 Worker 372952931
621 621 4 Worker 985916721
622 622 4 Worker 816945566
623 623 4 Worker 76312460
624 624 4 Worker 852081261
625 625 4 Worker 527549036
626 626 4 Worker 542354890
627 627 4 Worker 572678796
628 628 4 Worker 498136463
629 629 4 Worker 287565793
630 630 4 Worker 284998955
631 631 4 Worker 600671023
632 632 4 Worker 160658884
633 633 4 Worker 589175469
634 634 4 Worker 580536283
635 635 4 Worker 912695783
636 636 4 Worker 256108112
637 637 4 Worker 150400631
638 638 4 Worker 304343630
639 639 4 Worker 875564306
640 640 4 Worker 749449426
641 641 4 Worker 21087619
642 642 4 Worker 446683275
643 643 4 Worker 93147578
644 644 4 Worker 13817153
645 645 4 Worker 982116446
646 646 4 Worker 288501166
647 647 4 Worker 689866621
648 648 4 Worker 75030234
649 649 4 Worker 572430981
650 650 4 Worker 433153776
651 651 4 Worker 868435344
652 652 4 Worker 999675971
653 653 4 Worker 998784245
654 654 4 Worker 43320063
655 655 4 Worker 29667353
656 656 4 Worker 810289290
657 657 4 Worker 36196433
658 658 4 Worker 398269834
659 659 4 Worker 954593265
660 660 4 Worker 568472121
661 661 4 Worker 490197100
662 662 4 Worker 216816228
663 663 4 Worker 367226102
664 664 4 Worker 50630676
665 665 4 Worker 418946971
666 666 4 Worker 800404322
667 667 4 Worker 459994747
668 668 4 Worker 14212814
669 669 4 Worker 744067957
670 670 4 Worker 481372028
671 671 4 Worker 51558073
672 672 4 Worker 400119827
673 673 4 Worker 90683385
674 674 4 Worker 517297173
675 675 4 Worker 576781742
676 676 4 Worker 933316415
677 677 4 Worker 40248771
678 678 4 Worker 498031144
679 679 4 Worker 584624148
680 680 4 Worker 726121345
681 681 4 Worker 521654766
682 682 4 Worker 834721497
683 683 4 Worker 348503169
684 684 4 Worker 637125292
685 685 4 Worker 46174649
686 686 4 Worker 535643060
687 687 4 Worker 868091760
688 688 4 Worker 25228530
689 689 4 Worker 283664780
690 690 4 Worker 27816158
691 691 4 Worker 585903682
692 692 4 Worker 672219360
693 693 4 Worker 572443382
694 694 4 Worker 390352155
695 695 4 Worker 625331316
696 696 4 Worker 696534638
697 697 4 Worker 775980859
698 698 4 Worker 851851801
699 699 4 Worker 105025131
700 700 4 Worker 312385046
701 701 4 Worker 556398591
702 702 4 Worker 920395707
703 703 4 Worker 245794130
704 704 4 Worker 825565355
705 705 4 Worker 696023499
706 706 4 Worker 177757518
707 707 4 Worker 14151298
708 708 4 Worker 214862607
709 709 4 Worker 18298083
710 710 4 Worker 701767333
711 711 4 Worker 245718631
712 712 4 Worker 182526739
713 713 4 Worker 403536337
714 714 4 Worker 540122104
715 715 4 Worker 771753553
716 716 4 Worker 240632862
717 717 4 Worker 890391240
718 718 4 Worker 552944909
719 719 4 Worker 973274214
720 720 4 Worker 399834460
721 721 4 Worker 500240715
722 722 4 Worker 362295788
723 723 4 Worker 882490244
724 724 4 Worker 484995702
725 725 4 Worker 421140530
726 726 4 Worker 578520257
727 727 4 Worker 87331684
728 728 4 Worker 539715818
729 729 4 Worker 196228363
730 730 4 Worker 624622562
731 731 4 Worker 704772001
732 732 4 Worker 395101236
733 733 4 Worker 655843636
734 734 4 Worker 681174871
735 735 4 Worker 727059336
736 736 4 Worker 848785130
737 737 4 Worker 255469796
738 738 4 Worker 498381278
739 739 4 Worker 657010743
740 740 4 Worker 913255229
741 741 4 Worker 805656939
742 742 4 Worker 550548022
743 743 4 Worker 169541411
744 744 4 Worker 178160714
745 745 4 Worker 287113933
746 746 4 Worker 646940983
747 747 4 Worker 405436573
748 748 4 Worker 689584312
749 749 4 Worker 860876360
750 750 4 Worker 300288597
751 751 4 Worker 425980345
752 752 4 Worker 120536933
753 753 4 Worker 480061834
754 754 4 Worker 561359004
755 755 4 Worker 927471524
756 756 4 Worker 208856718
757 757 4 Worker 834553565
758 758 4 Worker 347897754
759 759 4 Worker 613697544
760 760 4 Worker 807530498
761 761 4 Worker 376811114
762 762 4 Worker 9537209
763 763 4 Worker 66755342
764 764 4 Worker 235189649
765 765 4 Worker 807620118
766 766 4 Worker 800288453
767 767 4 Worker 151697651
768 768 4 Worker 50034988
769 769 4 Worker 179711524
770 770 4 Worker 885341493
771 771 4 Worker 354028261
772 772 4 Worker 36471688
773 773 4 Worker 575265218
774 774 4 Worker 169141897
775 775 4 Worker 134791118
776 776 4 Worker 666679964
777 777 4 Worker 201980889
778 778 4 Worker 32766630
779 779 4 Worker 38857316
780 780 4 Worker 126410877
781 781 4 Worker 906639884
782 782 4 Worker 745654287
783 783 4 Worker 38762175
784 784 4 Worker 220607075
785 785 4 Worker 449077600
786 786 4 Worker 591494755
787 787 4 Worker 533946950
788 788 4 Worker 683297384
789 789 4 Worker 580986594
790 790 4 Worker 527202814
791 791 4 Worker 105711245
792 792 4 Worker 418886534
793 793 4 Worker 113666541
794 794 4 Worker 951679904
795 795 4 Worker 233838319
796 796 4 Worker 91736979
797 797 4 Worker 576054166
798 798 4 Worker 788445752
799 799 4 Worker 618620563
800 800 4 Worker 443350755
801 801 4 Worker 347017486
802 802 4 Worker 735011216
803 803 4 Worker 44268575
804 804 4 Worker 663833607
805 805 4 Worker 904809560
806 806 4 Worker 948997632
807 807 4 Worker 704066574
808 808 4 Worker 827432368
809 809 4 Worker 618762846
810 810 4 Worker 409351569
811 811 4 Worker 980694491
812 812 4 Worker 528453408
813 813 4 Worker 432877153
814 814 4 Worker 10022097
815 815 4 Worker 849505276
816 816 4 Worker 93782639
817 817 4 Worker 320557137
818 818 4 Worker 921569232
819 819 4 Worker 119314388
820 820 4 Worker 407011052
821 821 4 Worker 533669601
822 822 4 Worker 185207887
823 823 4 Worker 681396664
824 824 4 Worker 328481823
825 825 4 Worker 109008789
826 826 4 Worker 312229507
827 827 4 Worker 14116437
828 828 4 Worker 253885516
829 829 4 Worker 637098045
830 830 4 Worker 137977298
831 831 4 Worker 593628963
832 832 4 Worker 404503382
833 833 4 Worker 988551618
834 834 4 Worker 29911742
835 835 4 Worker 995792597
836 836 4 Worker 763554802
837 837 4 Worker 432557564
838 838 4 Worker 388931336
839 839 4 Worker 298769621
840 840 4 Worker 489535535
841 841 4 Worker 80501568
842 842 4 Worker 401925464
843 843 4 Worker 434141420
844 844 4 Worker 684389848
845 845 4 Worker 806520179
846 846 4 Worker 994202062
847 847 4 Worker 640877572
848 848 4 Worker 603866399
849 849 4 Worker 575882729
850 850 4 Worker 182956241
851 851 4 Worker 503672124
852 852 4 Worker 89229405
853 853 4 Worker 370516049
854 854 4 Worker 268058855
855 855 4 Worker 120176265
856 856 4 Worker 7263866
857 857 4 Worker 604107296
858 858 4 Worker 157145988
859 859 4 Worker 336742631
860 860 4 Worker 590067021
861 861 4 Worker 873624617
862 862 4 Worker 684942596
863 863 4 Worker 644119476
864 864 4 Worker 241611704
865 865 4 Worker 498254712
866 866 4 Worker 339380454
867 867 4 Worker 665903574
868 868 4 Worker 615913860
869 869 4 Worker 235751598
870 870 4 Worker 908564810
871 871 4 Worker 939555257
872 872 4 Worker 297395808
873 873 4 Worker 228505885
874 874 4 Worker 951108584
875 875 4 Worker 396596862
876 876 4 Worker 111562452
877 877 4 Worker 788055831
878 878 4 Worker 875305686
879 879 4 Worker 266668691
880 880 4 Worker 380603829
881 881 4 Worker 73503909
882 882 4 Worker 638628762
883 883 4 Worker 308739026
884 884 4 Worker 813777866
885 885 4 Worker 962676521
886 886 4 Worker 784625508
887 887 4 Worker 665975144
888 888 4 Worker 779509588
889 889 4 Worker 406985464
890 890 4 Worker 745401344
891 891 4 Worker 628979579
892 892 4 Worker 92588427
893 893 4 Worker 548698967
894 894 4 Worker 119420936
895 895 4 Worker 848638930
896 896 4 Worker 891136933
897 897 4 Worker 555318911
898 898 4 Worker 435426206
899 899 4 Worker 707799678
900 900 4 Worker 206674990
901 901 4 Worker 305692603
902 902 4 Worker 332272292
903 903 4 Worker 562610619
904 904 4 Worker 9724962
905 905 4 Worker 337604712
906 906 4 Worker 59483478
907 907 4 Worker 636915392
908 908 4 Worker 533467009
909 909 4 Worker 798456132
910 910 4 Worker 600399951
911 911 4 Worker 967985907
912 912 4 Worker 91111317
913 913 4 Worker 109207191
914 914 4 Worker 394496312
915 915 4 Worker 748503582
916 916 4 Worker 81186862
917 917 4 Worker 931490276
918 918 4 Worker 210414128
919 919 4 Worker 144165715
920 920 4 Worker 888393565
921 921 4 Worker 395199790
922 922 4 Worker 245342863
923 923 4 Worker 319264605
924 924 4 Worker 780134223
925 925 4 Worker 121607689
926 926 4 Worker 259327947
927 927 4 Worker 247326528
928 928 4 Worker 132520554
929 929 4 Worker 155082063
930 930 4 Worker 175330968
931 931 4 Worker 160198091
932 932 4 Worker 75529663
933 933 4 Worker 414550144
934 934 4 Worker 211134831
935 935 4 Worker 205121579
936 936 4 Worker 443728352
937 937 4 Worker 709745595
938 938 4 Worker 149262451
939 939 4 Worker 81037039
940 940 4 Worker 794782992
941 941 4 Worker 498681165
942 942 4 Worker 831293208
943 943 4 Worker 3894717
944 944 4 Worker 301954087
945 945 4 Worker 886825548
946 946 4 Worker 655061012
947 947 4 Worker 139896424
948 948 4 Worker 505878206
949 949 4 Worker 832821611
950 950 4 Worker 486008972
951 951 4 Worker 139781212
952 952 4 Worker 283532855
953 953 4 Worker 504563434
954 954 4 Worker 807543113
955 955 4 Worker 609182692
956 956 4 Worker 556401790
957 957 4 Worker 820146293
958 958 4 Worker 467893519
959 959 4 Worker 449520385
960 960 4 Worker 467422629
961 961 4 Worker 936599197
962 962 4 Worker 858487473
963 963 4 Worker 83030503
964 964 4 Worker 932573973
965 965 4 Worker 984962786
966 966 4 Worker 328207557
967 967 4 Worker 24807901
968 968 4 Worker 643429160
969 969 4 Worker 173459215
970 970 4 Worker 558936105
971 971 4 Worker 902001983
972 972 4 Worker 393817488
973 973 4 Worker 785032299
974 974 4 Worker 668827146
975 975 4 Worker 971147618
976 976 4 Worker 225632667
977 977 4 Worker 169249617
978 978 4 Worker 58843447
979 979 4 Worker 467626520
980 980 4 Worker 401847714
981 981 4 Worker 112268355
982 982 4 Worker 884159979
983 983 4 Worker 493860761
984 984 4 Worker 502557425
985 985 4 Worker 909090618
986 986 4 Worker 650890014
987 987 4 Worker 760581851
988 988 4 Worker 186022663
989 989 4 Worker 710652580
990 990 4 Worker 918535858
991 991 4 Worker 926761328
992 992 4 Worker 813792615
993 993 4 Worker 29712310
994 994 4 Worker 664279849
995 995 4 Worker 755809513
996 996 4 Worker 155304851
997 997 4 Worker 114054413
998 998 4 Worker 476565276
999 999 4 Worker 694464844
1000 1000 4 Worker 173230940
1001 1001 4 Worker 657031593
1002 1002 4 Worker 177002299
1003 1003 4 Worker 847952407
1004 1004 4 Worker 778981530
1005 1005 4 Worker 110456267
1006 1006 4 Worker 838508386
1007 1007 4 Worker 417177746
1008 1008 4 Worker 955025351
1009 1009 4 Worker 626365982
1010 1010 4 Worker 198201815
1011 1011 4 Worker 963724948
1012 1012 4 Worker 743968435
1013 1013 4 Worker 326513080
1014 1014 4 Worker 760088586
1015 1015 4 Worker 713639961
1016 1016 4 Worker 387009059
1017 1017 4 Worker 233820085
1018 1018 4 Worker 51068899
1019 1019 4 Worker 240267621
1020 1020 4 Worker 107759251
1021 1021 4 Worker 471199876
1022 1022 4 Worker 517463996
1023 1023 4 Worker 149564682
1024 1024 4 Worker 263552840
1025 1025 4 Worker 756569700
1026 1026 4 Worker 441313765
1027 1027 4 Worker 76076804
1028 1028 4 Worker 574587398
1029 1029 4 Worker 611743148
1030 1030 4 Worker 217145904
1031 1031 4 Worker 674232744
1032 1032 4 Worker 755098377
1033 1033 4 Worker 916906547
1034 1034 4 Worker 694529127
1035 1035 4 Worker 393658997
1036 1036 4 Worker 542478290
1037 1037 4 Worker 327763818
1038 1038 4 Worker 2253481
1039 1039 4 Worker 947543971
1040 1040 4 Worker 455150257
1041 1041 4 Worker 93080362
1042 1042 4 Worker 297399656
1043 1043 4 Worker 98765162
1044 1044 4 Worker 746005385
1045 1045 4 Worker 116478301
1046 1046 4 Worker 980130454
1047 1047 4 Worker 390763449
1048 1048 4 Worker 450916037
1049 1049 4 Worker 72041308
1050 1050 4 Worker 77351441
1051 1051 4 Worker 533747020
1052 1052 4 Worker 46625743
1053 1053 4 Worker 882524799
1054 1054 4 Worker 726813572
1055 1055 4 Worker 553004209
1056 1056 4 Worker 765360880
1057 1057 4 Worker 573377435
1058 1058 4 Worker 271170090
1059 1059 4 Worker 299207886
1060 1060 4 Worker 544995996
1061 1061 4 Worker 672926193
1062 1062 4 Worker 404710329
1063 1063 4 Worker 334968546
1064 1064 4 Worker 54602175
1065 1065 4 Worker 495754888
1066 1066 4 Worker 156838832
1067 1067 4 Worker 319745893
1068 1068 4 Worker 684792233
1069 1069 4 Worker 103029518
1070 1070 4 Worker 368832337
1071 1071 4 Worker 237135769
1072 1072 4 Worker 457678285
1073 1073 4 Worker 916336800
1074 1074 4 Worker 989429006
1075 1075 4 Worker 642490111
1076 1076 4 Worker 909198027
1077 1077 4 Worker 86547943
1078 1078 4 Worker 455062437
1079 1079 4 Worker 561909653
1080 1080 4 Worker 415903161
1081 1081 4 Worker 849371787
1082 1082 4 Worker 348773452
1083 1083 4 Worker 821086789
1084 1084 4 Worker 77371165
1085 1085 4 Worker 65583244
1086 1086 4 Worker 511561062
1087 1087 4 Worker 622175533
1088 1088 4 Worker 171599099
1089 1089 4 Worker 156545746
1090 1090 4 Worker 7471424
1091 1091 4 Worker 157457263
1092 1092 4 Worker 514242531
1093 1093 4 Worker 615392797
1094 1094 4 Worker 122781629
1095 1095 4 Worker 125780679
1096 1096 4 Worker 328455467
1097 1097 4 Worker 153655997
1098 1098 4 Worker 860558177
1099 1099 4 Worker 178509803
1100 1100 4 Worker 137449387
1101 1101 4 Worker 24511036
1102 1102 4 Worker 775269928
1103 1103 4 Worker 481178956
1104 1104 4 Worker 107764419
1105 1105 4 Worker 11514940
1106 1106 4 Worker 639790808
1107 1107 4 Worker 580059645
1108 1108 4 Worker 76747020
1109 1109 4 Worker 426401672
1110 1110 4 Worker 80359732
1111 1111 4 Worker 307016083
1112 1112 4 Worker 37439351
1113 1113 4 Worker 498973429
1114 1114 4 Worker 419023075
1115 1115 4 Worker 732590026
1116 1116 4 Worker 970727784
1117 1117 4 Worker 535790940
1118 1118 4 Worker 868779218
1119 1119 4 Worker 394617314
1120 1120 4 Worker 840803312
1121 1121 4 Worker 480789550
1122 1122 4 Worker 265853020
1123 1123 4 Worker 858551721
1124 1124 4 Worker 152607229
1125 1125 4 Worker 65408036
1126 1126 4 Worker 989636537
1127 1127 4 Worker 634911825
1128 1128 4 Worker 802783533
1129 1129 4 Worker 154053645
1130 1130 4 Worker 931133010
1131 1131 4 Worker 420754609
1132 1132 4 Worker 868132670
1133 1133 4 Worker 527805432
1134 1134 4 Worker 356525004
1135 1135 4 Worker 680736366
1136 1136 4 Worker 333981604
1137 1137 4 Worker 233982618
1138 1138 4 Worker 86535802
1139 1139 4 Worker 858710312
1140 1140 4 Worker 587166053
1141 1141 4 Worker 287588427
1142 1142 4 Worker 390236960
1143 1143 4 Worker 845813508
1144 1144 4 Worker 507313440
1145 1145 4 Worker 291038250
1146 1146 4 Worker 39603057
1147 1147 4 Worker 502017251
1148 1148 4 Worker 270898743
1149 1149 4 Worker 991543040
1150 1150 4 Worker 757970963
1151 1151 4 Worker 445039441
1152 1152 4 Worker 753296195
1153 1153 4 Worker 398044163
1154 1154 4 Worker 145546959
1155 1155 4 Worker 492784910
1156 1156 4 Worker 642398432
1157 1157 4 Worker 398887004
1158 1158 4 Worker 563270935
1159 1159 4 Worker 109266154
1160 1160 4 Worker 438935666
1161 1161 4 Worker 620685785
1162 1162 4 Worker 138248603
1163 1163 4 Worker 302628719
1164 1164 4 Worker 525124321
1165 1165 4 Worker 680677145
1166 1166 4 Worker 384387026
1167 1167 4 Worker 166200499
1168 1168 4 Worker 578077512
1169 1169 4 Worker 919511726
1170 1170 4 Worker 58398773
1171 1171 4 Worker 924699609
1172 1172 4 Worker 133595463
1173 1173 4 Worker 395453047
1174 1174 4 Worker 299292836
1175 1175 4 Worker 203736990
1176 1176 4 Worker 195788719
1177 1177 4 Worker 605994879
1178 1178 4 Worker 715397388
1179 1179 4 Worker 500076413
1180 1180 4 Worker 994270069
1181 1181 4 Worker 585237767
1182 1182 4 Worker 440782516
1183 1183 4 Worker 661935946
1184 1184 4 Worker 142097624
1185 1185 4 Worker 745129225
1186 1186 4 Worker 917112630
1187 1187 4 Worker 869673807
1188 1188 4 Worker 461959434
1189 1189 4 Worker 939351704
1190 1190 4 Worker 902352389
1191 1191 4 Worker 660159133
1192 1192 4 Worker 581916991
1193 1193 4 Worker 836197112
1194 1194 4 Worker 137162398
1195 1195 4 Worker 546755063
1196 1196 4 Worker 585136477
1197 1197 4 Worker 530024558
1198 1198 4 Worker 611961546
1199 1199 4 Worker 145480009
1200 1200 4 Worker 877917195
1201 1201 4 Worker 219589051
1202 1202 4 Worker 724357969
1203 1203 4 Worker 310335366
1204 1204 4 Worker 762489729
1205 1205 4 Worker 464568822
1206 1206 4 Worker 558376156
1207 1207 4 Worker 919076968
1208 1208 4 Worker 577953638
1209 1209 4 Worker 919074629
1210 1210 4 Worker 284034160
1211 1211 4 Worker 824985535
1212 1212 4 Worker 176998909
1213 1213 4 Worker 493979829
1214 1214 4 Worker 130874276
1215 1215 4 Worker 390341640
1216 1216 4 Worker 447447789
1217 1217 4 Worker 81657761
1218 1218 4 Worker 131931743
1219 1219 4 Worker 183218656
1220 1220 4 Worker 766937708
1221 1221 4 Worker 111348762
1222 1222 4 Worker 781532841
1223 1223 4 Worker 83692836
1224 1224 4 Worker 228542771
1225 1225 4 Worker 361925790
1226 1226 4 Worker 685132532
1227 1227 4 Worker 542867022
1228 1228 4 Worker 456127023
1229 1229 4 Worker 923130863
1230 1230 4 Worker 34824536
1231 1231 4 Worker 717152774
1232 1232 4 Worker 307298791
1233 1233 4 Worker 364110219
1234 1234 4 Worker 253533392
1235 1235 4 Worker 151878615
1236 1236 4 Worker 390997798
1237 1237 4 Worker 786982714
1238 1238 4 Worker 499042135
1239 1239 4 Worker 587032620
1240 1240 4 Worker 888702575
1241 1241 4 Worker 574772153
1242 1242 4 Worker 416993288
1243 1243 4 Worker 944324752
1244 1244 4 Worker 493704534
1245 1245 4 Worker 138832449
1246 1246 4 Worker 178789395
1247 1247 4 Worker 372336102
1248 1248 4 Worker 492211667
1249 1249 4 Worker 305848782
1250 1250 4 Worker 604395405
1251 1251 4 Worker 181462108
1252 1252 4 Worker 495457300
1253 1253 4 Worker 734976966
1254 1254 4 Worker 827477277
1255 1255 4 Worker 644104090
1256 1256 4 Worker 23153083
1257 1257 4 Worker 848338490
1258 1258 4 Worker 777653783
1259 1259 4 Worker 464424184
1260 1260 4 Worker 849354386
1261 1261 4 Worker 613730788
1262 1262 4 Worker 30054589
1263 1263 4 Worker 230011291
1264 1264 4 Worker 484828318
1265 1265 4 Worker 551210905
1266 1266 4 Worker 831803768
1267 1267 4 Worker 215528362
1268 1268 4 Worker 266210737
1269 1269 4 Worker 146369168
1270 1270 4 Worker 590427561
1271 1271 4 Worker 433030994
1272 1272 4 Worker 181539757
1273 1273 4 Worker 230261248
1274 1274 4 Worker 373320436
1275 1275 4 Worker 375354857
1276 1276 4 Worker 965381041
1277 1277 4 Worker 867957933
1278 1278 4 Worker 733926804
1279 1279 4 Worker 47418627
1280 1280 4 Worker 249478873
1281 1281 4 Worker 734477124
1282 1282 4 Worker 403291346
1283 1283 4 Worker 430096233
1284 1284 4 Worker 293591967
1285 1285 4 Worker 175799150
1286 1286 4 Worker 460199139
1287 1287 4 Worker 750431857
1288 1288 4 Worker 67960525
1289 1289 4 Worker 889613156
1290 1290 4 Worker 415072816
1291 1291 4 Worker 257411920
1292 1292 4 Worker 421700146
1293 1293 4 Worker 861190325
1294 1294 4 Worker 13999707
1295 1295 4 Worker 917889359
1296 1296 4 Worker 698715276
1297 1297 4 Worker 696077302
1298 1298 4 Worker 696402380
1299 1299 4 Worker 194797746
1300 1300 4 Worker 132871441
1301 1301 4 Worker 479773384
1302 1302 4 Worker 924011321
1303 1303 4 Worker 714861472
1304 1304 4 Worker 493068853
1305 1305 4 Worker 292669923
1306 1306 4 Worker 887781736
1307 1307 4 Worker 816813829
1308 1308 4 Worker 75841308
1309 1309 4 Worker 845842700
1310 1310 4 Worker 172013413
1311 1311 4 Worker 2569011
1312 1312 4 Worker 641123832
1313 1313 4 Worker 418521480
1314 1314 4 Worker 923557449
1315 1315 4 Worker 299679282
1316 1316 4 Worker 641212142
1317 1317 4 Worker 35196674
1318 1318 4 Worker 733860436
1319 1319 4 Worker 798952236
1320 1320 4 Worker 183788110
1321 1321 4 Worker 920048719
1322 1322 4 Worker 967623034
1323 1323 4 Worker 44951148
1324 1324 4 Worker 890496556
1325 1325 4 Worker 874981946
1326 1326 4 Worker 75162014
1327 1327 4 Worker 567543715
1328 1328 4 Worker 243381078
1329 1329 4 Worker 758959035
1330 1330 4 Worker 314729295
1331 1331 4 Worker 814927653
1332 1332 4 Worker 308734727
1333 1333 4 Worker 827951131
1334 1334 4 Worker 821453215
1335 1335 4 Worker 122561820
1336 1336 4 Worker 23004858
1337 1337 4 Worker 720291544
1338 1338 4 Worker 929639260
1339 1339 4 Worker 670495651
1340 1340 4 Worker 146774940
1341 1341 4 Worker 116775388
1342 1342 4 Worker 28453286
1343 1343 4 Worker 573337124
1344 1344 4 Worker 817240597
1345 1345 4 Worker 140036674
1346 1346 4 Worker 270948274
1347 1347 4 Worker 691571004
1348 1348 4 Worker 985070535
1349 1349 4 Worker 783530040
1350 1350 4 Worker 608560219
1351 1351 4 Worker 539563966
1352 1352 4 Worker 546317281
1353 1353 4 Worker 387850542
1354 1354 4 Worker 140504484
1355 1355 4 Worker 282097927
1356 1356 4 Worker 919841493
1357 1357 4 Worker 923426434
1358 1358 4 Worker 748250663
1359 1359 4 Worker 131584102
1360 1360 4 Worker 634572209
1361 1361 4 Worker 397461271
1362 1362 4 Worker 595002683
1363 1363 4 Worker 551749915
1364 1364 4 Worker 859955528
1365 1365 4 Worker 377662888
1366 1366 4 Worker 513007004
1367 1367 4 Worker 351514572
1368 1368 4 Worker 66458240
1369 1369 4 Worker 918675199
1370 1370 4 Worker 11259654
1371 1371 4 Worker 619616416
1372 1372 4 Worker 200113554
1373 1373 4 Worker 456925711
1374 1374 4 Worker 289104920
1375 1375 4 Worker 183310594
1376 1376 4 Worker 888115830
1377 1377 4 Worker 878154449
1378 1378 4 Worker 116369773
1379 1379 4 Worker 850017380
1380 1380 4 Worker 395193453
1381 1381 4 Worker 643563672
1382 1382 4 Worker 544590021
1383 1383 4 Worker 621326102
1384 1384 4 Worker 671362088
1385 1385 4 Worker 569188236
1386 1386 4 Worker 266154304
1387 1387 4 Worker 935869587
1388 1388 4 Worker 12011588
1389 1389 4 Worker 311954230
1390 1390 4 Worker 87271498
1391 1391 4 Worker 208160167
1392 1392 4 Worker 398601639
1393 1393 4 Worker 402611920
1394 1394 4 Worker 613850126
1395 1395 4 Worker 313450859
1396 1396 4 Worker 663699508
1397 1397 4 Worker 934141931
1398 1398 4 Worker 679930761
1399 1399 4 Worker 849900951
1400 1400 4 Worker 260805169
1401 1401 4 Worker 806145987
1402 1402 4 Worker 619106677
1403 1403 4 Worker 14807771
1404 1404 4 Worker 137891823
1405 1405 4 Worker 907846078
1406 1406 4 Worker 456693926
1407 1407 4 Worker 991111979
1408 1408 4 Worker 966962161
1409 1409 4 Worker 457494480
1410 1410 4 Worker 135744653
1411 1411 4 Worker 403682546
1412 1412 4 Worker 182694470
1413 1413 4 Worker 825085056
1414 1414 4 Worker 266901939
1415 1415 4 Worker 372581455
1416 1416 4 Worker 2261005
1417 1417 4 Worker 674324604
1418 1418 4 Worker 899068493
1419 1419 4 Worker 197612161
1420 1420 4 Worker 372157342
1421 1421 4 Worker 782418616
1422 1422 4 Worker 861588107
1423 1423 4 Worker 952035766
1424 1424 4 Worker 606802160
1425 1425 4 Worker 188217228
1426 1426 4 Worker 80851116
1427 1427 4 Worker 890377857
1428 1428 4 Worker 74673812
1429 1429 4 Worker 135785382
1430 1430 4 Worker 342732695
1431 1431 4 Worker 77080564
1432 1432 4 Worker 513894439
1433 1433 4 Worker 561713998
1434 1434 4 Worker 986116128
1435 1435 4 Worker 747763854
1436 1436 4 Worker 474484876
1437 1437 4 Worker 705153440
1438 1438 4 Worker 503309023
1439 1439 4 Worker 340255911
1440 1440 4 Worker 482355563
1441 1441 4 Worker 507666494
1442 1442 4 Worker 594689014
1443 1443 4 Worker 519023809
1444 1444 4 Worker 165423576
1445 1445 4 Worker 361967348
1446 1446 4 Worker 638340209
1447 1447 4 Worker 860588675
1448 1448 4 Worker 721318734
1449 1449 4 Worker 530332020
1450 1450 4 Worker 850945648
1451 1451 4 Worker 730203512
1452 1452 4 Worker 789047011
1453 1453 4 Worker 841893643
1454 1454 4 Worker 525010398
1455 1455 4 Worker 759090183
1456 1456 4 Worker 706010876
1457 1457 4 Worker 976084980
1458 1458 4 Worker 276370836
1459 1459 4 Worker 769952430
1460 1460 4 Worker 917696990
1461 1461 4 Worker 161842584
1462 1462 4 Worker 814508550
1463 1463 4 Worker 169887296
1464 1464 4 Worker 248812008
1465 1465 4 Worker 802057302
1466 1466 4 Worker 732519495
1467 1467 4 Worker 299445884
1468 1468 4 Worker 350550323
1469 1469 4 Worker 187278853
1470 1470 4 Worker 558497584
1471 1471 4 Worker 222808968
1472 1472 4 Worker 335042887
1473 1473 4 Worker 497874471
1474 1474 4 Worker 544870880
1475 1475 4 Worker 352584640
1476 1476 4 Worker 475224470
1477 1477 4 Worker 677539864
1478 1478 4 Worker 927647305
1479 1479 4 Worker 183075471
1480 1480 4 Worker 375971841
1481 1481 4 Worker 829684203
1482 1482 4 Worker 278428422
1483 1483 4 Worker 794709721
1484 1484 4 Worker 367816328
1485 1485 4 Worker 887368277
1486 1486 4 Worker 39754297
1487 1487 4 Worker 628998215
1488 1488 4 Worker 73645565
1489 1489 4 Worker 534376785
1490 1490 4 Worker 986244220
1491 1491 4 Worker 446019946
1492 1492 4 Worker 77611359
1493 1493 4 Worker 423187386
1494 1494 4 Worker 504673445
1495 1495 4 Worker 607339398
1496 1496 4 Worker 756432022
1497 1497 4 Worker 596262172
1498 1498 4 Worker 100294075
1499 1499 4 Worker 405894497
1500 1500 4 Worker 800064235
1501 1501 4 Worker 661670977
1502 1502 4 Worker 784327296
1503 1503 4 Worker 918544710
1504 1504 4 Worker 729320075
1505 1505 4 Worker 488583571
1506 1506 4 Worker 780138861
1507 1507 4 Worker 767209894
1508 1508 4 Worker 869989005
1509 1509 4 Worker 656919906
1510 1510 4 Worker 670982325
1511 1511 4 Worker 439272272
1512 1512 4 Worker 644100624
1513 1513 4 Worker 350162055
1514 1514 4 Worker 634424315
1515 1515 4 Worker 942486432
1516 1516 4 Worker 768484049
1517 1517 4 Worker 584370348
1518 1518 4 Worker 537922685
1519 1519 4 Worker 244360671
1520 1520 4 Worker 407189078
1521 1521 4 Worker 161417241
1522 1522 4 Worker 546060341
1523 1523 4 Worker 705085517
1524 1524 4 Worker 33280912
1525 1525 4 Worker 844540495
1526 1526 4 Worker 927901400
1527 1527 4 Worker 484735441
1528 1528 4 Worker 559471452
1529 1529 4 Worker 493371983
1530 1530 4 Worker 212160185
1531 1531 4 Worker 250034516
1532 1532 4 Worker 153218264
1533 1533 4 Worker 732303954
1534 1534 4 Worker 814987306
1535 1535 4 Worker 877051662
1536 1536 4 Worker 602613503
1537 1537 4 Worker 675114532
1538 1538 4 Worker 294612164
1539 1539 4 Worker 368617229
1540 1540 4 Worker 246843864
1541 1541 4 Worker 816062285
1542 1542 4 Worker 865905118
1543 1543 4 Worker 619298874
1544 1544 4 Worker 692531126
1545 1545 4 Worker 4270249
1546 1546 4 Worker 143810537
1547 1547 4 Worker 143826153
1548 1548 4 Worker 982173072
1549 1549 4 Worker 830351539
1550 1550 4 Worker 915983323
1551 1551 4 Worker 746397945
1552 1552 4 Worker 72172707
1553 1553 4 Worker 786066156
1554 1554 4 Worker 675844446
1555 1555 4 Worker 883295175
1556 1556 4 Worker 449995924
1557 1557 4 Worker 905334522
1558 1558 4 Worker 362263509
1559 1559 4 Worker 144683063
1560 1560 4 Worker 155362835
1561 1561 4 Worker 22840999
1562 1562 4 Worker 169517519
1563 1563 4 Worker 362751352
1564 1564 4 Worker 778467321
1565 1565 4 Worker 277474858
1566 1566 4 Worker 736534823
1567 1567 4 Worker 801488187
1568 1568 4 Worker 233746582
1569 1569 4 Worker 604176729
1570 1570 4 Worker 231168209
1571 1571 4 Worker 986972412
1572 1572 4 Worker 193668929
1573 1573 4 Worker 961570021
1574 1574 4 Worker 731184769
1575 1575 4 Worker 192193972
1576 1576 4 Worker 69840279
1577 1577 4 Worker 553338329
1578 1578 4 Worker 739308797
1579 1579 4 Worker 292436407
1580 1580 4 Worker 569852480
1581 1581 4 Worker 653031352
1582 1582 4 Worker 275176802
1583 1583 4 Worker 743746818
1584 1584 4 Worker 673257408
1585 1585 4 Worker 206498747
1586 1586 4 Worker 189134945
1587 1587 4 Worker 874359621
1588 1588 4 Worker 554898314
1589 1589 4 Worker 822956220
1590 1590 4 Worker 341490072
1591 1591 4 Worker 397603180
1592 1592 4 Worker 914151073
1593 1593 4 Worker 861917740
1594 1594 4 Worker 833779093
1595 1595 4 Worker 172540834
1596 1596 4 Worker 586417920
1597 1597 4 Worker 36325925
1598 1598 4 Worker 137182009
1599 1599 4 Worker 987198657
1600 1600 4 Worker 139697127
1601 1601 4 Worker 776323849
1602 1602 4 Worker 35952674
1603 1603 4 Worker 377021246
1604 1604 4 Worker 709503768
1605 1605 4 Worker 456750974
1606 1606 4 Worker 560707469
1607 1607 4 Worker 481442964
1608 1608 4 Worker 816174903
1609 1609 4 Worker 606712011
1610 1610 4 Worker 428768883
1611 1611 4 Worker 55317098
1612 1612 4 Worker 217414006
1613 1613 4 Worker 446081245
1614 1614 4 Worker 355564471
1615 1615 4 Worker 215248650
1616 1616 4 Worker 258327226
1617 1617 4 Worker 904449700
1618 1618 4 Worker 69440567
1619 1619 4 Worker 626426667
1620 1620 4 Worker 123771485
1621 1621 4 Worker 111754169
1622 1622 4 Worker 36945989
1623 1623 4 Worker 20110254
1624 1624 4 Worker 170696356
1625 1625 4 Worker 656004436
1626 1626 4 Worker 982666579
1627 1627 4 Worker 54492898
1628 1628 4 Worker 922137307
1629 1629 4 Worker 241011187
1630 1630 4 Worker 594322260
1631 1631 4 Worker 343826898
1632 1632 4 Worker 329121615
1633 1633 4 Worker 440910142
1634 1634 4 Worker 150784520
1635 1635 4 Worker 181881211
1636 1636 4 Worker 353225788
1637 1637 4 Worker 571454496
1638 1638 4 Worker 650967432
1639 1639 4 Worker 308553366
1640 1640 4 Worker 477945193
1641 1641 4 Worker 598311860
1642 1642 4 Worker 446371561
1643 1643 4 Worker 531186905
1644 1644 4 Worker 909525446
1645 1645 4 Worker 780859846
1646 1646 4 Worker 70412292
1647 1647 4 Worker 3405171
1648 1648 4 Worker 428307221
1649 1649 4 Worker 187921328
1650 1650 4 Worker 52750773
1651 1651 4 Worker 529982298
1652 1652 4 Worker 903337826
1653 1653 4 Worker 353855891
1654 1654 4 Worker 727594903
1655 1655 4 Worker 136714947
1656 1656 4 Worker 337704077
1657 1657 4 Worker 14383322
1658 1658 4 Worker 301149830
1659 1659 4 Worker 211072748
1660 1660 4 Worker 814398563
1661 1661 4 Worker 56596155
1662 1662 4 Worker 377161016
1663 1663 4 Worker 706479389
1664 1664 4 Worker 362630671
1665 1665 4 Worker 990914071
1666 1666 4 Worker 823227379
1667 1667 4 Worker 866852269
1668 1668 4 Worker 372702488
1669 1669 4 Worker 635084627
1670 1670 4 Worker 101998127
1671 1671 4 Worker 935703851
1672 1672 4 Worker 928734624
1673 1673 4 Worker 938164448
1674 1674 4 Worker 442227770
1675 1675 4 Worker 131211930
1676 1676 4 Worker 468249582
1677 1677 4 Worker 98830492
1678 1678 4 Worker 893512545
1679 1679 4 Worker 317014928
1680 1680 4 Worker 530775428
1681 1681 4 Worker 500085752
1682 1682 4 Worker 821277736
1683 1683 4 Worker 138660040
1684 1684 4 Worker 255023846
1685 1685 4 Worker 237422540
1686 1686 4 Worker 141574438
1687 1687 4 Worker 8698671
1688 1688 4 Worker 166876778
1689 1689 4 Worker 389128223
1690 1690 4 Worker 300251643
1691 1691 4 Worker 5143674
1692 1692 4 Worker 680639874
1693 1693 4 Worker 192656263
1694 1694 4 Worker 457554545
1695 1695 4 Worker 751824597
1696 1696 4 Worker 835714791
1697 1697 4 Worker 656473167
1698 1698 4 Worker 516605234
1699 1699 4 Worker 559111298
1700 1700 4 Worker 131449906
1701 1701 4 Worker 316667890
1702 1702 4 Worker 474134682
1703 1703 4 Worker 359136897
1704 1704 4 Worker 656617475
1705 1705 4 Worker 830162265
1706 1706 4 Worker 105387422
1707 1707 4 Worker 427437685
1708 1708 4 Worker 342331190
1709 1709 4 Worker 729917434
1710 1710 4 Worker 484655207
1711 1711 4 Worker 879964910
1712 1712 4 Worker 947098590
1713 1713 4 Worker 521477896
1714 1714 4 Worker 39629644
1715 1715 4 Worker 830913729
1716 1716 4 Worker 922877109
1717 1717 4 Worker 116001779
1718 1718 4 Worker 745257081
1719 1719 4 Worker 130789728
1720 1720 4 Worker 894303083
1721 1721 4 Worker 17427274
1722 1722 4 Worker 227170910
1723 1723 4 Worker 436584653
1724 1724 4 Worker 6188551
1725 1725 4 Worker 455026260
1726 1726 4 Worker 689261960
1727 1727 4 Worker 347105183
1728 1728 4 Worker 612365183
1729 1729 4 Worker 724943887
1730 1730 4 Worker 724290100
1731 1731 4 Worker 885381454
1732 1732 4 Worker 208945783
1733 1733 4 Worker 175346892
1734 1734 4 Worker 992014621
1735 1735 4 Worker 119102529
1736 1736 4 Worker 727981860
1737 1737 4 Worker 970046099
1738 1738 4 Worker 464014921
1739 1739 4 Worker 24761572
1740 1740 4 Worker 567793946
1741 1741 4 Worker 712950431
1742 1742 4 Worker 708743565
1743 1743 4 Worker 961374619
1744 1744 4 Worker 377639056
1745 1745 4 Worker 771086049
1746 1746 4 Worker 303946
1747 1747 4 Worker 618742402
1748 1748 4 Worker 988552063
1749 1749 4 Worker 347012004
1750 1750 4 Worker 616829142
1751 1751 4 Worker 702948878
1752 1752 4 Worker 551881204
1753 1753 4 Worker 713967417
1754 1754 4 Worker 497107704
1755 1755 4 Worker 139232878
1756 1756 4 Worker 860398518
1757 1757 4 Worker 92203931
1758 1758 4 Worker 894306184
1759 1759 4 Worker 980688069
1760 1760 4 Worker 468192302
1761 1761 4 Worker 944051660
1762 1762 4 Worker 19615546
1763 1763 4 Worker 983045382
1764 1764 4 Worker 486778156
1765 1765 4 Worker 295250436
1766 1766 4 Worker 358707331
1767 1767 4 Worker 580700052
1768 1768 4 Worker 616019405
1769 1769 4 Worker 594893469
1770 1770 4 Worker 339778061
1771 1771 4 Worker 364138547
1772 1772 4 Worker 844559329
1773 1773 4 Worker 328430942
1774 1774 4 Worker 48599299
1775 1775 4 Worker 735003889
1776 1776 4 Worker 426530228
1777 1777 4 Worker 385711471
1778 1778 4 Worker 669081905
1779 1779 4 Worker 169348654
1780 1780 4 Worker 745780868
1781 1781 4 Worker 493784174
1782 1782 4 Worker 742202828
1783 1783 4 Worker 148059421
1784 1784 4 Worker 810331122
1785 1785 4 Worker 777296809
1786 1786 4 Worker 777978666
1787 1787 4 Worker 885440874
1788 1788 4 Worker 742435130
1789 1789 4 Worker 50160749
1790 1790 4 Worker 949507356
1791 1791 4 Worker 914998433
1792 1792 4 Worker 710844172
1793 1793 4 Worker 191722852
1794 1794 4 Worker 983330195
1795 1795 4 Worker 397729381
1796 1796 4 Worker 484232155
1797 1797 4 Worker 469452605
1798 1798 4 Worker 808355690
1799 1799 4 Worker 814150865
1800 1800 4 Worker 561839413
1801 1801 4 Worker 564124334
1802 1802 4 Worker 703001166
1803 1803 4 Worker 506197883
1804 1804 4 Worker 609936115
1805 1805 4 Worker 569542889
1806 1806 4 Worker 228099475
1807 1807 4 Worker 385601622
1808 1808 4 Worker 727760060
1809 1809 4 Worker 540286345
1810 1810 4 Worker 733925604
1811 1811 4 Worker 858553436
1812 1812 4 Worker 633497663
1813 1813 4 Worker 801970600
1814 1814 4 Worker 708752453
1815 1815 4 Worker 15987408
1816 1816 4 Worker 252566430
1817 1817 4 Worker 867738205
1818 1818 4 Worker 446308236
1819 1819 4 Worker 277787180
1820 1820 4 Worker 501736441
1821 1821 4 Worker 839842028
1822 1822 4 Worker 433532266
1823 1823 4 Worker 27508473
1824 1824 4 Worker 614214398
1825 1825 4 Worker 932949768
1826 1826 4 Worker 321440047
1827 1827 4 Worker 106888243
1828 1828 4 Worker 519212162
1829 1829 4 Worker 35557542
1830 1830 4 Worker 513960572
1831 1831 4 Worker 151585552
1832 1832 4 Worker 218202745
1833 1833 4 Worker 459250230
1834 1834 4 Worker 827379360
1835 1835 4 Worker 503626173
1836 1836 4 Worker 787620247
1837 1837 4 Worker 387367206
1838 1838 4 Worker 730292048
1839 1839 4 Worker 969416572
1840 1840 4 Worker 697573407
1841 1841 4 Worker 353302817
1842 1842 4 Worker 182889614
1843 1843 4 Worker 685494964
1844 1844 4 Worker 768642756
1845 1845 4 Worker 129519980
1846 1846 4 Worker 502213832
1847 1847 4 Worker 963557860
1848 1848 4 Worker 375556306
1849 1849 4 Worker 989765508
1850 1850 4 Worker 4134178
1851 1851 4 Worker 446536950
1852 1852 4 Worker 231667061
1853 1853 4 Worker 304484654
1854 1854 4 Worker 96777972
1855 1855 4 Worker 910933050
1856 1856 4 Worker 256000365
1857 1857 4 Worker 994864240
1858 1858 4 Worker 771050401
1859 1859 4 Worker 53750475
1860 1860 4 Worker 540270731
1861 1861 4 Worker 629415629
1862 1862 4 Worker 522293329
1863 1863 4 Worker 930620411
1864 1864 4 Worker 303580760
1865 1865 4 Worker 550823676
1866 1866 4 Worker 268421582
1867 1867 4 Worker 797598723
1868 1868 4 Worker 645085941
1869 1869 4 Worker 85310157
1870 1870 4 Worker 787767376
1871 1871 4 Worker 295108463
1872 1872 4 Worker 78683417
1873 1873 4 Worker 119562788
1874 1874 4 Worker 420829246
1875 1875 4 Worker 833136222
1876 1876 4 Worker 142700205
1877 1877 4 Worker 714661187
1878 1878 4 Worker 784892985
1879 1879 4 Worker 188134375
1880 1880 4 Worker 115718808
1881 1881 4 Worker 104500690
1882 1882 4 Worker 850896194
1883 1883 4 Worker 191709275
1884 1884 4 Worker 204138533
1885 1885 4 Worker 89035207
1886 1886 4 Worker 29153649
1887 1887 4 Worker 723092823
1888 1888 4 Worker 631994825
1889 1889 4 Worker 916316502
1890 1890 4 Worker 288868358
1891 1891 4 Worker 70423448
1892 1892 4 Worker 481760897
1893 1893 4 Worker 531148182
1894 1894 4 Worker 663837522
1895 1895 4 Worker 881970277
1896 1896 4 Worker 341901450
1897 1897 4 Worker 542965757
1898 1898 4 Worker 245943320
1899 1899 4 Worker 537052956
1900 1900 4 Worker 105822533
1901 1901 4 Worker 925634249
1902 1902 4 Worker 681874388
1903 1903 4 Worker 399514914
1904 1904 4 Worker 155424082
1905 1905 4 Worker 223890252
1906 1906 4 Worker 315213625
1907 1907 4 Worker 165934581
1908 1908 4 Worker 367786123
1909 1909 4 Worker 571295948
1910 1910 4 Worker 393442940
1911 1911 4 Worker 113076946
1912 1912 4 Worker 669760057
1913 1913 4 Worker 871830835
1914 1914 4 Worker 81935023
1915 1915 4 Worker 912753452
1916 1916 4 Worker 131608794
1917 1917 4 Worker 661886422
1918 1918 4 Worker 635423398
1919 1919 4 Worker 980646338
1920 1920 4 Worker 903389588
1921 1921 4 Worker 802378895
1922 1922 4 Worker 433867483
1923 1923 4 Worker 843458093
1924 1924 4 Worker 774157286
1925 1925 4 Worker 611929076
1926 1926 4 Worker 57511550
1927 1927 4 Worker 24217228
1928 1928 4 Worker 498282072
1929 1929 4 Worker 161438661
1930 1930 4 Worker 12230318
1931 1931 4 Worker 805561875
1932 1932 4 Worker 546189036
1933 1933 4 Worker 393854716
1934 1934 4 Worker 186168990
1935 1935 4 Worker 943254266
1936 1936 4 Worker 611932646
1937 1937 4 Worker 445745175
1938 1938 4 Worker 868149533
1939 1939 4 Worker 259406006
1940 1940 4 Worker 662630330
1941 1941 4 Worker 530022630
1942 1942 4 Worker 30554430
1943 1943 4 Worker 344684307
1944 1944 4 Worker 756228574
1945 1945 4 Worker 379937802
1946 1946 4 Worker 250877571
1947 1947 4 Worker 318947045
1948 1948 4 Worker 319204822
1949 1949 4 Worker 940776904
1950 1950 4 Worker 649696373
1951 1951 4 Worker 922675160
1952 1952 4 Worker 725596763
1953 1953 4 Worker 850611647
1954 1954 4 Worker 210649781
1955 1955 4 Worker 986380327
1956 1956 4 Worker 611705810
1957 1957 4 Worker 636596584
1958 1958 4 Worker 539525741
1959 1959 4 Worker 100194548
1960 1960 4 Worker 866084189
1961 1961 4 Worker 66321107
1962 1962 4 Worker 612976818
1963 1963 4 Worker 155703531
1964 1964 4 Worker 126566779
1965 1965 4 Worker 733862458
1966 1966 4 Worker 503791141
1967 1967 4 Worker 966126357
1968 1968 4 Worker 59151483
1969 1969 4 Worker 38593097
1970 1970 4 Worker 55579807
1971 1971 4 Worker 167515761
1972 1972 4 Worker 159554675
1973 1973 4 Worker 29664899
1974 1974 4 Worker 671449418
1975 1975 4 Worker 599043537
1976 1976 4 Worker 869783846
1977 1977 4 Worker 486247119
1978 1978 4 Worker 789223747
1979 1979 4 Worker 561019629
1980 1980 4 Worker 913695955
1981 1981 4 Worker 296194833
1982 1982 4 Worker 701927042
1983 1983 4 Worker 973962014
1984 1984 4 Worker 506038686
1985 1985 4 Worker 895768478
1986 1986 4 Worker 255323925
1987 1987 4 Worker 92272889
1988 1988 4 Worker 67670382
1989 1989 4 Worker 177708283
1990 1990 4 Worker 126755615
1991 1991 4 Worker 776379015
1992 1992 4 Worker 403629937
1993 1993 4 Worker 741064596
1994 1994 4 Worker 149581590
1995 1995 4 Worker 67294109
1996 1996 4 Worker 627547419
1997 1997 4 Worker 375844051
1998 1998 4 Worker 388952610
1999 1999 4 Worker 862486543
2000 2000 4 Worker 716024110
2001 2001 4 Worker 680514433
2002 2002 4 Worker 469404524
2003 2003 4 Worker 150277475
2004 2004 4 Worker 982291461
2005 2005 4 Worker 426835752
2006 2006 4 Worker 64056374
2007 2007 4 Worker 44702177
2008 2008 4 Worker 39084342
2009 2009 4 Worker 664264185
2010 2010 4 Worker 460738259
2011 2011 4 Worker 196909042
2012 2012 4 Worker 13093417
2013 2013 4 Worker 655301213
2014 2014 4 Worker 736053244
2015 2015 4 Worker 841073509
2016 2016 4 Worker 561055587
2017 2017 4 Worker 882262568
2018 2018 4 Worker 934059712
2019 2019 4 Worker 720575858
2020 2020 4 Worker 690524952
2021 2021 4 Worker 713843253
2022 2022 4 Worker 595901034
2023 2023 4 Worker 843335898
2024 2024 4 Worker 218848294
2025 2025 4 Worker 295669447
2026 2026 4 Worker 558386773
2027 2027 4 Worker 998253953
2028 2028 4 Worker 68712957
2029 2029 4 Worker 640770708
2030 2030 4 Worker 80688274
2031 2031 4 Worker 93430564
2032 2032 4 Worker 760571274
2033 2033 4 Worker 325347114
2034 2034 4 Worker 787506775
2035 2035 4 Worker 109707726
2036 2036 4 Worker 521084859
2037 2037 4 Worker 790595240
2038 2038 4 Worker 270901562
2039 2039 4 Worker 104943207
2040 2040 4 Worker 704671112
2041 2041 4 Worker 442034136
2042 2042 4 Worker 731907043
2043 2043 4 Worker 160511885
2044 2044 4 Worker 582480871
2045 2045 4 Worker 605784670
2046 2046 4 Worker 784143442
2047 2047 4 Worker 341308541
