0 0 -1 Splicer 81996899
1 1 0 Worker 474612165
2 2 -1 PersistentDB 589223838
3 3 -1 InMemoryDB 335296890
4 4 -1 WorkManager 128984472
5 5 4 Worker 755666452
6 6 4 Worker 830074834
7 7 4 Worker 817219279
8 8 4 Worker 933024964
9 9 4 Worker 171552724
10 10 4 Worker 245106513
11 11 4 Worker 852132741
12 12 4 Worker 71849145
13 13 4 Worker 147424201
14 14 4 Worker 930051770
15 15 4 Worker 622986560
16 16 4 Worker 789459563
17 17 4 Worker 521210967
18 18 4 Worker 346957295
19 19 4 Worker 129076618
20 20 4 Worker 599448301
21 21 4 Worker 835075018
22 22 4 Worker 269780185
23 23 4 Worker 517906625
24 24 4 Worker 152655728
25 25 4 Worker 409606798
26 26 4 Worker 670618474
27 27 4 Worker 40047647
28 28 4 Worker 636471054
29 29 4 Worker 322771382
30 30 4 Worker 873060586
31 31 4 Worker 719192299
32 32 4 Worker 244120815
33 33 4 Worker 457019254
34 34 4 Worker 910666857
35 35 4 Worker 297894211
36 36 4 Worker 661807884
37 37 4 Worker 671310434
38 38 4 Worker 535592964
39 39 4 Worker 743274055
40 40 4 Worker 84435998
41 41 4 Worker 101506487
42 42 4 Worker 727298055
43 43 4 Worker 290023733
44 44 4 Worker 392021502
45 45 4 Worker 247901878
46 46 4 Worker 857039269
47 47 4 Worker 237616622
48 48 4 Worker 344740029
49 49 4 Worker 381725243
50 50 4 Worker 1773935
51 51 4 Worker 852310707
52 52 4 Worker 269936076
53 53 4 Worker 214534011
54 54 4 Worker 161776713
55 55 4 Worker 936696148
56 56 4 Worker 948167466
57 57 4 Worker 466284165
58 58 4 Worker 870464393
59 59 4 Worker 77148659
60 60 4 Worker 627481913
61 61 4 Worker 36260302
62 62 4 Worker 443236049
63 63 4 Worker 490132229
64 64 4 Worker 876675999
65 65 4 Worker 465739956
66 66 4 Worker 288363614
67 67 4 Worker 949431429
68 68 4 Worker 799336515
69 69 4 Worker 582063596
70 70 4 Worker 641961396
71 71 4 Worker 911807970
72 72 4 Worker 885508996
73 73 4 Worker 847943056
74 74 4 Worker 735082287
75 75 4 Worker 825313854
76 76 4 Worker 71454866
77 77 4 Worker 972662551
78 78 4 Worker 997242770
79 79 4 Worker 989910379
80 80 4 Worker 276402245
81 81 4 Worker 112699087
82 82 4 Worker 491912343
83 83 4 Worker 578111425
84 84 4 Worker 298110780
85 85 4 Worker 917603519
86 86 4 Worker 877972144
87 87 4 Worker 371459396
88 88 4 Worker 64230660
89 89 4 Worker 999504495
90 90 4 Worker 165277514
91 91 4 Worker 455513740
92 92 4 Worker 738620622
93 93 4 Worker 9054104
94 94 4 Worker 34379375
95 95 4 Worker 909352901
96 96 4 Worker 135997347
97 97 4 Worker 871610907
98 98 4 Worker 970542341
99 99 4 Worker 938964005
100 100 4 Worker 339128498
101 101 4 Worker 667579393
102 102 4 Worker 712559657
103 103 4 Worker 598008503
104 104 4 Worker 764380283
105 105 4 Worker 620684333
106 106 4 Worker 809530141
107 107 4 Worker 303769137
108 108 4 Worker 788315954
109 109 4 Worker 819006040
110 110 4 Worker 534506960
111 111 4 Worker 988299120
112 112 4 Worker 726227251
113 113 4 Worker 919180994
114 114 4 Worker 170782129
115 115 4 Worker 526921925
116 116 4 Worker 70798933
117 117 4 Worker 75236382
118 118 4 Worker 965299048
119 119 4 Worker 279216966
120 120 4 Worker 782894885
121 121 4 Worker 940964808
122 122 4 Worker 501548648
123 123 4 Worker 794612715
124 124 4 Worker 135976137
125 125 4 Worker 372209918
126 126 4 Worker 364112588
127 127 4 Worker 751550657
128 128 4 Worker 418804408
129 129 4 Worker 4035303
130 130 4 Worker 380622381
131 131 4 Worker 298301315
132 132 4 Worker 939904932
133 133 4 Worker 174297584
134 134 4 Worker 670788800
135 135 4 Worker 241166031
136 136 4 Worker 216617418
137 137 4 Worker 516615047
138 138 4 Worker 344411042
139 139 4 Worker 90857202
140 140 4 Worker 618796090
141 141 4 Worker 712985901
142 142 4 Worker 589882732
143 143 4 Worker 201873038
144 144 4 Worker 653466296
145 145 4 Worker 787172325
146 146 4 Worker 287880342
147 147 4 Worker 200518161
148 148 4 Worker 155943863
149 149 4 Worker 11385107
150 150 4 Worker 68965475
151 151 4 Worker 166308596
152 152 4 Worker 697534586
153 153 4 Worker 925852931
154 154 4 Worker 542913904
155 155 4 Worker 98969540
156 156 4 Worker 496257119
157 157 4 Worker 512936623
158 158 4 Worker 552677589
159 159 4 Worker 760587674
160 160 4 Worker 636877785
161 161 4 Worker 659565957
162 162 4 Worker 855749697
163 163 4 Worker 778306611
164 164 4 Worker 685437481
165 165 4 Worker 73298809
166 166 4 Worker 967903188
167 167 4 Worker 419780968
168 168 4 Worker 156001524
169 169 4 Worker 205979227
170 170 4 Worker 716066948
171 171 4 Worker 470750281
172 172 4 Worker 388919213
173 173 4 Worker 160549036
174 174 4 Worker 9556620
175 175 4 Worker 612339200
176 176 4 Worker 159044152
177 177 4 Worker 540344170
178 178 4 Worker 814579614
179 179 4 Worker 584381073
180 180 4 Worker 84528858
181 181 4 Worker 570974521
182 182 4 Worker 578552454
183 183 4 Worker 932228337
184 184 4 Worker 290943429
185 185 4 Worker 740847921
186 186 4 Worker 18399864
187 187 4 Worker 192464213
188 188 4 Worker 215892199
189 189 4 Worker 656012653
190 190 4 Worker 413147928
191 191 4 Worker 858233934
192 192 4 Worker 269946371
193 193 4 Worker 824867493
194 194 4 Worker 811121355
195 195 4 Worker 489172139
196 196 4 Worker 889756606
197 197 4 Worker 396260017
198 198 4 Worker 436004200
199 199 4 Worker 842261131
200 200 4 Worker 880250632
201 201 4 Worker 485116860
202 202 4 Worker 68800755
203 203 4 Worker 961142693
204 204 4 Worker 962098621
205 205 4 Worker 416949026
206 206 4 Worker 925209422
207 207 4 Worker 5860776
208 208 4 Worker 340217512
209 209 4 Worker 75866350
210 210 4 Worker 658396848
211 211 4 Worker 210114485
212 212 4 Worker 223849381
213 213 4 Worker 595993983
214 214 4 Worker 619315911
215 215 4 Worker 650375887
216 216 4 Worker 132205970
217 217 4 Worker 199303172
218 218 4 Worker 488229699
219 219 4 Worker 71203083
220 220 4 Worker 912514747
221 221 4 Worker 761755596
222 222 4 Worker 913536544
223 223 4 Worker 76035248
224 224 4 Worker 731348429
225 225 4 Worker 461325486
226 226 4 Worker 97284222
227 227 4 Worker 408812984
228 228 4 Worker 723774979
229 229 4 Worker 81486438
230 230 4 Worker 398496318
231 231 4 Worker 410846449
232 232 4 Worker 718004339
233 233 4 Worker 952848595
234 234 4 Worker 922547846
235 235 4 Worker 683932736
236 236 4 Worker 188479076
237 237 4 Worker 584973732
238 238 4 Worker 819714713
239 239 4 Worker 693550787
240 240 4 Worker 578816100
241 241 4 Worker 837085002
242 242 4 Worker 506665510
243 243 4 Worker 535986981
244 244 4 Worker 696128085
245 245 4 Worker 17137539
246 246 4 Worker 731929060
247 247 4 Worker 797777258
248 248 4 Worker 825426099
249 249 4 Worker 697295921
250 250 4 Worker 707287495
251 251 4 Worker 865435947
252 252 4 Worker 189103992
253 253 4 Worker 402203486
254 254 4 Worker 915748388
255 255 4 Worker 672928535
