0 0 -1 Splicer 849617654
1 1 0 Worker 794813768
2 2 -1 PersistentDB 701273478
3 3 -1 InMemoryDB 546746015
4 4 -1 WorkManager 607870529
5 5 4 Worker 994395044
6 6 4 Worker 549409050
7 7 4 Worker 273241901
8 8 4 Worker 579445523
9 9 4 Worker 414377093
10 10 4 Worker 283522921
11 11 4 Worker 686691536
12 12 4 Worker 712754315
13 13 4 Worker 110248238
14 14 4 Worker 229138617
15 15 4 Worker 255664107
16 16 4 Worker 434219269
17 17 4 Worker 616770453
18 18 4 Worker 161913513
19 19 4 Worker 613498101
20 20 4 Worker 781953305
21 21 4 Worker 803234943
22 22 4 Worker 743086331
23 23 4 Worker 727826315
24 24 4 Worker 925070269
25 25 4 Worker 41892231
26 26 4 Worker 265961212
27 27 4 Worker 382628216
28 28 4 Worker 342643532
29 29 4 Worker 176042148
30 30 4 Worker 401690788
31 31 4 Worker 727558226
