0 0 -1 Splicer 699749503
1 1 0 Worker 518605774
2 2 -1 PersistentDB 755186000
3 3 -1 InMemoryDB 222592386
4 4 -1 WorkManager 958531116
5 5 4 Worker 442642383
6 6 4 Worker 559788341
7 7 4 Worker 848061838
8 8 4 Worker 150329018
9 9 4 Worker 824114427
10 10 4 Worker 312980970
11 11 4 Worker 546815358
12 12 4 Worker 997734957
13 13 4 Worker 563806703
14 14 4 Worker 191968177
15 15 4 Worker 362812423
16 16 4 Worker 36172981
17 17 4 Worker 718206250
18 18 4 Worker 820120615
19 19 4 Worker 528171890
20 20 4 Worker 95746235
21 21 4 Worker 513071060
22 22 4 Worker 392305055
23 23 4 Worker 709384500
24 24 4 Worker 182024116
25 25 4 Worker 860948505
26 26 4 Worker 194971234
27 27 4 Worker 961354592
28 28 4 Worker 18278677
29 29 4 Worker 418119833
30 30 4 Worker 415767339
31 31 4 Worker 854030675
32 32 4 Worker 637998751
33 33 4 Worker 34213014
34 34 4 Worker 734684097
35 35 4 Worker 858918355
36 36 4 Worker 969161612
37 37 4 Worker 989651982
38 38 4 Worker 822844001
39 39 4 Worker 453748626
40 40 4 Worker 285678036
41 41 4 Worker 949138477
42 42 4 Worker 243186347
43 43 4 Worker 352255950
44 44 4 Worker 169725364
45 45 4 Worker 496439836
46 46 4 Worker 686910233
47 47 4 Worker 751579196
48 48 4 Worker 290051845
49 49 4 Worker 815482922
50 50 4 Worker 512300064
51 51 4 Worker 622718519
52 52 4 Worker 212024847
53 53 4 Worker 193237464
54 54 4 Worker 618598257
55 55 4 Worker 649745802
56 56 4 Worker 712809388
57 57 4 Worker 768388624
58 58 4 Worker 18680589
59 59 4 Worker 567603328
60 60 4 Worker 350797770
61 61 4 Worker 190912014
62 62 4 Worker 270924441
63 63 4 Worker 797959393
64 64 4 Worker 596843641
65 65 4 Worker 271950101
66 66 4 Worker 703640437
67 67 4 Worker 149181782
68 68 4 Worker 895288387
69 69 4 Worker 802901214
70 70 4 Worker 351860930
71 71 4 Worker 638320125
72 72 4 Worker 824979501
73 73 4 Worker 748174997
74 74 4 Worker 497757055
75 75 4 Worker 68435061
76 76 4 Worker 513469686
77 77 4 Worker 550731527
78 78 4 Worker 549223438
79 79 4 Worker 780370997
80 80 4 Worker 652800137
81 81 4 Worker 188961118
82 82 4 Worker 268163621
83 83 4 Worker 672046399
84 84 4 Worker 463308672
85 85 4 Worker 649366109
86 86 4 Worker 342447223
87 87 4 Worker 259543699
88 88 4 Worker 574528038
89 89 4 Worker 321463683
90 90 4 Worker 739156490
91 91 4 Worker 997787800
92 92 4 Worker 436852708
93 93 4 Worker 976426777
94 94 4 Worker 798986756
95 95 4 Worker 691178596
96 96 4 Worker 540501014
97 97 4 Worker 300200886
98 98 4 Worker 578131738
99 99 4 Worker 158164236
100 100 4 Worker 521960051
101 101 4 Worker 659821174
102 102 4 Worker 555711660
103 103 4 Worker 979089339
104 104 4 Worker 424295332
105 105 4 Worker 474509379
106 106 4 Worker 820549998
107 107 4 Worker 855345712
108 108 4 Worker 646244293
109 109 4 Worker 641343808
110 110 4 Worker 247356364
111 111 4 Worker 902505449
112 112 4 Worker 351840586
113 113 4 Worker 569201627
114 114 4 Worker 920854217
115 115 4 Worker 80360352
116 116 4 Worker 563218586
117 117 4 Worker 366026105
118 118 4 Worker 245811045
119 119 4 Worker 860534400
120 120 4 Worker 8530689
121 121 4 Worker 524348993
122 122 4 Worker 588568654
123 123 4 Worker 465734736
124 124 4 Worker 508178515
125 125 4 Worker 52460334
126 126 4 Worker 422792118
127 127 4 Worker 875601389
128 128 4 Worker 48451412
129 129 4 Worker 552684822
130 130 4 Worker 609265906
131 131 4 Worker 15509290
132 132 4 Worker 355489120
133 133 4 Worker 692222234
134 134 4 Worker 733918116
135 135 4 Worker 20854972
136 136 4 Worker 86113465
137 137 4 Worker 793406935
138 138 4 Worker 146671371
139 139 4 Worker 981097375
140 140 4 Worker 409670867
141 141 4 Worker 384693726
142 142 4 Worker 372233943
143 143 4 Worker 903764279
144 144 4 Worker 866691028
145 145 4 Worker 917983670
146 146 4 Worker 335765517
147 147 4 Worker 117804477
148 148 4 Worker 205531298
149 149 4 Worker 986455345
150 150 4 Worker 883276960
151 151 4 Worker 589741196
152 152 4 Worker 880483385
153 153 4 Worker 449644821
154 154 4 Worker 598905300
155 155 4 Worker 324050461
156 156 4 Worker 317138856
157 157 4 Worker 78693784
158 158 4 Worker 553211477
159 159 4 Worker 548240625
160 160 4 Worker 145668699
161 161 4 Worker 642859088
162 162 4 Worker 243828447
163 163 4 Worker 103890603
164 164 4 Worker 894679965
165 165 4 Worker 612595927
166 166 4 Worker 332418311
167 167 4 Worker 765197480
168 168 4 Worker 130585433
169 169 4 Worker 30420199
170 170 4 Worker 262883937
171 171 4 Worker 359222351
172 172 4 Worker 526046342
173 173 4 Worker 302106817
174 174 4 Worker 511717732
175 175 4 Worker 217186234
176 176 4 Worker 728027722
177 177 4 Worker 975411499
178 178 4 Worker 365241916
179 179 4 Worker 81902856
180 180 4 Worker 888045136
181 181 4 Worker 504891952
182 182 4 Worker 193063228
183 183 4 Worker 527895612
184 184 4 Worker 19028688
185 185 4 Worker 126869265
186 186 4 Worker 426468863
187 187 4 Worker 257593527
188 188 4 Worker 69026497
189 189 4 Worker 699948975
190 190 4 Worker 3548809
191 191 4 Worker 915286416
192 192 4 Worker 249665666
193 193 4 Worker 166276080
194 194 4 Worker 214994667
195 195 4 Worker 704123187
196 196 4 Worker 650951637
197 197 4 Worker 764002819
198 198 4 Worker 595220344
199 199 4 Worker 651557324
200 200 4 Worker 829433186
201 201 4 Worker 548212966
202 202 4 Worker 506574560
203 203 4 Worker 210387788
204 204 4 Worker 240990090
205 205 4 Worker 896447136
206 206 4 Worker 364523919
207 207 4 Worker 751536449
208 208 4 Worker 575443500
209 209 4 Worker 310725515
210 210 4 Worker 277586101
211 211 4 Worker 165833491
212 212 4 Worker 884865194
213 213 4 Worker 130875665
214 214 4 Worker 543905846
215 215 4 Worker 391223454
216 216 4 Worker 755647631
217 217 4 Worker 751914555
218 218 4 Worker 4625675
219 219 4 Worker 256130633
220 220 4 Worker 765030218
221 221 4 Worker 674969021
222 222 4 Worker 637845221
223 223 4 Worker 603095951
224 224 4 Worker 166464994
225 225 4 Worker 199640906
226 226 4 Worker 357120028
227 227 4 Worker 641448264
228 228 4 Worker 281121617
229 229 4 Worker 79547190
230 230 4 Worker 147601145
231 231 4 Worker 511471893
232 232 4 Worker 894247085
233 233 4 Worker 286542483
234 234 4 Worker 939139997
235 235 4 Worker 909718411
236 236 4 Worker 238160944
237 237 4 Worker 236692845
238 238 4 Worker 187922965
239 239 4 Worker 450596774
240 240 4 Worker 789232988
241 241 4 Worker 231698870
242 242 4 Worker 177635515
243 243 4 Worker 917488880
244 244 4 Worker 962452001
245 245 4 Worker 658294435
246 246 4 Worker 385351861
247 247 4 Worker 528905187
248 248 4 Worker 799278085
249 249 4 Worker 702558504
250 250 4 Worker 584688804
251 251 4 Worker 174049064
252 252 4 Worker 992653729
253 253 4 Worker 378880339
254 254 4 Worker 788873512
255 255 4 Worker 841355678
