0 0 -1 Splicer 815223208
1 1 0 Worker 662856161
2 2 -1 PersistentDB 790636562
3 3 -1 InMemoryDB 409909669
4 4 -1 WorkManager 174986215
5 5 4 Worker 731552826
6 6 4 Worker 61040237
7 7 4 Worker 403289772
8 8 4 Worker 256769387
9 9 4 Worker 647312731
10 10 4 Worker 895312070
11 11 4 Worker 11853753
12 12 4 Worker 575491584
13 13 4 Worker 462116919
14 14 4 Worker 895369880
15 15 4 Worker 577917463
16 16 4 Worker 619639138
17 17 4 Worker 5697860
18 18 4 Worker 255836574
19 19 4 Worker 725427249
20 20 4 Worker 402902426
21 21 4 Worker 30557328
22 22 4 Worker 869386204
23 23 4 Worker 160812396
24 24 4 Worker 74209494
25 25 4 Worker 216346727
26 26 4 Worker 554225652
27 27 4 Worker 866509703
28 28 4 Worker 675494823
29 29 4 Worker 347682605
30 30 4 Worker 68619186
31 31 4 Worker 838622558
32 32 4 Worker 34313732
33 33 4 Worker 351032568
34 34 4 Worker 664346027
35 35 4 Worker 524687370
36 36 4 Worker 594602484
37 37 4 Worker 382072243
38 38 4 Worker 936550387
39 39 4 Worker 224795031
40 40 4 Worker 117720587
41 41 4 Worker 787632030
42 42 4 Worker 959978878
43 43 4 Worker 828754359
44 44 4 Worker 43647581
45 45 4 Worker 806239544
46 46 4 Worker 943742686
47 47 4 Worker 188425533
48 48 4 Worker 228882976
49 49 4 Worker 112764350
50 50 4 Worker 112040910
51 51 4 Worker 964587122
52 52 4 Worker 842191243
53 53 4 Worker 793033992
54 54 4 Worker 463448146
55 55 4 Worker 749990708
56 56 4 Worker 265179670
57 57 4 Worker 966317255
58 58 4 Worker 993449284
59 59 4 Worker 565057163
60 60 4 Worker 759502470
61 61 4 Worker 273421832
62 62 4 Worker 441181619
63 63 4 Worker 151582315
64 64 4 Worker 744836839
65 65 4 Worker 657861187
66 66 4 Worker 854126597
67 67 4 Worker 631435315
68 68 4 Worker 471046657
69 69 4 Worker 656200703
70 70 4 Worker 144602826
71 71 4 Worker 355730508
72 72 4 Worker 271409770
73 73 4 Worker 88647830
74 74 4 Worker 419312535
75 75 4 Worker 739310246
76 76 4 Worker 272347802
77 77 4 Worker 185901129
78 78 4 Worker 561068505
79 79 4 Worker 129227467
80 80 4 Worker 175337989
81 81 4 Worker 44321382
82 82 4 Worker 245631541
83 83 4 Worker 857525296
84 84 4 Worker 51781320
85 85 4 Worker 492945815
86 86 4 Worker 947319938
87 87 4 Worker 838136036
88 88 4 Worker 615507728
89 89 4 Worker 307111113
90 90 4 Worker 763285551
91 91 4 Worker 611510478
92 92 4 Worker 669988397
93 93 4 Worker 339530920
94 94 4 Worker 788661135
95 95 4 Worker 790878315
96 96 4 Worker 490837214
97 97 4 Worker 76703535
98 98 4 Worker 321404093
99 99 4 Worker 913520872
100 100 4 Worker 152235568
101 101 4 Worker 169083336
102 102 4 Worker 795436831
103 103 4 Worker 454804176
104 104 4 Worker 90197216
105 105 4 Worker 561063022
106 106 4 Worker 94013464
107 107 4 Worker 835807110
108 108 4 Worker 538609513
109 109 4 Worker 452031102
110 110 4 Worker 512339976
111 111 4 Worker 134917948
112 112 4 Worker 929256774
113 113 4 Worker 789215360
114 114 4 Worker 959752079
115 115 4 Worker 501444882
116 116 4 Worker 152224922
117 117 4 Worker 30340015
118 118 4 Worker 906994711
119 119 4 Worker 561791028
120 120 4 Worker 743644485
121 121 4 Worker 814279701
122 122 4 Worker 751655337
123 123 4 Worker 334484462
124 124 4 Worker 164870958
125 125 4 Worker 524768853
126 126 4 Worker 183224024
127 127 4 Worker 687034665
128 128 4 Worker 53651738
129 129 4 Worker 217558351
130 130 4 Worker 815137038
131 131 4 Worker 564878142
132 132 4 Worker 239579881
133 133 4 Worker 1736466
134 134 4 Worker 843130283
135 135 4 Worker 725753748
136 136 4 Worker 40265598
137 137 4 Worker 98628078
138 138 4 Worker 499395685
139 139 4 Worker 129379957
140 140 4 Worker 427572218
141 141 4 Worker 324368404
142 142 4 Worker 370093268
143 143 4 Worker 248149033
144 144 4 Worker 339597369
145 145 4 Worker 163071792
146 146 4 Worker 479262666
147 147 4 Worker 521742106
148 148 4 Worker 438370448
149 149 4 Worker 109532425
150 150 4 Worker 703912697
151 151 4 Worker 103723854
152 152 4 Worker 975370041
153 153 4 Worker 747127847
154 154 4 Worker 288689463
155 155 4 Worker 127372734
156 156 4 Worker 890878201
157 157 4 Worker 337887480
158 158 4 Worker 562888093
159 159 4 Worker 836792911
160 160 4 Worker 682896690
161 161 4 Worker 765606962
162 162 4 Worker 306871428
163 163 4 Worker 453498957
164 164 4 Worker 646227225
165 165 4 Worker 130109779
166 166 4 Worker 298922553
167 167 4 Worker 20767864
168 168 4 Worker 700918015
169 169 4 Worker 839295298
170 170 4 Worker 334247238
171 171 4 Worker 857500281
172 172 4 Worker 87197860
173 173 4 Worker 865902749
174 174 4 Worker 605119438
175 175 4 Worker 383019161
176 176 4 Worker 753331597
177 177 4 Worker 93111968
178 178 4 Worker 192341641
179 179 4 Worker 463574631
180 180 4 Worker 967775897
181 181 4 Worker 339473924
182 182 4 Worker 759218328
183 183 4 Worker 934976336
184 184 4 Worker 190193959
185 185 4 Worker 52358358
186 186 4 Worker 453239867
187 187 4 Worker 388572667
188 188 4 Worker 177997486
189 189 4 Worker 738054573
190 190 4 Worker 229669848
191 191 4 Worker 218123309
192 192 4 Worker 148480178
193 193 4 Worker 188920244
194 194 4 Worker 37036471
195 195 4 Worker 248542921
196 196 4 Worker 674010089
197 197 4 Worker 431296303
198 198 4 Worker 453251590
199 199 4 Worker 327379799
200 200 4 Worker 479080337
201 201 4 Worker 846562342
202 202 4 Worker 952704980
203 203 4 Worker 406907893
204 204 4 Worker 174657971
205 205 4 Worker 884551528
206 206 4 Worker 910103709
207 207 4 Worker 101818959
208 208 4 Worker 226908244
209 209 4 Worker 227957325
210 210 4 Worker 675323504
211 211 4 Worker 648347228
212 212 4 Worker 787723956
213 213 4 Worker 13668228
214 214 4 Worker 315961785
215 215 4 Worker 574042632
216 216 4 Worker 286345850
217 217 4 Worker 967798285
218 218 4 Worker 284719982
219 219 4 Worker 683899415
220 220 4 Worker 941848581
221 221 4 Worker 424999012
222 222 4 Worker 17205103
223 223 4 Worker 393121953
224 224 4 Worker 616074961
225 225 4 Worker 85958978
226 226 4 Worker 314919999
227 227 4 Worker 587190320
228 228 4 Worker 761414789
229 229 4 Worker 431507127
230 230 4 Worker 861301473
231 231 4 Worker 55808087
232 232 4 Worker 755916845
233 233 4 Worker 222457972
234 234 4 Worker 787241937
235 235 4 Worker 324502664
236 236 4 Worker 983588447
237 237 4 Worker 537161062
238 238 4 Worker 510143166
239 239 4 Worker 87236028
240 240 4 Worker 95960517
241 241 4 Worker 591002677
242 242 4 Worker 128272184
243 243 4 Worker 518023783
244 244 4 Worker 77048816
245 245 4 Worker 59173773
246 246 4 Worker 413773812
247 247 4 Worker 914742125
248 248 4 Worker 726753802
249 249 4 Worker 661443998
250 250 4 Worker 605120410
251 251 4 Worker 156330343
252 252 4 Worker 156043156
253 253 4 Worker 432695847
254 254 4 Worker 117095320
255 255 4 Worker 354572011
