0 0 -1 Splicer 122646397
1 1 0 Worker 214971038
2 2 -1 PersistentDB 848327116
3 3 -1 InMemoryDB 372786199
4 4 -1 WorkManager 337024870
5 5 4 Worker 322237770
6 6 4 Worker 445259761
7 7 4 Worker 736630973
8 8 4 Worker 415055088
9 9 4 Worker 777936446
10 10 4 Worker 76949676
11 11 4 Worker 122193865
12 12 4 Worker 86004198
13 13 4 Worker 929020065
14 14 4 Worker 186005379
15 15 4 Worker 423408801
16 16 4 Worker 920250870
17 17 4 Worker 509636057
18 18 4 Worker 8492239
19 19 4 Worker 313233816
20 20 4 Worker 273400651
21 21 4 Worker 965639269
22 22 4 Worker 10074618
23 23 4 Worker 463394483
24 24 4 Worker 206546935
25 25 4 Worker 379326606
26 26 4 Worker 47408104
27 27 4 Worker 762643664
28 28 4 Worker 430765846
29 29 4 Worker 724333516
30 30 4 Worker 671012131
31 31 4 Worker 632136659
