0 0 -1 Splicer 453427548
1 1 0 Worker 7164961
2 2 -1 PersistentDB 818810273
3 3 -1 InMemoryDB 25216034
4 4 -1 WorkManager 873020581
5 5 4 Worker 89322352
6 6 4 Worker 900356238
7 7 4 Worker 611098108
8 8 4 Worker 690923249
9 9 4 Worker 821491645
10 10 4 Worker 549557387
11 11 4 Worker 155146847
12 12 4 Worker 993073418
13 13 4 Worker 731560103
14 14 4 Worker 316731758
15 15 4 Worker 238979955
16 16 4 Worker 786409850
17 17 4 Worker 132369704
18 18 4 Worker 860105200
19 19 4 Worker 359126696
20 20 4 Worker 433382
21 21 4 Worker 190517159
22 22 4 Worker 564914328
23 23 4 Worker 946079260
24 24 4 Worker 546627919
25 25 4 Worker 610177128
26 26 4 Worker 825686672
27 27 4 Worker 54586204
28 28 4 Worker 153679596
29 29 4 Worker 4077577
30 30 4 Worker 44500321
31 31 4 Worker 593898166
