0 0 -1 Splicer 485362198
1 1 0 Worker 958603632
2 2 -1 PersistentDB 753947051
3 3 -1 InMemoryDB 98596011
4 4 -1 WorkManager 189200557
5 5 4 Worker 770056050
6 6 4 Worker 35646117
7 7 4 Worker 832354064
8 8 4 Worker 171071740
9 9 4 Worker 1836587
10 10 4 Worker 759152599
11 11 4 Worker 599549796
12 12 4 Worker 551712373
13 13 4 Worker 898305581
14 14 4 Worker 747519500
15 15 4 Worker 523205852
16 16 4 Worker 201055653
17 17 4 Worker 152601163
18 18 4 Worker 172030456
19 19 4 Worker 930213510
20 20 4 Worker 478075250
21 21 4 Worker 766631437
22 22 4 Worker 524445369
23 23 4 Worker 306329127
24 24 4 Worker 369173603
25 25 4 Worker 781062501
26 26 4 Worker 967085064
27 27 4 Worker 415447897
28 28 4 Worker 829332120
29 29 4 Worker 229413965
30 30 4 Worker 390645538
31 31 4 Worker 165878275
32 32 4 Worker 3262433
33 33 4 Worker 551979907
34 34 4 Worker 161634
35 35 4 Worker 75338920
36 36 4 Worker 357270633
37 37 4 Worker 65306986
38 38 4 Worker 15119955
39 39 4 Worker 976788972
40 40 4 Worker 791033879
41 41 4 Worker 529802662
42 42 4 Worker 716853677
43 43 4 Worker 655081306
44 44 4 Worker 747275299
45 45 4 Worker 380916926
46 46 4 Worker 667448052
47 47 4 Worker 585626191
48 48 4 Worker 531363813
49 49 4 Worker 864168954
50 50 4 Worker 792163617
51 51 4 Worker 876208459
52 52 4 Worker 790115751
53 53 4 Worker 269035235
54 54 4 Worker 394218291
55 55 4 Worker 68424019
56 56 4 Worker 420570797
57 57 4 Worker 668509692
58 58 4 Worker 660842739
59 59 4 Worker 820713805
60 60 4 Worker 67216961
61 61 4 Worker 338733734
62 62 4 Worker 108881359
63 63 4 Worker 954986116
64 64 4 Worker 352006007
65 65 4 Worker 267450208
66 66 4 Worker 750268950
67 67 4 Worker 796078378
68 68 4 Worker 53320470
69 69 4 Worker 998830388
70 70 4 Worker 776249868
71 71 4 Worker 454570467
72 72 4 Worker 258377590
73 73 4 Worker 535889707
74 74 4 Worker 579352102
75 75 4 Worker 437005961
76 76 4 Worker 66113225
77 77 4 Worker 89089753
78 78 4 Worker 312796945
79 79 4 Worker 64398865
80 80 4 Worker 957096906
81 81 4 Worker 10134907
82 82 4 Worker 808268471
83 83 4 Worker 535652579
84 84 4 Worker 993684208
85 85 4 Worker 957465839
86 86 4 Worker 163270974
87 87 4 Worker 289833274
88 88 4 Worker 429061815
89 89 4 Worker 793612335
90 90 4 Worker 682630826
91 91 4 Worker 852133495
92 92 4 Worker 31144068
93 93 4 Worker 177207737
94 94 4 Worker 201850774
95 95 4 Worker 563171428
96 96 4 Worker 759667762
97 97 4 Worker 666725276
98 98 4 Worker 330991469
99 99 4 Worker 515830313
100 100 4 Worker 129098992
101 101 4 Worker 411048812
102 102 4 Worker 599657758
103 103 4 Worker 400741140
104 104 4 Worker 849425679
105 105 4 Worker 6407160
106 106 4 Worker 142347093
107 107 4 Worker 232556124
108 108 4 Worker 65356095
109 109 4 Worker 170508975
110 110 4 Worker 209455434
111 111 4 Worker 968778902
112 112 4 Worker 859617795
113 113 4 Worker 648348979
114 114 4 Worker 979024838
115 115 4 Worker 95053549
116 116 4 Worker 791269590
117 117 4 Worker 472554816
118 118 4 Worker 173008557
119 119 4 Worker 739389727
120 120 4 Worker 299924028
121 121 4 Worker 787923838
122 122 4 Worker 555029960
123 123 4 Worker 277803673
124 124 4 Worker 735413136
125 125 4 Worker 803606596
126 126 4 Worker 651762989
127 127 4 Worker 942941188
128 128 4 Worker 833552348
129 129 4 Worker 118594985
130 130 4 Worker 906467682
131 131 4 Worker 522100180
132 132 4 Worker 590727253
133 133 4 Worker 901963637
134 134 4 Worker 946190431
135 135 4 Worker 138082510
136 136 4 Worker 917630327
137 137 4 Worker 679766527
138 138 4 Worker 969440322
139 139 4 Worker 323570478
140 140 4 Worker 86291721
141 141 4 Worker 437031190
142 142 4 Worker 837846807
143 143 4 Worker 495873567
144 144 4 Worker 250239120
145 145 4 Worker 966347769
146 146 4 Worker 347124646
147 147 4 Worker 288234961
148 148 4 Worker 809769809
149 149 4 Worker 101438188
150 150 4 Worker 832927983
151 151 4 Worker 417209769
152 152 4 Worker 959450266
153 153 4 Worker 49063447
154 154 4 Worker 330124666
155 155 4 Worker 84973593
156 156 4 Worker 558890547
157 157 4 Worker 718720180
158 158 4 Worker 472433947
159 159 4 Worker 639929315
160 160 4 Worker 810502545
161 161 4 Worker 139367149
162 162 4 Worker 346068202
163 163 4 Worker 779252394
164 164 4 Worker 335431959
165 165 4 Worker 45418458
166 166 4 Worker 318518543
167 167 4 Worker 878294579
168 168 4 Worker 818367896
169 169 4 Worker 746382418
170 170 4 Worker 580070716
171 171 4 Worker 701424006
172 172 4 Worker 517742221
173 173 4 Worker 282586737
174 174 4 Worker 513301902
175 175 4 Worker 500509461
176 176 4 Worker 183705832
177 177 4 Worker 700587630
178 178 4 Worker 359181254
179 179 4 Worker 512051288
180 180 4 Worker 744246995
181 181 4 Worker 733217337
182 182 4 Worker 689367744
183 183 4 Worker 830352860
184 184 4 Worker 979968922
185 185 4 Worker 976209563
186 186 4 Worker 307326838
187 187 4 Worker 409023479
188 188 4 Worker 426345450
189 189 4 Worker 970419707
190 190 4 Worker 16677396
191 191 4 Worker 852209750
192 192 4 Worker 342478634
193 193 4 Worker 361850344
194 194 4 Worker 652137272
195 195 4 Worker 298511894
196 196 4 Worker 588222174
197 197 4 Worker 105526581
198 198 4 Worker 519036863
199 199 4 Worker 515820453
200 200 4 Worker 305863344
201 201 4 Worker 853235068
202 202 4 Worker 936758471
203 203 4 Worker 914706313
204 204 4 Worker 121388938
205 205 4 Worker 516541637
206 206 4 Worker 974745022
207 207 4 Worker 528605913
208 208 4 Worker 495293659
209 209 4 Worker 610601161
210 210 4 Worker 385428540
211 211 4 Worker 951794985
212 212 4 Worker 572582691
213 213 4 Worker 312602049
214 214 4 Worker 361618905
215 215 4 Worker 203511212
216 216 4 Worker 929388548
217 217 4 Worker 383826767
218 218 4 Worker 297823270
219 219 4 Worker 62198279
220 220 4 Worker 400823311
221 221 4 Worker 21321524
222 222 4 Worker 774326657
223 223 4 Worker 459459969
224 224 4 Worker 394201077
225 225 4 Worker 830233969
226 226 4 Worker 884898119
227 227 4 Worker 73668546
228 228 4 Worker 317530334
229 229 4 Worker 105859845
230 230 4 Worker 159505148
231 231 4 Worker 412491333
232 232 4 Worker 153093754
233 233 4 Worker 750020554
234 234 4 Worker 670122561
235 235 4 Worker 808673036
236 236 4 Worker 230551114
237 237 4 Worker 627044244
238 238 4 Worker 997050454
239 239 4 Worker 388037145
240 240 4 Worker 675092501
241 241 4 Worker 201370552
242 242 4 Worker 898997157
243 243 4 Worker 40627206
244 244 4 Worker 629815282
245 245 4 Worker 515509800
246 246 4 Worker 441648719
247 247 4 Worker 998860500
248 248 4 Worker 486265975
249 249 4 Worker 855704049
250 250 4 Worker 109427916
251 251 4 Worker 169893472
252 252 4 Worker 206930712
253 253 4 Worker 612541702
254 254 4 Worker 823789149
255 255 4 Worker 68849289
