0 0 -1 Splicer 192989934
1 1 0 Worker 537464332
2 2 -1 PersistentDB 385789670
3 3 -1 InMemoryDB 54687049
4 4 -1 WorkManager 918142535
5 5 4 Worker 252733406
6 6 4 Worker 913705031
7 7 4 Worker 464192016
8 8 4 Worker 879522784
9 9 4 Worker 563820798
10 10 4 Worker 291455475
11 11 4 Worker 165387261
12 12 4 Worker 828164662
13 13 4 Worker 982263799
14 14 4 Worker 649096340
15 15 4 Worker 831617765
16 16 4 Worker 914889291
17 17 4 Worker 15452866
18 18 4 Worker 343427349
19 19 4 Worker 874704131
20 20 4 Worker 419983401
21 21 4 Worker 376253866
22 22 4 Worker 493102835
23 23 4 Worker 802845744
24 24 4 Worker 837662683
25 25 4 Worker 94792918
26 26 4 Worker 658738560
27 27 4 Worker 613934028
28 28 4 Worker 958870460
29 29 4 Worker 241527184
30 30 4 Worker 745862721
31 31 4 Worker 291228685
