0 0 -1 Splicer 860759002
1 1 0 Worker 775498551
2 2 -1 PersistentDB 323151660
3 3 -1 InMemoryDB 315689231
4 4 -1 WorkManager 126080837
5 5 4 Worker 678131721
6 6 4 Worker 471793169
7 7 4 Worker 510138140
8 8 4 Worker 512224864
9 9 4 Worker 877465520
10 10 4 Worker 19220478
11 11 4 Worker 471566512
12 12 4 Worker 425392085
13 13 4 Worker 830362085
14 14 4 Worker 42057257
15 15 4 Worker 395235938
16 16 4 Worker 949263709
17 17 4 Worker 255307606
18 18 4 Worker 204474915
19 19 4 Worker 139404286
20 20 4 Worker 740857576
21 21 4 Worker 927185312
22 22 4 Worker 312851325
23 23 4 Worker 183680212
24 24 4 Worker 112548768
25 25 4 Worker 397217730
26 26 4 Worker 337277067
27 27 4 Worker 240104557
28 28 4 Worker 948030357
29 29 4 Worker 793210318
30 30 4 Worker 544304305
31 31 4 Worker 927769744
