0 0 -1 Splicer 475285134
1 1 0 Worker 985529825
2 2 -1 PersistentDB 427709673
3 3 -1 InMemoryDB 490702044
4 4 -1 WorkManager 690348059
5 5 4 Worker 267978150
6 6 4 Worker 942408534
7 7 4 Worker 104300520
8 8 4 Worker 713283168
9 9 4 Worker 27646934
10 10 4 Worker 37016116
11 11 4 Worker 212994943
12 12 4 Worker 879672647
13 13 4 Worker 290731860
14 14 4 Worker 845470920
15 15 4 Worker 289461545
16 16 4 Worker 78392190
17 17 4 Worker 90955152
18 18 4 Worker 447670880
19 19 4 Worker 63715967
20 20 4 Worker 136638011
21 21 4 Worker 410024270
22 22 4 Worker 317472861
23 23 4 Worker 216560506
24 24 4 Worker 189858647
25 25 4 Worker 744836106
26 26 4 Worker 68574949
27 27 4 Worker 199103424
28 28 4 Worker 229397740
29 29 4 Worker 270197831
30 30 4 Worker 149602711
31 31 4 Worker 719488520
32 32 4 Worker 791008929
33 33 4 Worker 906025211
34 34 4 Worker 19433629
35 35 4 Worker 484527310
36 36 4 Worker 598917514
37 37 4 Worker 132503659
38 38 4 Worker 136646083
39 39 4 Worker 187260140
40 40 4 Worker 924627587
41 41 4 Worker 571360761
42 42 4 Worker 417002077
43 43 4 Worker 278164218
44 44 4 Worker 380969479
45 45 4 Worker 89967630
46 46 4 Worker 519988829
47 47 4 Worker 871300751
48 48 4 Worker 369540057
49 49 4 Worker 763200536
50 50 4 Worker 588437551
51 51 4 Worker 515676564
52 52 4 Worker 937214472
53 53 4 Worker 907821796
54 54 4 Worker 271249439
55 55 4 Worker 592122674
56 56 4 Worker 944907785
57 57 4 Worker 177314657
58 58 4 Worker 364709673
59 59 4 Worker 72018834
60 60 4 Worker 482434406
61 61 4 Worker 512994101
62 62 4 Worker 859995686
63 63 4 Worker 346992975
64 64 4 Worker 233675570
65 65 4 Worker 875646006
66 66 4 Worker 40440886
67 67 4 Worker 527920940
68 68 4 Worker 72736325
69 69 4 Worker 293986880
70 70 4 Worker 633931362
71 71 4 Worker 744591237
72 72 4 Worker 217356037
73 73 4 Worker 247580004
74 74 4 Worker 111324412
75 75 4 Worker 1393001
76 76 4 Worker 850101381
77 77 4 Worker 236103393
78 78 4 Worker 252477349
79 79 4 Worker 71980502
80 80 4 Worker 239241654
81 81 4 Worker 184823931
82 82 4 Worker 322281471
83 83 4 Worker 755589762
84 84 4 Worker 59812215
85 85 4 Worker 723887305
86 86 4 Worker 795853433
87 87 4 Worker 574378269
88 88 4 Worker 808295339
89 89 4 Worker 387766405
90 90 4 Worker 613139245
91 91 4 Worker 998716527
92 92 4 Worker 633415382
93 93 4 Worker 872107347
94 94 4 Worker 436980504
95 95 4 Worker 787672520
96 96 4 Worker 278963545
97 97 4 Worker 993824662
98 98 4 Worker 95571824
99 99 4 Worker 400497234
100 100 4 Worker 750655876
101 101 4 Worker 952765825
102 102 4 Worker 580388073
103 103 4 Worker 386731041
104 104 4 Worker 917082427
105 105 4 Worker 584549457
106 106 4 Worker 479292027
107 107 4 Worker 407088358
108 108 4 Worker 765678758
109 109 4 Worker 831260326
110 110 4 Worker 707789818
111 111 4 Worker 553260740
112 112 4 Worker 795779134
113 113 4 Worker 713481504
114 114 4 Worker 171287340
115 115 4 Worker 438454717
116 116 4 Worker 32544221
117 117 4 Worker 895234359
118 118 4 Worker 523577838
119 119 4 Worker 287538720
120 120 4 Worker 208274461
121 121 4 Worker 470260770
122 122 4 Worker 370188138
123 123 4 Worker 390019032
124 124 4 Worker 388509514
125 125 4 Worker 953348272
126 126 4 Worker 158630921
127 127 4 Worker 608643970
128 128 4 Worker 66024435
129 129 4 Worker 720594275
130 130 4 Worker 68606284
131 131 4 Worker 393600932
132 132 4 Worker 800774332
133 133 4 Worker 153367719
134 134 4 Worker 344211025
135 135 4 Worker 401566565
136 136 4 Worker 665410564
137 137 4 Worker 178738351
138 138 4 Worker 911407757
139 139 4 Worker 172964274
140 140 4 Worker 682373798
141 141 4 Worker 94545777
142 142 4 Worker 996261949
143 143 4 Worker 525394014
144 144 4 Worker 425489593
145 145 4 Worker 975979581
146 146 4 Worker 829766914
147 147 4 Worker 565104414
148 148 4 Worker 541636893
149 149 4 Worker 180817727
150 150 4 Worker 747079144
151 151 4 Worker 97108645
152 152 4 Worker 217373167
153 153 4 Worker 235810461
154 154 4 Worker 329395076
155 155 4 Worker 176317079
156 156 4 Worker 696484412
157 157 4 Worker 507694846
158 158 4 Worker 340534672
159 159 4 Worker 686564244
160 160 4 Worker 325741461
161 161 4 Worker 295306463
162 162 4 Worker 184282893
163 163 4 Worker 720707354
164 164 4 Worker 367777238
165 165 4 Worker 835189455
166 166 4 Worker 137838943
167 167 4 Worker 57512061
168 168 4 Worker 758381956
169 169 4 Worker 840739192
170 170 4 Worker 427349731
171 171 4 Worker 305863316
172 172 4 Worker 339754244
173 173 4 Worker 967675637
174 174 4 Worker 672454138
175 175 4 Worker 348891508
176 176 4 Worker 152473468
177 177 4 Worker 255579846
178 178 4 Worker 113087510
179 179 4 Worker 807528017
180 180 4 Worker 830102358
181 181 4 Worker 750436467
182 182 4 Worker 43000920
183 183 4 Worker 74711640
184 184 4 Worker 805208050
185 185 4 Worker 298854528
186 186 4 Worker 197818852
187 187 4 Worker 463797962
188 188 4 Worker 961256928
189 189 4 Worker 53863651
190 190 4 Worker 860605225
191 191 4 Worker 246340152
192 192 4 Worker 648709945
193 193 4 Worker 699475187
194 194 4 Worker 670327919
195 195 4 Worker 784779393
196 196 4 Worker 651352384
197 197 4 Worker 411349613
198 198 4 Worker 243491515
199 199 4 Worker 530281356
200 200 4 Worker 236215276
201 201 4 Worker 662335013
202 202 4 Worker 870886580
203 203 4 Worker 496064926
204 204 4 Worker 837099376
205 205 4 Worker 528439311
206 206 4 Worker 222326252
207 207 4 Worker 60640700
208 208 4 Worker 849399870
209 209 4 Worker 106425182
210 210 4 Worker 580087805
211 211 4 Worker 229632917
212 212 4 Worker 414560469
213 213 4 Worker 891669959
214 214 4 Worker 85340952
215 215 4 Worker 867765453
216 216 4 Worker 326343705
217 217 4 Worker 281812197
218 218 4 Worker 140866222
219 219 4 Worker 812621945
220 220 4 Worker 218086299
221 221 4 Worker 839854852
222 222 4 Worker 330540202
223 223 4 Worker 402737368
224 224 4 Worker 808209678
225 225 4 Worker 968190875
226 226 4 Worker 674071727
227 227 4 Worker 958379190
228 228 4 Worker 973146946
229 229 4 Worker 152344035
230 230 4 Worker 752662536
231 231 4 Worker 182299509
232 232 4 Worker 443158035
233 233 4 Worker 941944975
234 234 4 Worker 13202205
235 235 4 Worker 644245582
236 236 4 Worker 955210835
237 237 4 Worker 405539960
238 238 4 Worker 27588303
239 239 4 Worker 683847740
240 240 4 Worker 548565870
241 241 4 Worker 9861903
242 242 4 Worker 715657869
243 243 4 Worker 776148211
244 244 4 Worker 463714647
245 245 4 Worker 230351830
246 246 4 Worker 350530645
247 247 4 Worker 5979164
248 248 4 Worker 193800286
249 249 4 Worker 954750823
250 250 4 Worker 350695896
251 251 4 Worker 777626880
252 252 4 Worker 642343756
253 253 4 Worker 397416406
254 254 4 Worker 565733731
255 255 4 Worker 648618278
256 256 4 Worker 939256285
257 257 4 Worker 478984025
258 258 4 Worker 430099092
259 259 4 Worker 700172463
260 260 4 Worker 47508793
261 261 4 Worker 170324294
262 262 4 Worker 585357735
263 263 4 Worker 977423509
264 264 4 Worker 417008993
265 265 4 Worker 998746364
266 266 4 Worker 382287946
267 267 4 Worker 64769560
268 268 4 Worker 204845278
269 269 4 Worker 233336758
270 270 4 Worker 479339826
271 271 4 Worker 116775434
272 272 4 Worker 967251595
273 273 4 Worker 306881847
274 274 4 Worker 728428624
275 275 4 Worker 256085687
276 276 4 Worker 686078905
277 277 4 Worker 504943700
278 278 4 Worker 179030546
279 279 4 Worker 728894555
280 280 4 Worker 753587808
281 281 4 Worker 373584624
282 282 4 Worker 454261237
283 283 4 Worker 108852452
284 284 4 Worker 497653141
285 285 4 Worker 575009380
286 286 4 Worker 900797752
287 287 4 Worker 320866856
288 288 4 Worker 971165837
289 289 4 Worker 821588109
290 290 4 Worker 722183678
291 291 4 Worker 35511928
292 292 4 Worker 508000214
293 293 4 Worker 878487176
294 294 4 Worker 91083521
295 295 4 Worker 922754357
296 296 4 Worker 245119318
297 297 4 Worker 800882278
298 298 4 Worker 598382725
299 299 4 Worker 97486393
300 300 4 Worker 495659563
301 301 4 Worker 599459466
302 302 4 Worker 823319404
303 303 4 Worker 3097332
304 304 4 Worker 212366534
305 305 4 Worker 176662807
306 306 4 Worker 479302547
307 307 4 Worker 138738233
308 308 4 Worker 834562313
309 309 4 Worker 395430216
310 310 4 Worker 564023496
311 311 4 Worker 601016835
312 312 4 Worker 300331139
313 313 4 Worker 872299947
314 314 4 Worker 13438912
315 315 4 Worker 986067158
316 316 4 Worker 957810321
317 317 4 Worker 454983049
318 318 4 Worker 424288349
319 319 4 Worker 545219354
320 320 4 Worker 995271676
321 321 4 Worker 468497724
322 322 4 Worker 617847928
323 323 4 Worker 73314158
324 324 4 Worker 602764496
325 325 4 Worker 223139655
326 326 4 Worker 921780018
327 327 4 Worker 202396913
328 328 4 Worker 545704161
329 329 4 Worker 108451114
330 330 4 Worker 812410560
331 331 4 Worker 951852125
332 332 4 Worker 630305263
333 333 4 Worker 852636898
334 334 4 Worker 710832655
335 335 4 Worker 393691173
336 336 4 Worker 197481974
337 337 4 Worker 48532592
338 338 4 Worker 139630284
339 339 4 Worker 585525084
340 340 4 Worker 879183348
341 341 4 Worker 497900572
342 342 4 Worker 737538490
343 343 4 Worker 567208713
344 344 4 Worker 957959785
345 345 4 Worker 515995767
346 346 4 Worker 579718465
347 347 4 Worker 387132076
348 348 4 Worker 646294225
349 349 4 Worker 37489124
350 350 4 Worker 880879739
351 351 4 Worker 843639269
352 352 4 Worker 788844556
353 353 4 Worker 417304116
354 354 4 Worker 389502458
355 355 4 Worker 612327193
356 356 4 Worker 237680740
357 357 4 Worker 141505159
358 358 4 Worker 233475952
359 359 4 Worker 755897587
360 360 4 Worker 792401097
361 361 4 Worker 56812714
362 362 4 Worker 493299517
363 363 4 Worker 51200548
364 364 4 Worker 674034964
365 365 4 Worker 214951682
366 366 4 Worker 609169741
367 367 4 Worker 607129616
368 368 4 Worker 393794944
369 369 4 Worker 618879479
370 370 4 Worker 271422112
371 371 4 Worker 761511061
372 372 4 Worker 318851710
373 373 4 Worker 455395385
374 374 4 Worker 761956910
375 375 4 Worker 647983659
376 376 4 Worker 25441653
377 377 4 Worker 755084831
378 378 4 Worker 454570232
379 379 4 Worker 60599088
380 380 4 Worker 174283001
381 381 4 Worker 824400213
382 382 4 Worker 488151880
383 383 4 Worker 894285362
384 384 4 Worker 635712799
385 385 4 Worker 910269079
386 386 4 Worker 830652814
387 387 4 Worker 531057779
388 388 4 Worker 311952275
389 389 4 Worker 603485006
390 390 4 Worker 710521399
391 391 4 Worker 130704371
392 392 4 Worker 30413858
393 393 4 Worker 638874375
394 394 4 Worker 155211109
395 395 4 Worker 91081189
396 396 4 Worker 657680902
397 397 4 Worker 676877215
398 398 4 Worker 958456788
399 399 4 Worker 584637576
400 400 4 Worker 6067389
401 401 4 Worker 84868902
402 402 4 Worker 965729081
403 403 4 Worker 132633455
404 404 4 Worker 954779241
405 405 4 Worker 205106342
406 406 4 Worker 475267486
407 407 4 Worker 342659467
408 408 4 Worker 433100438
409 409 4 Worker 472056646
410 410 4 Worker 300614821
411 411 4 Worker 499092905
412 412 4 Worker 303018481
413 413 4 Worker 570785262
414 414 4 Worker 145609531
415 415 4 Worker 753302805
416 416 4 Worker 542533921
417 417 4 Worker 735763888
418 418 4 Worker 849394514
419 419 4 Worker 376034720
420 420 4 Worker 521693039
421 421 4 Worker 112349102
422 422 4 Worker 544345702
423 423 4 Worker 717593604
424 424 4 Worker 197267230
425 425 4 Worker 657811086
426 426 4 Worker 202157565
427 427 4 Worker 266592973
428 428 4 Worker 953464972
429 429 4 Worker 561525511
430 430 4 Worker 502181279
431 431 4 Worker 738238740
432 432 4 Worker 314502460
433 433 4 Worker 254689318
434 434 4 Worker 84626242
435 435 4 Worker 295616986
436 436 4 Worker 458224923
437 437 4 Worker 969721548
438 438 4 Worker 495646344
439 439 4 Worker 321777810
440 440 4 Worker 664216276
441 441 4 Worker 301396856
442 442 4 Worker 928525058
443 443 4 Worker 416229816
444 444 4 Worker 877443945
445 445 4 Worker 442914862
446 446 4 Worker 35811198
447 447 4 Worker 665098624
448 448 4 Worker 928541047
449 449 4 Worker 229087443
450 450 4 Worker 494110628
451 451 4 Worker 922809997
452 452 4 Worker 956601969
453 453 4 Worker 772868557
454 454 4 Worker 225113447
455 455 4 Worker 916833776
456 456 4 Worker 976276316
457 457 4 Worker 987697114
458 458 4 Worker 38167551
459 459 4 Worker 874773545
460 460 4 Worker 401474337
461 461 4 Worker 38753852
462 462 4 Worker 131199425
463 463 4 Worker 51471871
464 464 4 Worker 198344013
465 465 4 Worker 782648256
466 466 4 Worker 505483187
467 467 4 Worker 762083293
468 468 4 Worker 328476279
469 469 4 Worker 280447310
470 470 4 Worker 432058225
471 471 4 Worker 112288584
472 472 4 Worker 25157510
473 473 4 Worker 765509459
474 474 4 Worker 457986092
475 475 4 Worker 798341300
476 476 4 Worker 318738042
477 477 4 Worker 488647966
478 478 4 Worker 567759510
479 479 4 Worker 260979185
480 480 4 Worker 703610103
481 481 4 Worker 376446601
482 482 4 Worker 34400508
483 483 4 Worker 841491524
484 484 4 Worker 577836109
485 485 4 Worker 338090021
486 486 4 Worker 89093117
487 487 4 Worker 337801134
488 488 4 Worker 719620544
489 489 4 Worker 744368260
490 490 4 Worker 944413721
491 491 4 Worker 686101056
492 492 4 Worker 304718851
493 493 4 Worker 921200155
494 494 4 Worker 149165663
495 495 4 Worker 932611794
496 496 4 Worker 502086338
497 497 4 Worker 747146073
498 498 4 Worker 465199459
499 499 4 Worker 451235125
500 500 4 Worker 837981139
501 501 4 Worker 248553472
502 502 4 Worker 894599607
503 503 4 Worker 782858601
504 504 4 Worker 810133176
505 505 4 Worker 846296835
506 506 4 Worker 444775726
507 507 4 Worker 150740331
508 508 4 Worker 11904750
509 509 4 Worker 188635099
510 510 4 Worker 394118183
511 511 4 Worker 272600735
