0 0 -1 Splicer 710597901
1 1 0 Worker 964183954
2 2 -1 PersistentDB 607538154
3 3 -1 InMemoryDB 865488665
4 4 -1 WorkManager 483792735
5 5 4 Worker 659982497
6 6 4 Worker 421229358
7 7 4 Worker 723736769
8 8 4 Worker 587061879
9 9 4 Worker 662679837
10 10 4 Worker 410774459
11 11 4 Worker 957553396
12 12 4 Worker 376769067
13 13 4 Worker 571482104
14 14 4 Worker 871877670
15 15 4 Worker 268691105
16 16 4 Worker 271721805
17 17 4 Worker 15497612
18 18 4 Worker 714061079
19 19 4 Worker 914412260
20 20 4 Worker 138222002
21 21 4 Worker 503392916
22 22 4 Worker 235255572
23 23 4 Worker 225318625
24 24 4 Worker 663376274
25 25 4 Worker 762601675
26 26 4 Worker 569113034
27 27 4 Worker 41791832
28 28 4 Worker 211412012
29 29 4 Worker 293594560
30 30 4 Worker 931604854
31 31 4 Worker 747643460
