0 0 -1 Splicer 777668670
1 1 0 Worker 578158166
2 2 -1 PersistentDB 480015698
3 3 -1 InMemoryDB 142242719
4 4 -1 WorkManager 637880644
5 5 4 Worker 965552896
6 6 4 Worker 529142521
7 7 4 Worker 499832515
8 8 4 Worker 726501229
9 9 4 Worker 527342704
10 10 4 Worker 921078441
11 11 4 Worker 857361644
12 12 4 Worker 875066897
13 13 4 Worker 771130856
14 14 4 Worker 295458218
15 15 4 Worker 347068079
16 16 4 Worker 846242574
17 17 4 Worker 685113991
18 18 4 Worker 491581511
19 19 4 Worker 247523057
20 20 4 Worker 145582140
21 21 4 Worker 381930290
22 22 4 Worker 261866929
23 23 4 Worker 805480039
24 24 4 Worker 310465056
25 25 4 Worker 235838316
26 26 4 Worker 613193035
27 27 4 Worker 647890563
28 28 4 Worker 999677285
29 29 4 Worker 378238923
30 30 4 Worker 161526616
31 31 4 Worker 963549878
32 32 4 Worker 785718383
33 33 4 Worker 442017021
34 34 4 Worker 700760436
35 35 4 Worker 378340191
36 36 4 Worker 817840854
37 37 4 Worker 780206352
38 38 4 Worker 205815689
39 39 4 Worker 794908282
40 40 4 Worker 7911080
41 41 4 Worker 835765436
42 42 4 Worker 282672222
43 43 4 Worker 877661150
44 44 4 Worker 245215867
45 45 4 Worker 211809701
46 46 4 Worker 64555129
47 47 4 Worker 349552432
48 48 4 Worker 199880929
49 49 4 Worker 626234973
50 50 4 Worker 952958504
51 51 4 Worker 809057506
52 52 4 Worker 709870199
53 53 4 Worker 441865816
54 54 4 Worker 370892819
55 55 4 Worker 35745616
56 56 4 Worker 834639967
57 57 4 Worker 132401928
58 58 4 Worker 830074828
59 59 4 Worker 800215435
60 60 4 Worker 874632255
61 61 4 Worker 349489553
62 62 4 Worker 769852430
63 63 4 Worker 755271422
64 64 4 Worker 173711633
65 65 4 Worker 354906740
66 66 4 Worker 905428948
67 67 4 Worker 16229913
68 68 4 Worker 590624935
69 69 4 Worker 631299620
70 70 4 Worker 275769880
71 71 4 Worker 57080876
72 72 4 Worker 468100739
73 73 4 Worker 321567571
74 74 4 Worker 792618735
75 75 4 Worker 34827970
76 76 4 Worker 434328810
77 77 4 Worker 288160594
78 78 4 Worker 599088242
79 79 4 Worker 715859105
80 80 4 Worker 565389747
81 81 4 Worker 922810306
82 82 4 Worker 243797
83 83 4 Worker 240795430
84 84 4 Worker 572229765
85 85 4 Worker 194021657
86 86 4 Worker 695396077
87 87 4 Worker 734558209
88 88 4 Worker 130707249
89 89 4 Worker 871583819
90 90 4 Worker 975898387
91 91 4 Worker 327636861
92 92 4 Worker 467948095
93 93 4 Worker 33014849
94 94 4 Worker 653083848
95 95 4 Worker 611343826
96 96 4 Worker 30314802
97 97 4 Worker 571748462
98 98 4 Worker 669194805
99 99 4 Worker 489161224
100 100 4 Worker 272625600
101 101 4 Worker 222909161
102 102 4 Worker 501921954
103 103 4 Worker 740963308
104 104 4 Worker 811937706
105 105 4 Worker 561426978
106 106 4 Worker 13334025
107 107 4 Worker 58707048
108 108 4 Worker 976535611
109 109 4 Worker 751016941
110 110 4 Worker 434289535
111 111 4 Worker 472213034
112 112 4 Worker 76717616
113 113 4 Worker 864325509
114 114 4 Worker 426135810
115 115 4 Worker 711930940
116 116 4 Worker 736678495
117 117 4 Worker 604369663
118 118 4 Worker 52563635
119 119 4 Worker 934480830
120 120 4 Worker 52916289
121 121 4 Worker 616118760
122 122 4 Worker 5021238
123 123 4 Worker 216947955
124 124 4 Worker 712056991
125 125 4 Worker 729123880
126 126 4 Worker 357201070
127 127 4 Worker 167850959
128 128 4 Worker 533471862
129 129 4 Worker 524568867
130 130 4 Worker 868938205
131 131 4 Worker 159428538
132 132 4 Worker 864679520
133 133 4 Worker 211239913
134 134 4 Worker 991011376
135 135 4 Worker 659067541
136 136 4 Worker 618607442
137 137 4 Worker 763241539
138 138 4 Worker 632621321
139 139 4 Worker 223937077
140 140 4 Worker 700145714
141 141 4 Worker 426693452
142 142 4 Worker 214259110
143 143 4 Worker 857019010
144 144 4 Worker 433038102
145 145 4 Worker 549102967
146 146 4 Worker 549873566
147 147 4 Worker 28229146
148 148 4 Worker 866497448
149 149 4 Worker 855850294
150 150 4 Worker 852839210
151 151 4 Worker 223226218
152 152 4 Worker 143735843
153 153 4 Worker 120016017
154 154 4 Worker 575970464
155 155 4 Worker 627232060
156 156 4 Worker 603168898
157 157 4 Worker 12155827
158 158 4 Worker 430018576
159 159 4 Worker 729481073
160 160 4 Worker 950757624
161 161 4 Worker 432277438
162 162 4 Worker 250540139
163 163 4 Worker 298187171
164 164 4 Worker 213984126
165 165 4 Worker 665408148
166 166 4 Worker 608359873
167 167 4 Worker 778745545
168 168 4 Worker 42002538
169 169 4 Worker 316407700
170 170 4 Worker 71020906
171 171 4 Worker 486659117
172 172 4 Worker 788240584
173 173 4 Worker 162180516
174 174 4 Worker 823388855
175 175 4 Worker 333120895
176 176 4 Worker 922873697
177 177 4 Worker 147049307
178 178 4 Worker 138615477
179 179 4 Worker 270152163
180 180 4 Worker 434593494
181 181 4 Worker 947040789
182 182 4 Worker 260357677
183 183 4 Worker 323850203
184 184 4 Worker 119392133
185 185 4 Worker 673897208
186 186 4 Worker 270039231
187 187 4 Worker 521043586
188 188 4 Worker 764874241
189 189 4 Worker 17637927
190 190 4 Worker 401662551
191 191 4 Worker 305412407
192 192 4 Worker 260807384
193 193 4 Worker 102556953
194 194 4 Worker 208075616
195 195 4 Worker 508505801
196 196 4 Worker 758734819
197 197 4 Worker 790195769
198 198 4 Worker 381014501
199 199 4 Worker 83069374
200 200 4 Worker 264397233
201 201 4 Worker 318435521
202 202 4 Worker 175265058
203 203 4 Worker 240790742
204 204 4 Worker 56158794
205 205 4 Worker 405871237
206 206 4 Worker 870560281
207 207 4 Worker 466410434
208 208 4 Worker 688522146
209 209 4 Worker 363352387
210 210 4 Worker 393265335
211 211 4 Worker 404355826
212 212 4 Worker 378987960
213 213 4 Worker 106513695
214 214 4 Worker 811664866
215 215 4 Worker 923665729
216 216 4 Worker 800476878
217 217 4 Worker 635594196
218 218 4 Worker 771234646
219 219 4 Worker 804322927
220 220 4 Worker 458395387
221 221 4 Worker 557047738
222 222 4 Worker 361894744
223 223 4 Worker 254470342
224 224 4 Worker 40550917
225 225 4 Worker 60679226
226 226 4 Worker 221124226
227 227 4 Worker 390198664
228 228 4 Worker 542959948
229 229 4 Worker 995369565
230 230 4 Worker 482995763
231 231 4 Worker 278976619
232 232 4 Worker 544914924
233 233 4 Worker 28906124
234 234 4 Worker 437814605
235 235 4 Worker 581495049
236 236 4 Worker 799666101
237 237 4 Worker 366303347
238 238 4 Worker 124323371
239 239 4 Worker 419522884
240 240 4 Worker 961240698
241 241 4 Worker 170449002
242 242 4 Worker 904189416
243 243 4 Worker 8306903
244 244 4 Worker 546516887
245 245 4 Worker 805334531
246 246 4 Worker 708631084
247 247 4 Worker 298812526
248 248 4 Worker 100311701
249 249 4 Worker 896198467
250 250 4 Worker 585599324
251 251 4 Worker 521365469
252 252 4 Worker 127805823
253 253 4 Worker 264069166
254 254 4 Worker 16227853
255 255 4 Worker 105613479
