0 0 -1 Splicer 535630897
1 1 0 Worker 630567112
2 2 -1 PersistentDB 886913843
3 3 -1 InMemoryDB 811338798
4 4 -1 WorkManager 964565310
5 5 4 Worker 391671449
6 6 4 Worker 873730147
7 7 4 Worker 636476202
8 8 4 Worker 418013083
9 9 4 Worker 3491104
10 10 4 Worker 413904861
11 11 4 Worker 392386317
12 12 4 Worker 306439528
13 13 4 Worker 771380526
14 14 4 Worker 978809552
15 15 4 Worker 722225853
16 16 4 Worker 924922372
17 17 4 Worker 668928440
18 18 4 Worker 35288250
19 19 4 Worker 357306513
20 20 4 Worker 610348870
21 21 4 Worker 188721821
22 22 4 Worker 902251762
23 23 4 Worker 560302779
24 24 4 Worker 885280692
25 25 4 Worker 71577564
26 26 4 Worker 540820652
27 27 4 Worker 485579981
28 28 4 Worker 879984749
29 29 4 Worker 374691156
30 30 4 Worker 276194865
31 31 4 Worker 48210264
