0 0 -1 Splicer 573124495
1 1 0 Worker 344237348
2 2 -1 PersistentDB 277276565
3 3 -1 InMemoryDB 169916331
4 4 -1 WorkManager 240490043
5 5 4 Worker 397562088
6 6 4 Worker 697398085
7 7 4 Worker 867430081
8 8 4 Worker 950757213
9 9 4 Worker 410781663
10 10 4 Worker 22720683
11 11 4 Worker 817584791
12 12 4 Worker 373276865
13 13 4 Worker 778453552
14 14 4 Worker 605269559
15 15 4 Worker 635371838
16 16 4 Worker 230971842
17 17 4 Worker 674045869
18 18 4 Worker 130166245
19 19 4 Worker 577944604
20 20 4 Worker 948305120
21 21 4 Worker 482584587
22 22 4 Worker 514066438
23 23 4 Worker 135316647
24 24 4 Worker 672097078
25 25 4 Worker 200497568
26 26 4 Worker 106124099
27 27 4 Worker 494269721
28 28 4 Worker 893108052
29 29 4 Worker 986146578
30 30 4 Worker 115049822
31 31 4 Worker 536915331
32 32 4 Worker 25831451
33 33 4 Worker 739470933
34 34 4 Worker 7778641
35 35 4 Worker 538701182
36 36 4 Worker 150666609
37 37 4 Worker 217017560
38 38 4 Worker 864718686
39 39 4 Worker 759789319
40 40 4 Worker 120345846
41 41 4 Worker 785897313
42 42 4 Worker 967003165
43 43 4 Worker 313564972
44 44 4 Worker 549235701
45 45 4 Worker 9637000
46 46 4 Worker 397223632
47 47 4 Worker 765605707
48 48 4 Worker 166983554
49 49 4 Worker 358376910
50 50 4 Worker 692863773
51 51 4 Worker 688281935
52 52 4 Worker 299757432
53 53 4 Worker 877011881
54 54 4 Worker 438958932
55 55 4 Worker 676744082
56 56 4 Worker 685446467
57 57 4 Worker 416060514
58 58 4 Worker 966877438
59 59 4 Worker 122510967
60 60 4 Worker 225600791
61 61 4 Worker 167326841
62 62 4 Worker 234155806
63 63 4 Worker 229042437
64 64 4 Worker 152887621
65 65 4 Worker 892809229
66 66 4 Worker 615522573
67 67 4 Worker 2617829
68 68 4 Worker 563036010
69 69 4 Worker 776632878
70 70 4 Worker 521763372
71 71 4 Worker 324338952
72 72 4 Worker 167092703
73 73 4 Worker 169929853
74 74 4 Worker 555870678
75 75 4 Worker 307670381
76 76 4 Worker 447225217
77 77 4 Worker 469244308
78 78 4 Worker 182119617
79 79 4 Worker 682580278
80 80 4 Worker 365839561
81 81 4 Worker 996072451
82 82 4 Worker 913012946
83 83 4 Worker 133991562
84 84 4 Worker 250670063
85 85 4 Worker 947310366
86 86 4 Worker 651296906
87 87 4 Worker 611266692
88 88 4 Worker 784410368
89 89 4 Worker 820129102
90 90 4 Worker 4510150
91 91 4 Worker 233716558
92 92 4 Worker 952405112
93 93 4 Worker 682701938
94 94 4 Worker 420128351
95 95 4 Worker 180738254
96 96 4 Worker 330641325
97 97 4 Worker 405940879
98 98 4 Worker 200040013
99 99 4 Worker 772252307
100 100 4 Worker 148294929
101 101 4 Worker 960266924
102 102 4 Worker 842883129
103 103 4 Worker 206864323
104 104 4 Worker 100249241
105 105 4 Worker 91526916
106 106 4 Worker 53939082
107 107 4 Worker 646556181
108 108 4 Worker 508601097
109 109 4 Worker 604339955
110 110 4 Worker 905652958
111 111 4 Worker 209844164
112 112 4 Worker 214209815
113 113 4 Worker 509022469
114 114 4 Worker 936401118
115 115 4 Worker 244923234
116 116 4 Worker 236949556
117 117 4 Worker 400761664
118 118 4 Worker 976420740
119 119 4 Worker 546391688
120 120 4 Worker 422502771
121 121 4 Worker 284942453
122 122 4 Worker 711665916
123 123 4 Worker 256709778
124 124 4 Worker 86340840
125 125 4 Worker 258269576
126 126 4 Worker 530164341
127 127 4 Worker 562313036
128 128 4 Worker 957456838
129 129 4 Worker 548174206
130 130 4 Worker 733785655
131 131 4 Worker 816150633
132 132 4 Worker 654994950
133 133 4 Worker 382249687
134 134 4 Worker 128290470
135 135 4 Worker 722821773
136 136 4 Worker 402179437
137 137 4 Worker 836104688
138 138 4 Worker 307704922
139 139 4 Worker 695189562
140 140 4 Worker 42661507
141 141 4 Worker 605214714
142 142 4 Worker 983452024
143 143 4 Worker 157283540
144 144 4 Worker 501093763
145 145 4 Worker 347796956
146 146 4 Worker 885600497
147 147 4 Worker 74406220
148 148 4 Worker 692650075
149 149 4 Worker 705718103
150 150 4 Worker 873611239
151 151 4 Worker 199132171
152 152 4 Worker 532473066
153 153 4 Worker 666991039
154 154 4 Worker 803133102
155 155 4 Worker 813001549
156 156 4 Worker 709106187
157 157 4 Worker 579287458
158 158 4 Worker 595745124
159 159 4 Worker 484047165
160 160 4 Worker 773607806
161 161 4 Worker 972681386
162 162 4 Worker 881363510
163 163 4 Worker 670016612
164 164 4 Worker 634135665
165 165 4 Worker 33840830
166 166 4 Worker 231966277
167 167 4 Worker 773970689
168 168 4 Worker 401112486
169 169 4 Worker 203607534
170 170 4 Worker 862692301
171 171 4 Worker 44408099
172 172 4 Worker 261388498
173 173 4 Worker 772370491
174 174 4 Worker 177237989
175 175 4 Worker 67933413
176 176 4 Worker 123427428
177 177 4 Worker 111768502
178 178 4 Worker 952632729
179 179 4 Worker 488989080
180 180 4 Worker 347209977
181 181 4 Worker 244057878
182 182 4 Worker 430876324
183 183 4 Worker 687797242
184 184 4 Worker 940176303
185 185 4 Worker 501686250
186 186 4 Worker 949981793
187 187 4 Worker 100909554
188 188 4 Worker 1542920
189 189 4 Worker 297454947
190 190 4 Worker 129540446
191 191 4 Worker 635897704
192 192 4 Worker 181015119
193 193 4 Worker 391572598
194 194 4 Worker 961363654
195 195 4 Worker 299950510
196 196 4 Worker 465371984
197 197 4 Worker 104489166
198 198 4 Worker 302024555
199 199 4 Worker 120927066
200 200 4 Worker 151898568
201 201 4 Worker 637824531
202 202 4 Worker 139942989
203 203 4 Worker 723721134
204 204 4 Worker 916926507
205 205 4 Worker 911294466
206 206 4 Worker 168390759
207 207 4 Worker 835932354
208 208 4 Worker 298277734
209 209 4 Worker 631862596
210 210 4 Worker 490021307
211 211 4 Worker 316032114
212 212 4 Worker 638611091
213 213 4 Worker 676451681
214 214 4 Worker 2862925
215 215 4 Worker 363001776
216 216 4 Worker 821814789
217 217 4 Worker 612883518
218 218 4 Worker 961000789
219 219 4 Worker 986530915
220 220 4 Worker 619826977
221 221 4 Worker 488830142
222 222 4 Worker 888357637
223 223 4 Worker 71991027
224 224 4 Worker 887832846
225 225 4 Worker 597160954
226 226 4 Worker 806795857
227 227 4 Worker 591864887
228 228 4 Worker 161794849
229 229 4 Worker 266456198
230 230 4 Worker 817142950
231 231 4 Worker 496709171
232 232 4 Worker 913522286
233 233 4 Worker 595631561
234 234 4 Worker 5575948
235 235 4 Worker 47745600
236 236 4 Worker 363979609
237 237 4 Worker 632100069
238 238 4 Worker 599018910
239 239 4 Worker 65725762
240 240 4 Worker 347351585
241 241 4 Worker 119767620
242 242 4 Worker 751695477
243 243 4 Worker 496376282
244 244 4 Worker 220777812
245 245 4 Worker 515938133
246 246 4 Worker 464606351
247 247 4 Worker 819796698
248 248 4 Worker 364798263
249 249 4 Worker 457446652
250 250 4 Worker 165858771
251 251 4 Worker 884450096
252 252 4 Worker 314270372
253 253 4 Worker 195605623
254 254 4 Worker 290108609
255 255 4 Worker 23632304
