0 0 -1 Splicer 438786120
1 1 0 Worker 559181279
2 2 -1 PersistentDB 989832834
3 3 -1 InMemoryDB 411834026
4 4 -1 WorkManager 450750357
5 5 4 Worker 379618222
6 6 4 Worker 99937355
7 7 4 Worker 649253615
8 8 4 Worker 300664574
9 9 4 Worker 840646873
10 10 4 Worker 849167372
11 11 4 Worker 858202160
12 12 4 Worker 670567795
13 13 4 Worker 602405302
14 14 4 Worker 855729739
15 15 4 Worker 745136796
16 16 4 Worker 35887025
17 17 4 Worker 477236234
18 18 4 Worker 341543819
19 19 4 Worker 804041552
20 20 4 Worker 783745847
21 21 4 Worker 549122361
22 22 4 Worker 17813138
23 23 4 Worker 534217501
24 24 4 Worker 572982008
25 25 4 Worker 513031919
26 26 4 Worker 76383345
27 27 4 Worker 863420032
28 28 4 Worker 725935075
29 29 4 Worker 83598171
30 30 4 Worker 893440075
31 31 4 Worker 670016440
