0 0 -1 Splicer 533217221
1 1 0 Worker 43014038
2 2 -1 PersistentDB 157337256
3 3 -1 InMemoryDB 991197955
4 4 -1 WorkManager 587295691
5 5 4 Worker 936587299
6 6 4 Worker 208895827
7 7 4 Worker 206307329
8 8 4 Worker 783306375
9 9 4 Worker 211604472
10 10 4 Worker 609238125
11 11 4 Worker 944149638
12 12 4 Worker 184874476
13 13 4 Worker 540531939
14 14 4 Worker 983965513
15 15 4 Worker 85943510
16 16 4 Worker 715544933
17 17 4 Worker 57727396
18 18 4 Worker 832280412
19 19 4 Worker 666925773
20 20 4 Worker 36187302
21 21 4 Worker 915159746
22 22 4 Worker 703576600
23 23 4 Worker 123724625
24 24 4 Worker 581541821
25 25 4 Worker 357728476
26 26 4 Worker 282068715
27 27 4 Worker 226781184
28 28 4 Worker 686955445
29 29 4 Worker 96514959
30 30 4 Worker 30297175
31 31 4 Worker 3141663
32 32 4 Worker 427999361
33 33 4 Worker 505940383
34 34 4 Worker 425545285
35 35 4 Worker 808657066
36 36 4 Worker 795535572
37 37 4 Worker 529111603
38 38 4 Worker 427672441
39 39 4 Worker 322823225
40 40 4 Worker 29890291
41 41 4 Worker 413743020
42 42 4 Worker 666276998
43 43 4 Worker 427875635
44 44 4 Worker 763487601
45 45 4 Worker 395966166
46 46 4 Worker 128421583
47 47 4 Worker 722059809
48 48 4 Worker 158897877
49 49 4 Worker 348705041
50 50 4 Worker 91338254
51 51 4 Worker 412670432
52 52 4 Worker 828160019
53 53 4 Worker 951850721
54 54 4 Worker 141451819
55 55 4 Worker 434907818
56 56 4 Worker 97253896
57 57 4 Worker 320462193
58 58 4 Worker 64965048
59 59 4 Worker 251141929
60 60 4 Worker 170532733
61 61 4 Worker 540537843
62 62 4 Worker 989408427
63 63 4 Worker 569064120
64 64 4 Worker 789687795
65 65 4 Worker 746497061
66 66 4 Worker 359934702
67 67 4 Worker 397660736
68 68 4 Worker 538244572
69 69 4 Worker 544792447
70 70 4 Worker 244912743
71 71 4 Worker 460345551
72 72 4 Worker 893324088
73 73 4 Worker 845233509
74 74 4 Worker 851479317
75 75 4 Worker 156137033
76 76 4 Worker 421185218
77 77 4 Worker 518777512
78 78 4 Worker 27902937
79 79 4 Worker 390698121
80 80 4 Worker 654939977
81 81 4 Worker 994753290
82 82 4 Worker 960456811
83 83 4 Worker 350373928
84 84 4 Worker 813776063
85 85 4 Worker 45493023
86 86 4 Worker 978289413
87 87 4 Worker 806033115
88 88 4 Worker 610291662
89 89 4 Worker 70638372
90 90 4 Worker 492420956
91 91 4 Worker 525032157
92 92 4 Worker 846668342
93 93 4 Worker 598737589
94 94 4 Worker 803896260
95 95 4 Worker 176158420
96 96 4 Worker 439304111
97 97 4 Worker 111317378
98 98 4 Worker 575658935
99 99 4 Worker 964593579
100 100 4 Worker 902341040
101 101 4 Worker 824776316
102 102 4 Worker 755459890
103 103 4 Worker 219246350
104 104 4 Worker 234652283
105 105 4 Worker 467974837
106 106 4 Worker 352357998
107 107 4 Worker 881842512
108 108 4 Worker 793757563
109 109 4 Worker 434948910
110 110 4 Worker 871472131
111 111 4 Worker 182739609
112 112 4 Worker 667248158
113 113 4 Worker 425561319
114 114 4 Worker 745667332
115 115 4 Worker 688064724
116 116 4 Worker 616424044
117 117 4 Worker 590198494
118 118 4 Worker 917447246
119 119 4 Worker 683428761
120 120 4 Worker 412188322
121 121 4 Worker 878802980
122 122 4 Worker 521572737
123 123 4 Worker 555372068
124 124 4 Worker 356269472
125 125 4 Worker 64861777
126 126 4 Worker 454620898
127 127 4 Worker 938777775
128 128 4 Worker 371797497
129 129 4 Worker 456426955
130 130 4 Worker 837189438
131 131 4 Worker 876380895
132 132 4 Worker 356918515
133 133 4 Worker 948003567
134 134 4 Worker 635503151
135 135 4 Worker 404864576
136 136 4 Worker 572742051
137 137 4 Worker 30040301
138 138 4 Worker 45946535
139 139 4 Worker 29402145
140 140 4 Worker 375436675
141 141 4 Worker 416395395
142 142 4 Worker 687578192
143 143 4 Worker 483849662
144 144 4 Worker 788068660
145 145 4 Worker 786612188
146 146 4 Worker 186687811
147 147 4 Worker 997568950
148 148 4 Worker 310133831
149 149 4 Worker 568095583
150 150 4 Worker 851929574
151 151 4 Worker 436311376
152 152 4 Worker 192463876
153 153 4 Worker 332672420
154 154 4 Worker 702119965
155 155 4 Worker 691979551
156 156 4 Worker 986563730
157 157 4 Worker 29281969
158 158 4 Worker 194496426
159 159 4 Worker 413473687
160 160 4 Worker 205174486
161 161 4 Worker 778340184
162 162 4 Worker 278833152
163 163 4 Worker 911714093
164 164 4 Worker 937214800
165 165 4 Worker 163498001
166 166 4 Worker 275300883
167 167 4 Worker 996109658
168 168 4 Worker 247138137
169 169 4 Worker 297123221
170 170 4 Worker 829882472
171 171 4 Worker 537981684
172 172 4 Worker 259482838
173 173 4 Worker 668541409
174 174 4 Worker 914586174
175 175 4 Worker 575696103
176 176 4 Worker 64854370
177 177 4 Worker 450522498
178 178 4 Worker 156173225
179 179 4 Worker 499916969
180 180 4 Worker 171047896
181 181 4 Worker 436008517
182 182 4 Worker 570436973
183 183 4 Worker 543409408
184 184 4 Worker 335881694
185 185 4 Worker 367999724
186 186 4 Worker 651627591
187 187 4 Worker 806224122
188 188 4 Worker 956984502
189 189 4 Worker 277671739
190 190 4 Worker 585872561
191 191 4 Worker 334729098
192 192 4 Worker 579616462
193 193 4 Worker 225393189
194 194 4 Worker 4161897
195 195 4 Worker 727894535
196 196 4 Worker 624761470
197 197 4 Worker 905991574
198 198 4 Worker 828483124
199 199 4 Worker 744568290
200 200 4 Worker 78331715
201 201 4 Worker 625992788
202 202 4 Worker 238483854
203 203 4 Worker 411152554
204 204 4 Worker 713745231
205 205 4 Worker 303479428
206 206 4 Worker 757990552
207 207 4 Worker 576937781
208 208 4 Worker 262247389
209 209 4 Worker 771276797
210 210 4 Worker 927761776
211 211 4 Worker 154951468
212 212 4 Worker 218769054
213 213 4 Worker 383536026
214 214 4 Worker 423273066
215 215 4 Worker 941267300
216 216 4 Worker 28839182
217 217 4 Worker 564918392
218 218 4 Worker 269298132
219 219 4 Worker 801530848
220 220 4 Worker 764435521
221 221 4 Worker 522741351
222 222 4 Worker 494369141
223 223 4 Worker 939213203
224 224 4 Worker 893943017
225 225 4 Worker 598418230
226 226 4 Worker 42261876
227 227 4 Worker 452543015
228 228 4 Worker 814953748
229 229 4 Worker 402999064
230 230 4 Worker 282259190
231 231 4 Worker 284281483
232 232 4 Worker 511760148
233 233 4 Worker 111385214
234 234 4 Worker 642548872
235 235 4 Worker 219709267
236 236 4 Worker 591495879
237 237 4 Worker 564169597
238 238 4 Worker 904093214
239 239 4 Worker 772519122
240 240 4 Worker 402784656
241 241 4 Worker 745441512
242 242 4 Worker 32796702
243 243 4 Worker 964784289
244 244 4 Worker 571341062
245 245 4 Worker 544913746
246 246 4 Worker 594445948
247 247 4 Worker 992710941
248 248 4 Worker 502675379
249 249 4 Worker 126910377
250 250 4 Worker 665307277
251 251 4 Worker 600454048
252 252 4 Worker 659922429
253 253 4 Worker 195366887
254 254 4 Worker 890120927
255 255 4 Worker 945749184
