0 0 -1 Splicer 490285493
1 1 0 Worker 294966301
2 2 -1 PersistentDB 394101842
3 3 -1 InMemoryDB 855625777
4 4 -1 WorkManager 86292128
5 5 4 Worker 960640876
6 6 4 Worker 438597499
7 7 4 Worker 320792322
8 8 4 Worker 634500542
9 9 4 Worker 921349816
10 10 4 Worker 219184333
11 11 4 Worker 719471557
12 12 4 Worker 723335562
13 13 4 Worker 56731767
14 14 4 Worker 398548922
15 15 4 Worker 91809140
16 16 4 Worker 108122894
17 17 4 Worker 606241474
18 18 4 Worker 903263208
19 19 4 Worker 460510598
20 20 4 Worker 795027006
21 21 4 Worker 902144809
22 22 4 Worker 924229443
23 23 4 Worker 843971400
24 24 4 Worker 246970621
25 25 4 Worker 733413146
26 26 4 Worker 136570870
27 27 4 Worker 766174197
28 28 4 Worker 881412808
29 29 4 Worker 976024682
30 30 4 Worker 98677431
31 31 4 Worker 676685199
32 32 4 Worker 243708255
33 33 4 Worker 458713445
34 34 4 Worker 142834178
35 35 4 Worker 82523990
36 36 4 Worker 490947042
37 37 4 Worker 273176605
38 38 4 Worker 81006017
39 39 4 Worker 417244710
40 40 4 Worker 705936580
41 41 4 Worker 892121938
42 42 4 Worker 172520696
43 43 4 Worker 795347774
44 44 4 Worker 701632634
45 45 4 Worker 678160213
46 46 4 Worker 20718966
47 47 4 Worker 761967281
48 48 4 Worker 861714092
49 49 4 Worker 806855473
50 50 4 Worker 284783462
51 51 4 Worker 34338948
52 52 4 Worker 15231521
53 53 4 Worker 92821007
54 54 4 Worker 842023889
55 55 4 Worker 479979198
56 56 4 Worker 939256587
57 57 4 Worker 76709397
58 58 4 Worker 485946308
59 59 4 Worker 720369804
60 60 4 Worker 262660684
61 61 4 Worker 463810185
62 62 4 Worker 445770656
63 63 4 Worker 936767817
64 64 4 Worker 140610420
65 65 4 Worker 775567851
66 66 4 Worker 506992302
67 67 4 Worker 709692015
68 68 4 Worker 669717845
69 69 4 Worker 474204793
70 70 4 Worker 157794233
71 71 4 Worker 529743413
72 72 4 Worker 6633801
73 73 4 Worker 193179700
74 74 4 Worker 474930811
75 75 4 Worker 469153908
76 76 4 Worker 347485857
77 77 4 Worker 117630075
78 78 4 Worker 104507034
79 79 4 Worker 30989374
80 80 4 Worker 782083722
81 81 4 Worker 823088809
82 82 4 Worker 376401490
83 83 4 Worker 779585246
84 84 4 Worker 818115458
85 85 4 Worker 802385941
86 86 4 Worker 410155011
87 87 4 Worker 32741905
88 88 4 Worker 968154495
89 89 4 Worker 843463891
90 90 4 Worker 252806734
91 91 4 Worker 225282688
92 92 4 Worker 977039142
93 93 4 Worker 141337750
94 94 4 Worker 588116218
95 95 4 Worker 846695585
96 96 4 Worker 612222417
97 97 4 Worker 658522625
98 98 4 Worker 682092131
99 99 4 Worker 918850847
100 100 4 Worker 642287918
101 101 4 Worker 413048054
102 102 4 Worker 183880554
103 103 4 Worker 308165138
104 104 4 Worker 60321116
105 105 4 Worker 960407281
106 106 4 Worker 549917622
107 107 4 Worker 3717652
108 108 4 Worker 524166531
109 109 4 Worker 184151044
110 110 4 Worker 963669761
111 111 4 Worker 354179451
112 112 4 Worker 374888340
113 113 4 Worker 62400305
114 114 4 Worker 629556574
115 115 4 Worker 84698596
116 116 4 Worker 750453651
117 117 4 Worker 475793778
118 118 4 Worker 279728224
119 119 4 Worker 637943519
120 120 4 Worker 550890984
121 121 4 Worker 979237170
122 122 4 Worker 47818303
123 123 4 Worker 985003873
124 124 4 Worker 280544892
125 125 4 Worker 405143516
126 126 4 Worker 54416338
127 127 4 Worker 949743655
128 128 4 Worker 895675419
129 129 4 Worker 78942072
130 130 4 Worker 414054416
131 131 4 Worker 912164238
132 132 4 Worker 205094667
133 133 4 Worker 870690892
134 134 4 Worker 292979524
135 135 4 Worker 838430424
136 136 4 Worker 912971591
137 137 4 Worker 132870529
138 138 4 Worker 176160597
139 139 4 Worker 46689591
140 140 4 Worker 981327784
141 141 4 Worker 245904080
142 142 4 Worker 772490012
143 143 4 Worker 199589164
144 144 4 Worker 445631767
145 145 4 Worker 341342402
146 146 4 Worker 507599888
147 147 4 Worker 122830707
148 148 4 Worker 994801707
149 149 4 Worker 557569863
150 150 4 Worker 286527354
151 151 4 Worker 81193498
152 152 4 Worker 416612726
153 153 4 Worker 787015915
154 154 4 Worker 883070360
155 155 4 Worker 63405695
156 156 4 Worker 411270881
157 157 4 Worker 328934543
158 158 4 Worker 733335653
159 159 4 Worker 314630096
160 160 4 Worker 695962617
161 161 4 Worker 210844788
162 162 4 Worker 510542970
163 163 4 Worker 746503409
164 164 4 Worker 293273235
165 165 4 Worker 295995090
166 166 4 Worker 496528787
167 167 4 Worker 819905461
168 168 4 Worker 216466176
169 169 4 Worker 11208961
170 170 4 Worker 155464747
171 171 4 Worker 551394108
172 172 4 Worker 463481280
173 173 4 Worker 133639507
174 174 4 Worker 956086823
175 175 4 Worker 596731844
176 176 4 Worker 187622566
177 177 4 Worker 119147229
178 178 4 Worker 661449510
179 179 4 Worker 525343307
180 180 4 Worker 369663852
181 181 4 Worker 1741931
182 182 4 Worker 721550108
183 183 4 Worker 242941564
184 184 4 Worker 3002121
185 185 4 Worker 864753297
186 186 4 Worker 124686181
187 187 4 Worker 683790676
188 188 4 Worker 35527202
189 189 4 Worker 877416494
190 190 4 Worker 862028838
191 191 4 Worker 476517568
192 192 4 Worker 295466386
193 193 4 Worker 189879145
194 194 4 Worker 879093523
195 195 4 Worker 201852381
196 196 4 Worker 590844261
197 197 4 Worker 219092250
198 198 4 Worker 998676071
199 199 4 Worker 63206492
200 200 4 Worker 605339436
201 201 4 Worker 725555858
202 202 4 Worker 452291260
203 203 4 Worker 319910253
204 204 4 Worker 685247429
205 205 4 Worker 994220574
206 206 4 Worker 523950207
207 207 4 Worker 353617672
208 208 4 Worker 850210746
209 209 4 Worker 28980571
210 210 4 Worker 680340636
211 211 4 Worker 217427138
212 212 4 Worker 383797978
213 213 4 Worker 38087948
214 214 4 Worker 918633399
215 215 4 Worker 565890604
216 216 4 Worker 430241980
217 217 4 Worker 594240411
218 218 4 Worker 454387072
219 219 4 Worker 106879888
220 220 4 Worker 596833088
221 221 4 Worker 714901573
222 222 4 Worker 20475676
223 223 4 Worker 324009357
224 224 4 Worker 37088052
225 225 4 Worker 26294666
226 226 4 Worker 291444406
227 227 4 Worker 674709807
228 228 4 Worker 55064859
229 229 4 Worker 221186458
230 230 4 Worker 646040010
231 231 4 Worker 649728777
232 232 4 Worker 885304078
233 233 4 Worker 919507663
234 234 4 Worker 353155650
235 235 4 Worker 370123161
236 236 4 Worker 140023242
237 237 4 Worker 681027124
238 238 4 Worker 368422834
239 239 4 Worker 973918558
240 240 4 Worker 66725822
241 241 4 Worker 409439798
242 242 4 Worker 638003477
243 243 4 Worker 236380968
244 244 4 Worker 35353053
245 245 4 Worker 486420699
246 246 4 Worker 924839932
247 247 4 Worker 968569294
248 248 4 Worker 636054126
249 249 4 Worker 251392318
250 250 4 Worker 346266633
251 251 4 Worker 502969290
252 252 4 Worker 785519438
253 253 4 Worker 22934673
254 254 4 Worker 202476770
255 255 4 Worker 494478247
