0 0 -1 Splicer 602142570
1 1 0 Worker 509925377
2 2 -1 PersistentDB 787756741
3 3 -1 InMemoryDB 600106141
4 4 -1 WorkManager 414507498
5 5 4 Worker 738581248
6 6 4 Worker 568566054
7 7 4 Worker 254101552
8 8 4 Worker 805645832
9 9 4 Worker 444859275
10 10 4 Worker 513968968
11 11 4 Worker 355888272
12 12 4 Worker 366657369
13 13 4 Worker 723309751
14 14 4 Worker 888577097
15 15 4 Worker 305789464
16 16 4 Worker 662154327
17 17 4 Worker 193591741
18 18 4 Worker 920133130
19 19 4 Worker 742018766
20 20 4 Worker 132943886
21 21 4 Worker 562678528
22 22 4 Worker 36995756
23 23 4 Worker 164603513
24 24 4 Worker 223385351
25 25 4 Worker 314274906
26 26 4 Worker 429011283
27 27 4 Worker 399243030
28 28 4 Worker 744793568
29 29 4 Worker 987379033
30 30 4 Worker 760640710
31 31 4 Worker 699284279
32 32 4 Worker 58550418
33 33 4 Worker 382873015
34 34 4 Worker 44306536
35 35 4 Worker 676284599
36 36 4 Worker 642677945
37 37 4 Worker 847214851
38 38 4 Worker 950910373
39 39 4 Worker 379374503
40 40 4 Worker 526698482
41 41 4 Worker 188768379
42 42 4 Worker 801804437
43 43 4 Worker 731017712
44 44 4 Worker 675860217
45 45 4 Worker 949293450
46 46 4 Worker 610877402
47 47 4 Worker 342949395
48 48 4 Worker 520504972
49 49 4 Worker 376150559
50 50 4 Worker 336506791
51 51 4 Worker 291418327
52 52 4 Worker 357458309
53 53 4 Worker 644412178
54 54 4 Worker 870923852
55 55 4 Worker 331843028
56 56 4 Worker 975630382
57 57 4 Worker 122134307
58 58 4 Worker 720879428
59 59 4 Worker 705679190
60 60 4 Worker 173851954
61 61 4 Worker 686741796
62 62 4 Worker 14295734
63 63 4 Worker 895236500
64 64 4 Worker 256646745
65 65 4 Worker 996201968
66 66 4 Worker 535290359
67 67 4 Worker 874038657
68 68 4 Worker 425876091
69 69 4 Worker 269046905
70 70 4 Worker 141339065
71 71 4 Worker 165594073
72 72 4 Worker 790434386
73 73 4 Worker 119596182
74 74 4 Worker 8120854
75 75 4 Worker 654216432
76 76 4 Worker 501979559
77 77 4 Worker 390443186
78 78 4 Worker 177788000
79 79 4 Worker 354897319
80 80 4 Worker 307810330
81 81 4 Worker 823167644
82 82 4 Worker 162433946
83 83 4 Worker 793217304
84 84 4 Worker 153930679
85 85 4 Worker 883497905
86 86 4 Worker 809777133
87 87 4 Worker 76684584
88 88 4 Worker 936131047
89 89 4 Worker 774632151
90 90 4 Worker 146371905
91 91 4 Worker 523767252
92 92 4 Worker 470665922
93 93 4 Worker 827963131
94 94 4 Worker 374901324
95 95 4 Worker 324280200
96 96 4 Worker 481229890
97 97 4 Worker 960542218
98 98 4 Worker 192374486
99 99 4 Worker 739480608
100 100 4 Worker 223858683
101 101 4 Worker 812008413
102 102 4 Worker 903412091
103 103 4 Worker 253071845
104 104 4 Worker 881592247
105 105 4 Worker 552197058
106 106 4 Worker 324395200
107 107 4 Worker 986702137
108 108 4 Worker 156970144
109 109 4 Worker 788535045
110 110 4 Worker 582228107
111 111 4 Worker 819045050
112 112 4 Worker 85570765
113 113 4 Worker 579201632
114 114 4 Worker 151048000
115 115 4 Worker 868496146
116 116 4 Worker 211914711
117 117 4 Worker 432051978
118 118 4 Worker 818092884
119 119 4 Worker 240901171
120 120 4 Worker 565267628
121 121 4 Worker 136635332
122 122 4 Worker 852691541
123 123 4 Worker 46571556
124 124 4 Worker 100195559
125 125 4 Worker 207946959
126 126 4 Worker 839687912
127 127 4 Worker 520940427
128 128 4 Worker 595306832
129 129 4 Worker 673791097
130 130 4 Worker 664384870
131 131 4 Worker 767372646
132 132 4 Worker 38843890
133 133 4 Worker 724018586
134 134 4 Worker 916693932
135 135 4 Worker 626144662
136 136 4 Worker 355792310
137 137 4 Worker 941795558
138 138 4 Worker 597716353
139 139 4 Worker 82481827
140 140 4 Worker 570968904
141 141 4 Worker 538811258
142 142 4 Worker 381160911
143 143 4 Worker 569605308
144 144 4 Worker 644504502
145 145 4 Worker 109526633
146 146 4 Worker 63648267
147 147 4 Worker 732456115
148 148 4 Worker 56613264
149 149 4 Worker 992938941
150 150 4 Worker 387890264
151 151 4 Worker 654233719
152 152 4 Worker 520693991
153 153 4 Worker 412424444
154 154 4 Worker 581126286
155 155 4 Worker 842625639
156 156 4 Worker 291992286
157 157 4 Worker 8196937
158 158 4 Worker 649035192
159 159 4 Worker 639654648
160 160 4 Worker 877470186
161 161 4 Worker 822578882
162 162 4 Worker 365623059
163 163 4 Worker 873648205
164 164 4 Worker 959014024
165 165 4 Worker 816899720
166 166 4 Worker 78308163
167 167 4 Worker 188125320
168 168 4 Worker 433262826
169 169 4 Worker 634004216
170 170 4 Worker 152636778
171 171 4 Worker 537219668
172 172 4 Worker 291233091
173 173 4 Worker 782403293
174 174 4 Worker 989950988
175 175 4 Worker 855195729
176 176 4 Worker 314001918
177 177 4 Worker 455898207
178 178 4 Worker 988137222
179 179 4 Worker 501287013
180 180 4 Worker 279294203
181 181 4 Worker 126449257
182 182 4 Worker 177394808
183 183 4 Worker 60857456
184 184 4 Worker 25754576
185 185 4 Worker 738002707
186 186 4 Worker 623780180
187 187 4 Worker 120263520
188 188 4 Worker 982272443
189 189 4 Worker 205015972
190 190 4 Worker 526130728
191 191 4 Worker 173425257
192 192 4 Worker 782637434
193 193 4 Worker 224164259
194 194 4 Worker 180362048
195 195 4 Worker 495833523
196 196 4 Worker 66798141
197 197 4 Worker 400050065
198 198 4 Worker 83114886
199 199 4 Worker 720207533
200 200 4 Worker 36983133
201 201 4 Worker 653941171
202 202 4 Worker 824364991
203 203 4 Worker 153573957
204 204 4 Worker 575462566
205 205 4 Worker 748070622
206 206 4 Worker 372561057
207 207 4 Worker 936737715
208 208 4 Worker 727266600
209 209 4 Worker 460091795
210 210 4 Worker 980042410
211 211 4 Worker 867094523
212 212 4 Worker 1489907
213 213 4 Worker 145983471
214 214 4 Worker 283271253
215 215 4 Worker 575372840
216 216 4 Worker 958498694
217 217 4 Worker 197955828
218 218 4 Worker 295320688
219 219 4 Worker 919922308
220 220 4 Worker 691554722
221 221 4 Worker 235684001
222 222 4 Worker 336296894
223 223 4 Worker 266318885
224 224 4 Worker 457970285
225 225 4 Worker 831109779
226 226 4 Worker 315891641
227 227 4 Worker 336231623
228 228 4 Worker 317840574
229 229 4 Worker 879280152
230 230 4 Worker 562239479
231 231 4 Worker 436154471
232 232 4 Worker 436899335
233 233 4 Worker 497992140
234 234 4 Worker 194554567
235 235 4 Worker 262671151
236 236 4 Worker 875821834
237 237 4 Worker 248410099
238 238 4 Worker 14530539
239 239 4 Worker 219745523
240 240 4 Worker 607943552
241 241 4 Worker 690196889
242 242 4 Worker 922116976
243 243 4 Worker 135854047
244 244 4 Worker 76566017
245 245 4 Worker 92943739
246 246 4 Worker 361449590
247 247 4 Worker 384508003
248 248 4 Worker 537850310
249 249 4 Worker 886499713
250 250 4 Worker 325334326
251 251 4 Worker 756707925
252 252 4 Worker 372735792
253 253 4 Worker 493982602
254 254 4 Worker 855218032
255 255 4 Worker 345093515
