0 0 -1 Splicer 175852036
1 1 0 Worker 466772880
2 2 -1 PersistentDB 487093454
3 3 -1 InMemoryDB 144740912
4 4 -1 WorkManager 686297433
5 5 4 Worker 990548559
6 6 4 Worker 200201210
7 7 4 Worker 164102913
8 8 4 Worker 751316936
9 9 4 Worker 801322094
10 10 4 Worker 139911623
11 11 4 Worker 952939163
12 12 4 Worker 368732657
13 13 4 Worker 63618408
14 14 4 Worker 706843634
15 15 4 Worker 243567233
16 16 4 Worker 570835824
17 17 4 Worker 115034101
18 18 4 Worker 626310711
19 19 4 Worker 792308338
20 20 4 Worker 610759072
21 21 4 Worker 731482960
22 22 4 Worker 333982118
23 23 4 Worker 196690080
24 24 4 Worker 10320585
25 25 4 Worker 649567322
26 26 4 Worker 506841345
27 27 4 Worker 573732450
28 28 4 Worker 409393255
29 29 4 Worker 372131280
30 30 4 Worker 823994418
31 31 4 Worker 266639764
32 32 4 Worker 200885860
33 33 4 Worker 494287893
34 34 4 Worker 764017598
35 35 4 Worker 519036509
36 36 4 Worker 149647787
37 37 4 Worker 629117577
38 38 4 Worker 508464419
39 39 4 Worker 356087833
40 40 4 Worker 609774918
41 41 4 Worker 679177822
42 42 4 Worker 247542152
43 43 4 Worker 308374336
44 44 4 Worker 718861918
45 45 4 Worker 710633445
46 46 4 Worker 750207858
47 47 4 Worker 312190574
48 48 4 Worker 930029610
49 49 4 Worker 187126714
50 50 4 Worker 432681207
51 51 4 Worker 550584446
52 52 4 Worker 580977363
53 53 4 Worker 285427918
54 54 4 Worker 816704610
55 55 4 Worker 841083334
56 56 4 Worker 175502666
57 57 4 Worker 85185202
58 58 4 Worker 725069609
59 59 4 Worker 280721743
60 60 4 Worker 669334139
61 61 4 Worker 634189215
62 62 4 Worker 433081308
63 63 4 Worker 395425537
64 64 4 Worker 971255135
65 65 4 Worker 82394384
66 66 4 Worker 746593190
67 67 4 Worker 226036930
68 68 4 Worker 173553044
69 69 4 Worker 537641493
70 70 4 Worker 111860962
71 71 4 Worker 238049595
72 72 4 Worker 889837746
73 73 4 Worker 191014070
74 74 4 Worker 788141851
75 75 4 Worker 804433856
76 76 4 Worker 716148392
77 77 4 Worker 376678480
78 78 4 Worker 920150146
79 79 4 Worker 903562468
80 80 4 Worker 362602652
81 81 4 Worker 459962087
82 82 4 Worker 150801576
83 83 4 Worker 373012747
84 84 4 Worker 878282275
85 85 4 Worker 744844717
86 86 4 Worker 215278098
87 87 4 Worker 740007489
88 88 4 Worker 679355503
89 89 4 Worker 839401324
90 90 4 Worker 894069836
91 91 4 Worker 50074126
92 92 4 Worker 658000640
93 93 4 Worker 829769916
94 94 4 Worker 105669856
95 95 4 Worker 990789197
96 96 4 Worker 914710137
97 97 4 Worker 714511078
98 98 4 Worker 226594653
99 99 4 Worker 181200259
100 100 4 Worker 890853094
101 101 4 Worker 700796771
102 102 4 Worker 134550131
103 103 4 Worker 841645535
104 104 4 Worker 374393632
105 105 4 Worker 42647932
106 106 4 Worker 273433257
107 107 4 Worker 455962917
108 108 4 Worker 505968173
109 109 4 Worker 792728103
110 110 4 Worker 770752138
111 111 4 Worker 154706899
112 112 4 Worker 942805724
113 113 4 Worker 750951898
114 114 4 Worker 411770738
115 115 4 Worker 466685218
116 116 4 Worker 633542119
117 117 4 Worker 933719139
118 118 4 Worker 385806401
119 119 4 Worker 560479845
120 120 4 Worker 825169499
121 121 4 Worker 989155347
122 122 4 Worker 376468777
123 123 4 Worker 245021616
124 124 4 Worker 628119331
125 125 4 Worker 814252884
126 126 4 Worker 424367257
127 127 4 Worker 802678649
128 128 4 Worker 350327229
129 129 4 Worker 211521318
130 130 4 Worker 67009633
131 131 4 Worker 546302861
132 132 4 Worker 188117556
133 133 4 Worker 128764950
134 134 4 Worker 850176202
135 135 4 Worker 753565255
136 136 4 Worker 251040423
137 137 4 Worker 469446466
138 138 4 Worker 924703072
139 139 4 Worker 57063339
140 140 4 Worker 479394725
141 141 4 Worker 309728651
142 142 4 Worker 20365961
143 143 4 Worker 980130232
144 144 4 Worker 185407476
145 145 4 Worker 606182122
146 146 4 Worker 356526209
147 147 4 Worker 156902229
148 148 4 Worker 821696258
149 149 4 Worker 628152893
150 150 4 Worker 220530848
151 151 4 Worker 923971922
152 152 4 Worker 888547189
153 153 4 Worker 983981742
154 154 4 Worker 82233252
155 155 4 Worker 157350318
156 156 4 Worker 332881416
157 157 4 Worker 889697793
158 158 4 Worker 56896163
159 159 4 Worker 523818016
160 160 4 Worker 1797824
161 161 4 Worker 679355864
162 162 4 Worker 615480150
163 163 4 Worker 939309617
164 164 4 Worker 38821875
165 165 4 Worker 543169563
166 166 4 Worker 890006083
167 167 4 Worker 515900834
168 168 4 Worker 881313974
169 169 4 Worker 68584785
170 170 4 Worker 364823082
171 171 4 Worker 899040986
172 172 4 Worker 890303507
173 173 4 Worker 826711270
174 174 4 Worker 823748343
175 175 4 Worker 845603774
176 176 4 Worker 781043186
177 177 4 Worker 115321271
178 178 4 Worker 885675615
179 179 4 Worker 167597699
180 180 4 Worker 204901196
181 181 4 Worker 272694676
182 182 4 Worker 329697269
183 183 4 Worker 464632089
184 184 4 Worker 919478862
185 185 4 Worker 225990749
186 186 4 Worker 936186614
187 187 4 Worker 601767566
188 188 4 Worker 525329853
189 189 4 Worker 243523738
190 190 4 Worker 475391893
191 191 4 Worker 706446355
192 192 4 Worker 174849098
193 193 4 Worker 400224634
194 194 4 Worker 976934525
195 195 4 Worker 311088495
196 196 4 Worker 808860153
197 197 4 Worker 796229894
198 198 4 Worker 552556069
199 199 4 Worker 895212936
200 200 4 Worker 795211508
201 201 4 Worker 427283680
202 202 4 Worker 301661676
203 203 4 Worker 568469351
204 204 4 Worker 383692815
205 205 4 Worker 64998921
206 206 4 Worker 590004689
207 207 4 Worker 228189277
208 208 4 Worker 210526595
209 209 4 Worker 261305557
210 210 4 Worker 662685547
211 211 4 Worker 590789868
212 212 4 Worker 761714830
213 213 4 Worker 648363700
214 214 4 Worker 994865349
215 215 4 Worker 351671057
216 216 4 Worker 781539472
217 217 4 Worker 609851005
218 218 4 Worker 856042591
219 219 4 Worker 830839749
220 220 4 Worker 365991847
221 221 4 Worker 845880279
222 222 4 Worker 263918460
223 223 4 Worker 687366059
224 224 4 Worker 198737213
225 225 4 Worker 890284212
226 226 4 Worker 940423542
227 227 4 Worker 541675840
228 228 4 Worker 988242098
229 229 4 Worker 72493779
230 230 4 Worker 106811963
231 231 4 Worker 775334982
232 232 4 Worker 458613232
233 233 4 Worker 840181848
234 234 4 Worker 86413213
235 235 4 Worker 251882263
236 236 4 Worker 685281711
237 237 4 Worker 567696579
238 238 4 Worker 901708724
239 239 4 Worker 25805708
240 240 4 Worker 174897084
241 241 4 Worker 652261543
242 242 4 Worker 779639689
243 243 4 Worker 191049680
244 244 4 Worker 300287084
245 245 4 Worker 177324672
246 246 4 Worker 6505293
247 247 4 Worker 434283467
248 248 4 Worker 457806927
249 249 4 Worker 98122515
250 250 4 Worker 985398946
251 251 4 Worker 265291583
252 252 4 Worker 800547232
253 253 4 Worker 170287202
254 254 4 Worker 721291587
255 255 4 Worker 733475817
