0 0 -1 Splicer 236572881
1 1 0 Worker 114803800
2 2 -1 PersistentDB 422508031
3 3 -1 InMemoryDB 632866786
4 4 -1 WorkManager 602096204
5 5 4 Worker 375540536
6 6 4 Worker 933596336
7 7 4 Worker 944455686
8 8 4 Worker 981553189
9 9 4 Worker 372402487
10 10 4 Worker 149230414
11 11 4 Worker 194376264
12 12 4 Worker 393637013
13 13 4 Worker 584208258
14 14 4 Worker 150144303
15 15 4 Worker 306595906
16 16 4 Worker 336737246
17 17 4 Worker 736313507
18 18 4 Worker 842777254
19 19 4 Worker 84591900
20 20 4 Worker 446749754
21 21 4 Worker 160405926
22 22 4 Worker 771288095
23 23 4 Worker 123289523
24 24 4 Worker 582220293
25 25 4 Worker 733639002
26 26 4 Worker 991706686
27 27 4 Worker 171668250
28 28 4 Worker 179585007
29 29 4 Worker 114019210
30 30 4 Worker 835580377
31 31 4 Worker 170045145
32 32 4 Worker 458489657
33 33 4 Worker 635151703
34 34 4 Worker 638030868
35 35 4 Worker 106069255
36 36 4 Worker 432407699
37 37 4 Worker 248605164
38 38 4 Worker 187093234
39 39 4 Worker 711356812
40 40 4 Worker 477544202
41 41 4 Worker 121335208
42 42 4 Worker 327851773
43 43 4 Worker 918540843
44 44 4 Worker 538531487
45 45 4 Worker 782816154
46 46 4 Worker 407761223
47 47 4 Worker 116681101
48 48 4 Worker 616298148
49 49 4 Worker 722143627
50 50 4 Worker 373983784
51 51 4 Worker 564213215
52 52 4 Worker 806512818
53 53 4 Worker 602761941
54 54 4 Worker 56566660
55 55 4 Worker 707377947
56 56 4 Worker 550190611
57 57 4 Worker 358580599
58 58 4 Worker 572408972
59 59 4 Worker 184348535
60 60 4 Worker 806952863
61 61 4 Worker 976810985
62 62 4 Worker 221796484
63 63 4 Worker 493038828
64 64 4 Worker 378554805
65 65 4 Worker 386971552
66 66 4 Worker 475598668
67 67 4 Worker 143182963
68 68 4 Worker 964166199
69 69 4 Worker 412526881
70 70 4 Worker 238576780
71 71 4 Worker 845834481
72 72 4 Worker 677061630
73 73 4 Worker 917253326
74 74 4 Worker 829666553
75 75 4 Worker 948874298
76 76 4 Worker 912214246
77 77 4 Worker 409965673
78 78 4 Worker 976811253
79 79 4 Worker 870101207
80 80 4 Worker 944565673
81 81 4 Worker 651308650
82 82 4 Worker 604544456
83 83 4 Worker 263916171
84 84 4 Worker 974597908
85 85 4 Worker 566275834
86 86 4 Worker 460192484
87 87 4 Worker 543509557
88 88 4 Worker 806440662
89 89 4 Worker 993667035
90 90 4 Worker 729303674
91 91 4 Worker 921309842
92 92 4 Worker 715940009
93 93 4 Worker 445433522
94 94 4 Worker 772891156
95 95 4 Worker 545788399
96 96 4 Worker 171624150
97 97 4 Worker 807667689
98 98 4 Worker 411560475
99 99 4 Worker 825943006
100 100 4 Worker 548529003
101 101 4 Worker 421749543
102 102 4 Worker 992083687
103 103 4 Worker 158927716
104 104 4 Worker 72244038
105 105 4 Worker 471247117
106 106 4 Worker 287812568
107 107 4 Worker 897571274
108 108 4 Worker 152145996
109 109 4 Worker 598989296
110 110 4 Worker 845546710
111 111 4 Worker 557957374
112 112 4 Worker 62272678
113 113 4 Worker 359250088
114 114 4 Worker 144301333
115 115 4 Worker 753179923
116 116 4 Worker 596654781
117 117 4 Worker 692287402
118 118 4 Worker 380252597
119 119 4 Worker 206369120
120 120 4 Worker 193973030
121 121 4 Worker 474957105
122 122 4 Worker 397915019
123 123 4 Worker 2190920
124 124 4 Worker 761931690
125 125 4 Worker 693018751
126 126 4 Worker 609996971
127 127 4 Worker 722706899
128 128 4 Worker 938989618
129 129 4 Worker 601350543
130 130 4 Worker 15389130
131 131 4 Worker 730706031
132 132 4 Worker 978381749
133 133 4 Worker 832717910
134 134 4 Worker 795448217
135 135 4 Worker 1583397
136 136 4 Worker 542654046
137 137 4 Worker 721033464
138 138 4 Worker 360946416
139 139 4 Worker 218943100
140 140 4 Worker 335197065
141 141 4 Worker 663125211
142 142 4 Worker 449114738
143 143 4 Worker 311145880
144 144 4 Worker 698476412
145 145 4 Worker 643186766
146 146 4 Worker 415468509
147 147 4 Worker 184043793
148 148 4 Worker 497518621
149 149 4 Worker 140652045
150 150 4 Worker 980463650
151 151 4 Worker 33735463
152 152 4 Worker 173390068
153 153 4 Worker 868290109
154 154 4 Worker 681595614
155 155 4 Worker 96968700
156 156 4 Worker 762621814
157 157 4 Worker 26104558
158 158 4 Worker 594036074
159 159 4 Worker 747343456
160 160 4 Worker 112582319
161 161 4 Worker 804690539
162 162 4 Worker 142180707
163 163 4 Worker 141837267
164 164 4 Worker 297793509
165 165 4 Worker 218356412
166 166 4 Worker 784010259
167 167 4 Worker 813975855
168 168 4 Worker 580198811
169 169 4 Worker 28480751
170 170 4 Worker 225511849
171 171 4 Worker 867631124
172 172 4 Worker 671232445
173 173 4 Worker 632919521
174 174 4 Worker 216241207
175 175 4 Worker 838025339
176 176 4 Worker 910253376
177 177 4 Worker 674276217
178 178 4 Worker 568802989
179 179 4 Worker 804245769
180 180 4 Worker 930808759
181 181 4 Worker 717924270
182 182 4 Worker 754459452
183 183 4 Worker 197066377
184 184 4 Worker 432924455
185 185 4 Worker 746753741
186 186 4 Worker 222581694
187 187 4 Worker 33283738
188 188 4 Worker 586644925
189 189 4 Worker 963159708
190 190 4 Worker 663238053
191 191 4 Worker 498238699
192 192 4 Worker 832519624
193 193 4 Worker 143748545
194 194 4 Worker 766269178
195 195 4 Worker 943262964
196 196 4 Worker 642465000
197 197 4 Worker 279489573
198 198 4 Worker 204315997
199 199 4 Worker 371707950
200 200 4 Worker 965526904
201 201 4 Worker 510507780
202 202 4 Worker 657600754
203 203 4 Worker 277353961
204 204 4 Worker 421745887
205 205 4 Worker 272246561
206 206 4 Worker 233543638
207 207 4 Worker 979228290
208 208 4 Worker 500260298
209 209 4 Worker 733280989
210 210 4 Worker 253345840
211 211 4 Worker 945031352
212 212 4 Worker 489278493
213 213 4 Worker 374294262
214 214 4 Worker 633101842
215 215 4 Worker 345700507
216 216 4 Worker 712799782
217 217 4 Worker 110618940
218 218 4 Worker 19366334
219 219 4 Worker 462831719
220 220 4 Worker 466956728
221 221 4 Worker 892416282
222 222 4 Worker 385358806
223 223 4 Worker 698268790
224 224 4 Worker 958859029
225 225 4 Worker 855867912
226 226 4 Worker 932874784
227 227 4 Worker 851785765
228 228 4 Worker 202282973
229 229 4 Worker 242800352
230 230 4 Worker 760193231
231 231 4 Worker 358088915
232 232 4 Worker 60177254
233 233 4 Worker 534302850
234 234 4 Worker 772604996
235 235 4 Worker 363890917
236 236 4 Worker 545566317
237 237 4 Worker 767025512
238 238 4 Worker 725134811
239 239 4 Worker 487648405
240 240 4 Worker 570055310
241 241 4 Worker 905334287
242 242 4 Worker 334924890
243 243 4 Worker 917063874
244 244 4 Worker 175128169
245 245 4 Worker 314475408
246 246 4 Worker 596971843
247 247 4 Worker 429728209
248 248 4 Worker 555982079
249 249 4 Worker 553691475
250 250 4 Worker 880704764
251 251 4 Worker 496579364
252 252 4 Worker 573810651
253 253 4 Worker 287850921
254 254 4 Worker 77556191
255 255 4 Worker 711962409
