0 0 -1 Splicer 710451619
1 1 0 Worker 100711449
2 2 -1 PersistentDB 69439800
3 3 -1 InMemoryDB 522765978
4 4 -1 WorkManager 861798700
5 5 4 Worker 450909894
6 6 4 Worker 237376394
7 7 4 Worker 489945648
8 8 4 Worker 24483506
9 9 4 Worker 41584699
10 10 4 Worker 432751487
11 11 4 Worker 208312557
12 12 4 Worker 561127726
13 13 4 Worker 869507697
14 14 4 Worker 509618533
15 15 4 Worker 992261242
16 16 4 Worker 104600931
17 17 4 Worker 814342393
18 18 4 Worker 108389453
19 19 4 Worker 872571063
20 20 4 Worker 218148219
21 21 4 Worker 216993436
22 22 4 Worker 44534480
23 23 4 Worker 997058589
24 24 4 Worker 869948110
25 25 4 Worker 686047145
26 26 4 Worker 634842842
27 27 4 Worker 550008532
28 28 4 Worker 68242657
29 29 4 Worker 533621641
30 30 4 Worker 306685981
31 31 4 Worker 88535862
