0 0 -1 Splicer 598745992
1 1 0 Worker 314503
2 2 -1 PersistentDB 278161140
3 3 -1 InMemoryDB 133159060
4 4 -1 WorkManager 494001580
5 5 4 Worker 173567584
6 6 4 Worker 716589492
7 7 4 Worker 868830104
8 8 4 Worker 17250528
9 9 4 Worker 383166037
10 10 4 Worker 241241364
11 11 4 Worker 171642174
12 12 4 Worker 472018824
13 13 4 Worker 472082000
14 14 4 Worker 389069966
15 15 4 Worker 633768337
16 16 4 Worker 387197790
17 17 4 Worker 529397020
18 18 4 Worker 762840452
19 19 4 Worker 160958936
20 20 4 Worker 293236601
21 21 4 Worker 734132161
22 22 4 Worker 385101987
23 23 4 Worker 864917349
24 24 4 Worker 874549044
25 25 4 Worker 743930709
26 26 4 Worker 96682360
27 27 4 Worker 212139771
28 28 4 Worker 355925799
29 29 4 Worker 891004224
30 30 4 Worker 239371732
31 31 4 Worker 362779148
32 32 4 Worker 269121580
33 33 4 Worker 710619098
34 34 4 Worker 91185153
35 35 4 Worker 300892904
36 36 4 Worker 708167434
37 37 4 Worker 469438552
38 38 4 Worker 860117991
39 39 4 Worker 34583376
40 40 4 Worker 990717865
41 41 4 Worker 604503279
42 42 4 Worker 498971165
43 43 4 Worker 316095236
44 44 4 Worker 902545243
45 45 4 Worker 161167130
46 46 4 Worker 396160526
47 47 4 Worker 841862132
48 48 4 Worker 896719889
49 49 4 Worker 497116216
50 50 4 Worker 554160532
51 51 4 Worker 580592328
52 52 4 Worker 766113544
53 53 4 Worker 64577854
54 54 4 Worker 267140293
55 55 4 Worker 374444184
56 56 4 Worker 705266013
57 57 4 Worker 122507066
58 58 4 Worker 445770486
59 59 4 Worker 941163668
60 60 4 Worker 400012854
61 61 4 Worker 130402617
62 62 4 Worker 580837810
63 63 4 Worker 621176218
64 64 4 Worker 709518228
65 65 4 Worker 239239705
66 66 4 Worker 436602918
67 67 4 Worker 748193502
68 68 4 Worker 302059070
69 69 4 Worker 597154100
70 70 4 Worker 683817202
71 71 4 Worker 388794222
72 72 4 Worker 185825754
73 73 4 Worker 342928810
74 74 4 Worker 39049282
75 75 4 Worker 103495278
76 76 4 Worker 237368823
77 77 4 Worker 41872174
78 78 4 Worker 288802685
79 79 4 Worker 561036291
80 80 4 Worker 516866069
81 81 4 Worker 566294223
82 82 4 Worker 153987517
83 83 4 Worker 960088136
84 84 4 Worker 40493747
85 85 4 Worker 45904730
86 86 4 Worker 368496081
87 87 4 Worker 439107456
88 88 4 Worker 169709893
89 89 4 Worker 722135381
90 90 4 Worker 46901828
91 91 4 Worker 546934960
92 92 4 Worker 687303682
93 93 4 Worker 972808139
94 94 4 Worker 354283243
95 95 4 Worker 78941848
96 96 4 Worker 481288491
97 97 4 Worker 564100541
98 98 4 Worker 595198631
99 99 4 Worker 786260981
100 100 4 Worker 561035467
101 101 4 Worker 235304220
102 102 4 Worker 863611816
103 103 4 Worker 699960307
104 104 4 Worker 639002098
105 105 4 Worker 192272010
106 106 4 Worker 836497783
107 107 4 Worker 223664502
108 108 4 Worker 85171472
109 109 4 Worker 407579443
110 110 4 Worker 607622681
111 111 4 Worker 143685090
112 112 4 Worker 682884704
113 113 4 Worker 463104258
114 114 4 Worker 948873509
115 115 4 Worker 883846227
116 116 4 Worker 719419387
117 117 4 Worker 945462634
118 118 4 Worker 640657527
119 119 4 Worker 763561951
120 120 4 Worker 483037091
121 121 4 Worker 894529935
122 122 4 Worker 5645136
123 123 4 Worker 347347759
124 124 4 Worker 134216635
125 125 4 Worker 228511704
126 126 4 Worker 896933497
127 127 4 Worker 378662723
128 128 4 Worker 636906241
129 129 4 Worker 840959578
130 130 4 Worker 763014708
131 131 4 Worker 808877916
132 132 4 Worker 514498205
133 133 4 Worker 572609141
134 134 4 Worker 303358655
135 135 4 Worker 409482034
136 136 4 Worker 41958777
137 137 4 Worker 542400193
138 138 4 Worker 622500806
139 139 4 Worker 575674527
140 140 4 Worker 147045057
141 141 4 Worker 223709441
142 142 4 Worker 12433021
143 143 4 Worker 372148529
144 144 4 Worker 702350517
145 145 4 Worker 488670901
146 146 4 Worker 410299331
147 147 4 Worker 863647676
148 148 4 Worker 471553091
149 149 4 Worker 605618991
150 150 4 Worker 489230396
151 151 4 Worker 59998079
152 152 4 Worker 873672657
153 153 4 Worker 910594366
154 154 4 Worker 45445388
155 155 4 Worker 64533911
156 156 4 Worker 710786038
157 157 4 Worker 636103746
158 158 4 Worker 703658732
159 159 4 Worker 306327919
160 160 4 Worker 495989263
161 161 4 Worker 436186378
162 162 4 Worker 695889406
163 163 4 Worker 264672444
164 164 4 Worker 195992032
165 165 4 Worker 755736624
166 166 4 Worker 722939888
167 167 4 Worker 545240690
168 168 4 Worker 956212858
169 169 4 Worker 632087142
170 170 4 Worker 299843467
171 171 4 Worker 277878226
172 172 4 Worker 251985152
173 173 4 Worker 903913357
174 174 4 Worker 386733901
175 175 4 Worker 87098073
176 176 4 Worker 403864092
177 177 4 Worker 324729335
178 178 4 Worker 388648232
179 179 4 Worker 789165257
180 180 4 Worker 614617282
181 181 4 Worker 518925122
182 182 4 Worker 878391170
183 183 4 Worker 865165204
184 184 4 Worker 972400678
185 185 4 Worker 700940394
186 186 4 Worker 752156359
187 187 4 Worker 230656637
188 188 4 Worker 188449667
189 189 4 Worker 770330657
190 190 4 Worker 586159298
191 191 4 Worker 485035215
192 192 4 Worker 572477421
193 193 4 Worker 23971911
194 194 4 Worker 593789132
195 195 4 Worker 101579620
196 196 4 Worker 832826726
197 197 4 Worker 82880284
198 198 4 Worker 282022706
199 199 4 Worker 418747666
200 200 4 Worker 827864085
201 201 4 Worker 337483222
202 202 4 Worker 65024784
203 203 4 Worker 674892909
204 204 4 Worker 791181786
205 205 4 Worker 992946401
206 206 4 Worker 314209292
207 207 4 Worker 492238934
208 208 4 Worker 579058959
209 209 4 Worker 906003144
210 210 4 Worker 3425146
211 211 4 Worker 974275697
212 212 4 Worker 636945212
213 213 4 Worker 443129302
214 214 4 Worker 896969427
215 215 4 Worker 940655225
216 216 4 Worker 603659296
217 217 4 Worker 257043504
218 218 4 Worker 690673036
219 219 4 Worker 499767655
220 220 4 Worker 746925637
221 221 4 Worker 583197928
222 222 4 Worker 27699264
223 223 4 Worker 952913299
224 224 4 Worker 276855212
225 225 4 Worker 752133823
226 226 4 Worker 944185979
227 227 4 Worker 171510497
228 228 4 Worker 806165636
229 229 4 Worker 133129849
230 230 4 Worker 718494789
231 231 4 Worker 201674312
232 232 4 Worker 663321491
233 233 4 Worker 168791781
234 234 4 Worker 879706262
235 235 4 Worker 233289712
236 236 4 Worker 470992300
237 237 4 Worker 711826901
238 238 4 Worker 93892026
239 239 4 Worker 597082499
240 240 4 Worker 683137570
241 241 4 Worker 778540129
242 242 4 Worker 397420136
243 243 4 Worker 23065946
244 244 4 Worker 168373911
245 245 4 Worker 718863347
246 246 4 Worker 103849305
247 247 4 Worker 425838526
248 248 4 Worker 967719762
249 249 4 Worker 617593909
250 250 4 Worker 23802729
251 251 4 Worker 557593611
252 252 4 Worker 692834940
253 253 4 Worker 221489874
254 254 4 Worker 592915774
255 255 4 Worker 51268992
