0 0 -1 Splicer 168123434
1 1 0 Worker 419081303
2 2 -1 PersistentDB 26456860
3 3 -1 InMemoryDB 741684408
4 4 -1 WorkManager 142841368
5 5 4 Worker 25770018
6 6 4 Worker 440635104
7 7 4 Worker 891711009
8 8 4 Worker 94726192
9 9 4 Worker 696861964
10 10 4 Worker 274916985
11 11 4 Worker 945925845
12 12 4 Worker 20323003
13 13 4 Worker 922091889
14 14 4 Worker 80142715
15 15 4 Worker 253722142
16 16 4 Worker 97138192
17 17 4 Worker 884085658
18 18 4 Worker 786390122
19 19 4 Worker 764723620
20 20 4 Worker 421833684
21 21 4 Worker 474598309
22 22 4 Worker 267439655
23 23 4 Worker 599437175
24 24 4 Worker 707475265
25 25 4 Worker 489675494
26 26 4 Worker 598795200
27 27 4 Worker 957533675
28 28 4 Worker 923758669
29 29 4 Worker 440374497
30 30 4 Worker 336884296
31 31 4 Worker 243003150
