0 0 -1 Splicer 560478991
1 1 0 Worker 542095262
2 2 -1 PersistentDB 935650224
3 3 -1 InMemoryDB 264591876
4 4 -1 WorkManager 51155209
5 5 4 Worker 424269812
6 6 4 Worker 643789917
7 7 4 Worker 863723052
8 8 4 Worker 139488527
9 9 4 Worker 895041120
10 10 4 Worker 870899803
11 11 4 Worker 482754424
12 12 4 Worker 369647324
13 13 4 Worker 565659849
14 14 4 Worker 393056300
15 15 4 Worker 818323398
16 16 4 Worker 256082766
17 17 4 Worker 967321033
18 18 4 Worker 488366991
19 19 4 Worker 230777206
20 20 4 Worker 882260029
21 21 4 Worker 342652002
22 22 4 Worker 866418772
23 23 4 Worker 812109474
24 24 4 Worker 863371297
25 25 4 Worker 528186101
26 26 4 Worker 488511799
27 27 4 Worker 512179105
28 28 4 Worker 613562371
29 29 4 Worker 556215767
30 30 4 Worker 87031453
31 31 4 Worker 160532684
32 32 4 Worker 59883091
33 33 4 Worker 6591376
34 34 4 Worker 844280084
35 35 4 Worker 142598170
36 36 4 Worker 192710584
37 37 4 Worker 41674718
38 38 4 Worker 261258783
39 39 4 Worker 115173258
40 40 4 Worker 793442400
41 41 4 Worker 103604536
42 42 4 Worker 934811132
43 43 4 Worker 450791250
44 44 4 Worker 621923909
45 45 4 Worker 826845398
46 46 4 Worker 163808630
47 47 4 Worker 578045322
48 48 4 Worker 30462024
49 49 4 Worker 127443782
50 50 4 Worker 810673912
51 51 4 Worker 82176408
52 52 4 Worker 704755055
53 53 4 Worker 678674628
54 54 4 Worker 221391432
55 55 4 Worker 262730168
56 56 4 Worker 46657830
57 57 4 Worker 277535372
58 58 4 Worker 65050448
59 59 4 Worker 355865336
60 60 4 Worker 188900459
61 61 4 Worker 810213089
62 62 4 Worker 787295030
63 63 4 Worker 917489581
64 64 4 Worker 787722770
65 65 4 Worker 29140957
66 66 4 Worker 238461268
67 67 4 Worker 403006652
68 68 4 Worker 597417986
69 69 4 Worker 612154033
70 70 4 Worker 260582570
71 71 4 Worker 14621119
72 72 4 Worker 635957470
73 73 4 Worker 159900038
74 74 4 Worker 606655073
75 75 4 Worker 374165311
76 76 4 Worker 508819802
77 77 4 Worker 668644015
78 78 4 Worker 217973202
79 79 4 Worker 554428549
80 80 4 Worker 40612235
81 81 4 Worker 327777250
82 82 4 Worker 544804851
83 83 4 Worker 838086055
84 84 4 Worker 383689657
85 85 4 Worker 70382984
86 86 4 Worker 501926374
87 87 4 Worker 187727420
88 88 4 Worker 970794198
89 89 4 Worker 301944182
90 90 4 Worker 581231312
91 91 4 Worker 343105063
92 92 4 Worker 668764424
93 93 4 Worker 31472613
94 94 4 Worker 767747138
95 95 4 Worker 710656645
96 96 4 Worker 991212705
97 97 4 Worker 846553050
98 98 4 Worker 203430371
99 99 4 Worker 625224720
100 100 4 Worker 684902491
101 101 4 Worker 482822061
102 102 4 Worker 624861035
103 103 4 Worker 715888670
104 104 4 Worker 309186060
105 105 4 Worker 453001871
106 106 4 Worker 105463384
107 107 4 Worker 198654471
108 108 4 Worker 982734990
109 109 4 Worker 525875443
110 110 4 Worker 317597823
111 111 4 Worker 534704896
112 112 4 Worker 917349578
113 113 4 Worker 922634673
114 114 4 Worker 461136242
115 115 4 Worker 391728352
116 116 4 Worker 866019848
117 117 4 Worker 203460279
118 118 4 Worker 326565253
119 119 4 Worker 839275327
120 120 4 Worker 151748985
121 121 4 Worker 266562834
122 122 4 Worker 163434903
123 123 4 Worker 738620068
124 124 4 Worker 419588973
125 125 4 Worker 801266295
126 126 4 Worker 154116454
127 127 4 Worker 635482013
128 128 4 Worker 801242100
129 129 4 Worker 207700899
130 130 4 Worker 475113783
131 131 4 Worker 778907787
132 132 4 Worker 477715544
133 133 4 Worker 595782183
134 134 4 Worker 217646216
135 135 4 Worker 965599883
136 136 4 Worker 226336642
137 137 4 Worker 183390083
138 138 4 Worker 640545937
139 139 4 Worker 232529732
140 140 4 Worker 427684149
141 141 4 Worker 510417938
142 142 4 Worker 26508700
143 143 4 Worker 502761523
144 144 4 Worker 343472751
145 145 4 Worker 486955568
146 146 4 Worker 595925941
147 147 4 Worker 94566171
148 148 4 Worker 507521756
149 149 4 Worker 734611422
150 150 4 Worker 777422705
151 151 4 Worker 566408424
152 152 4 Worker 433443474
153 153 4 Worker 241405537
154 154 4 Worker 317434620
155 155 4 Worker 138065190
156 156 4 Worker 941661593
157 157 4 Worker 201554272
158 158 4 Worker 500474677
159 159 4 Worker 298115602
160 160 4 Worker 637987550
161 161 4 Worker 582721594
162 162 4 Worker 777640636
163 163 4 Worker 319412974
164 164 4 Worker 894256148
165 165 4 Worker 588185815
166 166 4 Worker 324827121
167 167 4 Worker 817796621
168 168 4 Worker 587456781
169 169 4 Worker 425747113
170 170 4 Worker 283912696
171 171 4 Worker 698501898
172 172 4 Worker 315174853
173 173 4 Worker 640228846
174 174 4 Worker 107361210
175 175 4 Worker 573347357
176 176 4 Worker 612629874
177 177 4 Worker 777237680
178 178 4 Worker 878427123
179 179 4 Worker 396517384
180 180 4 Worker 426078368
181 181 4 Worker 415785109
182 182 4 Worker 905158223
183 183 4 Worker 68624182
184 184 4 Worker 641664269
185 185 4 Worker 931286358
186 186 4 Worker 980982798
187 187 4 Worker 739524089
188 188 4 Worker 451525827
189 189 4 Worker 418221039
190 190 4 Worker 73867914
191 191 4 Worker 91882432
192 192 4 Worker 838426443
193 193 4 Worker 859723922
194 194 4 Worker 947939479
195 195 4 Worker 568801735
196 196 4 Worker 631920971
197 197 4 Worker 554957415
198 198 4 Worker 669408047
199 199 4 Worker 995683716
200 200 4 Worker 489642643
201 201 4 Worker 839770391
202 202 4 Worker 711535783
203 203 4 Worker 2182432
204 204 4 Worker 212664075
205 205 4 Worker 895990392
206 206 4 Worker 487021094
207 207 4 Worker 849687853
208 208 4 Worker 84467471
209 209 4 Worker 849081335
210 210 4 Worker 367933869
211 211 4 Worker 971879534
212 212 4 Worker 471395470
213 213 4 Worker 199629191
214 214 4 Worker 148194352
215 215 4 Worker 667406907
216 216 4 Worker 930289852
217 217 4 Worker 430166800
218 218 4 Worker 319031200
219 219 4 Worker 280466829
220 220 4 Worker 720545295
221 221 4 Worker 838044278
222 222 4 Worker 574519394
223 223 4 Worker 109025647
224 224 4 Worker 248313852
225 225 4 Worker 679866216
226 226 4 Worker 568971749
227 227 4 Worker 334067878
228 228 4 Worker 530296321
229 229 4 Worker 900954097
230 230 4 Worker 74936690
231 231 4 Worker 76169673
232 232 4 Worker 353800664
233 233 4 Worker 801900046
234 234 4 Worker 198897642
235 235 4 Worker 119945656
236 236 4 Worker 384785995
237 237 4 Worker 136272062
238 238 4 Worker 828452304
239 239 4 Worker 763511172
240 240 4 Worker 559563552
241 241 4 Worker 844233082
242 242 4 Worker 705694357
243 243 4 Worker 241009521
244 244 4 Worker 451225359
245 245 4 Worker 480386280
246 246 4 Worker 623953013
247 247 4 Worker 219140196
248 248 4 Worker 203764243
249 249 4 Worker 528147325
250 250 4 Worker 30639506
251 251 4 Worker 395918393
252 252 4 Worker 438749383
253 253 4 Worker 425626664
254 254 4 Worker 134224936
255 255 4 Worker 882843089
