0 0 -1 Splicer 468430175
1 1 0 Worker 710274548
2 2 -1 PersistentDB 283631475
3 3 -1 InMemoryDB 391794290
4 4 -1 WorkManager 168233586
5 5 4 Worker 580332904
6 6 4 Worker 748309714
7 7 4 Worker 94459443
8 8 4 Worker 164921818
9 9 4 Worker 226252958
10 10 4 Worker 623096250
11 11 4 Worker 188341163
12 12 4 Worker 649861376
13 13 4 Worker 393688005
14 14 4 Worker 538227574
15 15 4 Worker 658324567
16 16 4 Worker 282251368
17 17 4 Worker 930498851
18 18 4 Worker 960903735
19 19 4 Worker 885142483
20 20 4 Worker 389060640
21 21 4 Worker 317368317
22 22 4 Worker 239794874
23 23 4 Worker 96764534
24 24 4 Worker 573894035
25 25 4 Worker 810647738
26 26 4 Worker 583998503
27 27 4 Worker 322356198
28 28 4 Worker 77513118
29 29 4 Worker 241844159
30 30 4 Worker 440771760
31 31 4 Worker 118326959
32 32 4 Worker 705394884
33 33 4 Worker 309933538
34 34 4 Worker 50657068
35 35 4 Worker 199604313
36 36 4 Worker 196979345
37 37 4 Worker 693978693
38 38 4 Worker 664239357
39 39 4 Worker 692844932
40 40 4 Worker 203677260
41 41 4 Worker 825764759
42 42 4 Worker 701098717
43 43 4 Worker 102587425
44 44 4 Worker 541441320
45 45 4 Worker 756952776
46 46 4 Worker 53914402
47 47 4 Worker 200085586
48 48 4 Worker 350581396
49 49 4 Worker 685782222
50 50 4 Worker 39873648
51 51 4 Worker 582235387
52 52 4 Worker 771542472
53 53 4 Worker 752926171
54 54 4 Worker 509559277
55 55 4 Worker 415942248
56 56 4 Worker 739185801
57 57 4 Worker 242321407
58 58 4 Worker 454072544
59 59 4 Worker 944837767
60 60 4 Worker 732462651
61 61 4 Worker 199337478
62 62 4 Worker 49864682
63 63 4 Worker 180446689
64 64 4 Worker 274276286
65 65 4 Worker 855343030
66 66 4 Worker 323187239
67 67 4 Worker 128562061
68 68 4 Worker 600538035
69 69 4 Worker 387882334
70 70 4 Worker 15731790
71 71 4 Worker 106191298
72 72 4 Worker 314025024
73 73 4 Worker 432007333
74 74 4 Worker 267293664
75 75 4 Worker 195814119
76 76 4 Worker 503132719
77 77 4 Worker 852792475
78 78 4 Worker 683455790
79 79 4 Worker 796291798
80 80 4 Worker 743244745
81 81 4 Worker 759524040
82 82 4 Worker 204315247
83 83 4 Worker 324309456
84 84 4 Worker 614823313
85 85 4 Worker 192042418
86 86 4 Worker 298869681
87 87 4 Worker 738303770
88 88 4 Worker 768102068
89 89 4 Worker 15360707
90 90 4 Worker 534019233
91 91 4 Worker 565034360
92 92 4 Worker 3962700
93 93 4 Worker 971622007
94 94 4 Worker 296080912
95 95 4 Worker 317924841
96 96 4 Worker 753218247
97 97 4 Worker 125023838
98 98 4 Worker 621026326
99 99 4 Worker 854128256
100 100 4 Worker 468475646
101 101 4 Worker 103487738
102 102 4 Worker 280318673
103 103 4 Worker 254497435
104 104 4 Worker 189745282
105 105 4 Worker 27134428
106 106 4 Worker 280789837
107 107 4 Worker 767147444
108 108 4 Worker 573468735
109 109 4 Worker 606426545
110 110 4 Worker 608215581
111 111 4 Worker 719762232
112 112 4 Worker 14962798
113 113 4 Worker 929348140
114 114 4 Worker 878443698
115 115 4 Worker 909734431
116 116 4 Worker 498886381
117 117 4 Worker 999621923
118 118 4 Worker 77171228
119 119 4 Worker 172481583
120 120 4 Worker 735876991
121 121 4 Worker 413024308
122 122 4 Worker 652185146
123 123 4 Worker 956938895
124 124 4 Worker 7518947
125 125 4 Worker 913506726
126 126 4 Worker 674831617
127 127 4 Worker 54521423
128 128 4 Worker 793914559
129 129 4 Worker 334464765
130 130 4 Worker 597537780
131 131 4 Worker 256132519
132 132 4 Worker 466248115
133 133 4 Worker 333972144
134 134 4 Worker 359257448
135 135 4 Worker 310717278
136 136 4 Worker 625183460
137 137 4 Worker 595709423
138 138 4 Worker 987598986
139 139 4 Worker 49558411
140 140 4 Worker 518923515
141 141 4 Worker 506633228
142 142 4 Worker 408427238
143 143 4 Worker 62652206
144 144 4 Worker 894183020
145 145 4 Worker 774799465
146 146 4 Worker 38272475
147 147 4 Worker 213045041
148 148 4 Worker 214828016
149 149 4 Worker 838167866
150 150 4 Worker 149960299
151 151 4 Worker 661458914
152 152 4 Worker 476420261
153 153 4 Worker 723568377
154 154 4 Worker 1691517
155 155 4 Worker 872948346
156 156 4 Worker 130387976
157 157 4 Worker 255700822
158 158 4 Worker 782972079
159 159 4 Worker 980698480
160 160 4 Worker 254039752
161 161 4 Worker 806782201
162 162 4 Worker 109096452
163 163 4 Worker 241893633
164 164 4 Worker 119048860
165 165 4 Worker 893712572
166 166 4 Worker 690916996
167 167 4 Worker 581351843
168 168 4 Worker 181027518
169 169 4 Worker 530139512
170 170 4 Worker 476137833
171 171 4 Worker 337691045
172 172 4 Worker 537111809
173 173 4 Worker 22437849
174 174 4 Worker 81663675
175 175 4 Worker 121794384
176 176 4 Worker 187696316
177 177 4 Worker 650575661
178 178 4 Worker 814616015
179 179 4 Worker 548831068
180 180 4 Worker 170961825
181 181 4 Worker 667063990
182 182 4 Worker 358437508
183 183 4 Worker 568620812
184 184 4 Worker 135140830
185 185 4 Worker 892170886
186 186 4 Worker 667978840
187 187 4 Worker 919278642
188 188 4 Worker 627768363
189 189 4 Worker 768130062
190 190 4 Worker 834467613
191 191 4 Worker 456024603
192 192 4 Worker 370451523
193 193 4 Worker 401156650
194 194 4 Worker 497277918
195 195 4 Worker 800817287
196 196 4 Worker 943550501
197 197 4 Worker 44415637
198 198 4 Worker 811587076
199 199 4 Worker 899757680
200 200 4 Worker 843140653
201 201 4 Worker 13142067
202 202 4 Worker 99701880
203 203 4 Worker 273659120
204 204 4 Worker 118725482
205 205 4 Worker 552727069
206 206 4 Worker 558848822
207 207 4 Worker 113504308
208 208 4 Worker 848156513
209 209 4 Worker 156062052
210 210 4 Worker 243291594
211 211 4 Worker 524109303
212 212 4 Worker 343519862
213 213 4 Worker 11461960
214 214 4 Worker 541644381
215 215 4 Worker 291907538
216 216 4 Worker 304146661
217 217 4 Worker 87378775
218 218 4 Worker 331353841
219 219 4 Worker 536743817
220 220 4 Worker 205792034
221 221 4 Worker 15467321
222 222 4 Worker 338931361
223 223 4 Worker 773060554
224 224 4 Worker 891506900
225 225 4 Worker 475348546
226 226 4 Worker 958957435
227 227 4 Worker 364798605
228 228 4 Worker 479701642
229 229 4 Worker 340497495
230 230 4 Worker 244670952
231 231 4 Worker 454056898
232 232 4 Worker 404349571
233 233 4 Worker 635029670
234 234 4 Worker 379080526
235 235 4 Worker 305622479
236 236 4 Worker 368288004
237 237 4 Worker 666708123
238 238 4 Worker 253172262
239 239 4 Worker 834510075
240 240 4 Worker 799362221
241 241 4 Worker 165909941
242 242 4 Worker 256852064
243 243 4 Worker 435562292
244 244 4 Worker 883417892
245 245 4 Worker 812424465
246 246 4 Worker 313879469
247 247 4 Worker 558591431
248 248 4 Worker 289323941
249 249 4 Worker 763575940
250 250 4 Worker 17708912
251 251 4 Worker 441588128
252 252 4 Worker 371754755
253 253 4 Worker 835295401
254 254 4 Worker 285021342
255 255 4 Worker 318068779
