0 0 -1 Splicer 975523901
1 1 0 Worker 441626557
2 2 -1 PersistentDB 919653864
3 3 -1 InMemoryDB 388420854
4 4 -1 WorkManager 514436194
5 5 4 Worker 835024495
6 6 4 Worker 997756408
7 7 4 Worker 894731919
8 8 4 Worker 843725541
9 9 4 Worker 63850140
10 10 4 Worker 977341157
11 11 4 Worker 749044672
12 12 4 Worker 805179684
13 13 4 Worker 784512262
14 14 4 Worker 232891039
15 15 4 Worker 35605961
16 16 4 Worker 90205710
17 17 4 Worker 155094861
18 18 4 Worker 580254644
19 19 4 Worker 707765966
20 20 4 Worker 472638473
21 21 4 Worker 731744489
22 22 4 Worker 159181899
23 23 4 Worker 739928960
24 24 4 Worker 233277485
25 25 4 Worker 734721597
26 26 4 Worker 473749806
27 27 4 Worker 424070009
28 28 4 Worker 772580797
29 29 4 Worker 200848998
30 30 4 Worker 799950604
31 31 4 Worker 565279657
32 32 4 Worker 580228334
33 33 4 Worker 237170517
34 34 4 Worker 524034744
35 35 4 Worker 442816243
36 36 4 Worker 558166463
37 37 4 Worker 595770049
38 38 4 Worker 938873442
39 39 4 Worker 854941080
40 40 4 Worker 965021769
41 41 4 Worker 273863036
42 42 4 Worker 267115425
43 43 4 Worker 253936866
44 44 4 Worker 367343304
45 45 4 Worker 141395849
46 46 4 Worker 564126656
47 47 4 Worker 522732836
48 48 4 Worker 884045944
49 49 4 Worker 329091033
50 50 4 Worker 344810018
51 51 4 Worker 690560782
52 52 4 Worker 214481965
53 53 4 Worker 608516513
54 54 4 Worker 19848264
55 55 4 Worker 449218766
56 56 4 Worker 863177438
57 57 4 Worker 995661912
58 58 4 Worker 782599402
59 59 4 Worker 796745662
60 60 4 Worker 856817499
61 61 4 Worker 684097931
62 62 4 Worker 968863893
63 63 4 Worker 549789811
64 64 4 Worker 602404882
65 65 4 Worker 111744919
66 66 4 Worker 208473542
67 67 4 Worker 215333941
68 68 4 Worker 136130031
69 69 4 Worker 494890216
70 70 4 Worker 528583897
71 71 4 Worker 364573295
72 72 4 Worker 360389813
73 73 4 Worker 950947290
74 74 4 Worker 726567160
75 75 4 Worker 517631588
76 76 4 Worker 731298734
77 77 4 Worker 279377830
78 78 4 Worker 526732544
79 79 4 Worker 721627973
80 80 4 Worker 162902878
81 81 4 Worker 563922570
82 82 4 Worker 745054091
83 83 4 Worker 561449455
84 84 4 Worker 856755505
85 85 4 Worker 334827027
86 86 4 Worker 322838926
87 87 4 Worker 225805786
88 88 4 Worker 512246907
89 89 4 Worker 741889945
90 90 4 Worker 595844233
91 91 4 Worker 360448310
92 92 4 Worker 162495695
93 93 4 Worker 926210252
94 94 4 Worker 676201812
95 95 4 Worker 341818411
96 96 4 Worker 858652289
97 97 4 Worker 774273832
98 98 4 Worker 878809241
99 99 4 Worker 322152516
100 100 4 Worker 895526750
101 101 4 Worker 868574382
102 102 4 Worker 541299279
103 103 4 Worker 939723239
104 104 4 Worker 501456935
105 105 4 Worker 385024180
106 106 4 Worker 959407977
107 107 4 Worker 380749423
108 108 4 Worker 726971799
109 109 4 Worker 474249643
110 110 4 Worker 113983011
111 111 4 Worker 524592008
112 112 4 Worker 422378474
113 113 4 Worker 240657663
114 114 4 Worker 91247820
115 115 4 Worker 574562501
116 116 4 Worker 303526074
117 117 4 Worker 259481670
118 118 4 Worker 938089009
119 119 4 Worker 713671068
120 120 4 Worker 925863950
121 121 4 Worker 520875990
122 122 4 Worker 526560085
123 123 4 Worker 584410686
124 124 4 Worker 664183064
125 125 4 Worker 320406149
126 126 4 Worker 992086668
127 127 4 Worker 11191816
128 128 4 Worker 942521735
129 129 4 Worker 266132221
130 130 4 Worker 553979690
131 131 4 Worker 621703100
132 132 4 Worker 440556440
133 133 4 Worker 129708301
134 134 4 Worker 596067080
135 135 4 Worker 205986097
136 136 4 Worker 142005417
137 137 4 Worker 65932628
138 138 4 Worker 113952603
139 139 4 Worker 498162235
140 140 4 Worker 290340842
141 141 4 Worker 891701077
142 142 4 Worker 828911762
143 143 4 Worker 344648940
144 144 4 Worker 725084535
145 145 4 Worker 580042997
146 146 4 Worker 418430800
147 147 4 Worker 307126446
148 148 4 Worker 771136905
149 149 4 Worker 964419935
150 150 4 Worker 529520040
151 151 4 Worker 189351110
152 152 4 Worker 381980300
153 153 4 Worker 471988441
154 154 4 Worker 214407229
155 155 4 Worker 604401380
156 156 4 Worker 515261171
157 157 4 Worker 166337757
158 158 4 Worker 305217612
159 159 4 Worker 989390609
160 160 4 Worker 372631368
161 161 4 Worker 811431885
162 162 4 Worker 71486137
163 163 4 Worker 306680326
164 164 4 Worker 874857484
165 165 4 Worker 304390126
166 166 4 Worker 394209808
167 167 4 Worker 726178823
168 168 4 Worker 547979213
169 169 4 Worker 266979233
170 170 4 Worker 276564658
171 171 4 Worker 560106405
172 172 4 Worker 963077272
173 173 4 Worker 96384220
174 174 4 Worker 29574057
175 175 4 Worker 526280898
176 176 4 Worker 941550191
177 177 4 Worker 796951183
178 178 4 Worker 220109181
179 179 4 Worker 871511139
180 180 4 Worker 804974163
181 181 4 Worker 88465404
182 182 4 Worker 783025508
183 183 4 Worker 403804378
184 184 4 Worker 908893687
185 185 4 Worker 753469011
186 186 4 Worker 643413041
187 187 4 Worker 749134173
188 188 4 Worker 105557906
189 189 4 Worker 612396172
190 190 4 Worker 398428616
191 191 4 Worker 210961514
192 192 4 Worker 595956874
193 193 4 Worker 209225528
194 194 4 Worker 314527245
195 195 4 Worker 887992421
196 196 4 Worker 255473358
197 197 4 Worker 292196606
198 198 4 Worker 242266705
199 199 4 Worker 605462757
200 200 4 Worker 19728920
201 201 4 Worker 879038855
202 202 4 Worker 724820682
203 203 4 Worker 749986793
204 204 4 Worker 210896104
205 205 4 Worker 634143412
206 206 4 Worker 218212117
207 207 4 Worker 246877257
208 208 4 Worker 358233398
209 209 4 Worker 328979119
210 210 4 Worker 246453264
211 211 4 Worker 909674448
212 212 4 Worker 375615976
213 213 4 Worker 280890877
214 214 4 Worker 401014098
215 215 4 Worker 633817007
216 216 4 Worker 252317429
217 217 4 Worker 772829211
218 218 4 Worker 603276711
219 219 4 Worker 350042208
220 220 4 Worker 965986831
221 221 4 Worker 94945255
222 222 4 Worker 734624618
223 223 4 Worker 357461829
224 224 4 Worker 95435459
225 225 4 Worker 217477969
226 226 4 Worker 230603995
227 227 4 Worker 32389447
228 228 4 Worker 786647654
229 229 4 Worker 521871938
230 230 4 Worker 163407429
231 231 4 Worker 136606378
232 232 4 Worker 508949795
233 233 4 Worker 626594928
234 234 4 Worker 458967454
235 235 4 Worker 901257627
236 236 4 Worker 124865379
237 237 4 Worker 581904732
238 238 4 Worker 167096936
239 239 4 Worker 400567949
240 240 4 Worker 985500176
241 241 4 Worker 253331748
242 242 4 Worker 388137725
243 243 4 Worker 591699081
244 244 4 Worker 180400250
245 245 4 Worker 784591774
246 246 4 Worker 894306403
247 247 4 Worker 676853615
248 248 4 Worker 634611869
249 249 4 Worker 990127034
250 250 4 Worker 328102398
251 251 4 Worker 75834813
252 252 4 Worker 742607116
253 253 4 Worker 987242487
254 254 4 Worker 545063952
255 255 4 Worker 841458684
