0 0 -1 Splicer 182464016
1 1 0 Worker 683551950
2 2 -1 PersistentDB 646923892
3 3 -1 InMemoryDB 812568402
4 4 -1 WorkManager 868832482
5 5 4 Worker 247219400
6 6 4 Worker 905887221
7 7 4 Worker 480411144
8 8 4 Worker 981648502
9 9 4 Worker 104258061
10 10 4 Worker 627635273
11 11 4 Worker 533888793
12 12 4 Worker 164951143
13 13 4 Worker 655666281
14 14 4 Worker 93752954
15 15 4 Worker 173676714
16 16 4 Worker 736133999
17 17 4 Worker 162373146
18 18 4 Worker 670526432
19 19 4 Worker 926746796
20 20 4 Worker 705006993
21 21 4 Worker 568305483
22 22 4 Worker 363309240
23 23 4 Worker 711567113
24 24 4 Worker 802221145
25 25 4 Worker 294587067
26 26 4 Worker 380285059
27 27 4 Worker 789679373
28 28 4 Worker 600011321
29 29 4 Worker 518375896
30 30 4 Worker 433831076
31 31 4 Worker 943950426
32 32 4 Worker 689779237
33 33 4 Worker 164265493
34 34 4 Worker 950502781
35 35 4 Worker 404128099
36 36 4 Worker 731929945
37 37 4 Worker 666843662
38 38 4 Worker 843867445
39 39 4 Worker 619504155
40 40 4 Worker 936735922
41 41 4 Worker 244783528
42 42 4 Worker 322914902
43 43 4 Worker 414730962
44 44 4 Worker 857474693
45 45 4 Worker 917570865
46 46 4 Worker 965013143
47 47 4 Worker 33674093
48 48 4 Worker 237645781
49 49 4 Worker 969082827
50 50 4 Worker 165841578
51 51 4 Worker 3494383
52 52 4 Worker 259721107
53 53 4 Worker 486876481
54 54 4 Worker 63960266
55 55 4 Worker 20843567
56 56 4 Worker 659411180
57 57 4 Worker 606213866
58 58 4 Worker 241931077
59 59 4 Worker 945497133
60 60 4 Worker 425002435
61 61 4 Worker 475354789
62 62 4 Worker 263585323
63 63 4 Worker 683804729
64 64 4 Worker 238370904
65 65 4 Worker 281695308
66 66 4 Worker 708103088
67 67 4 Worker 93410639
68 68 4 Worker 685281969
69 69 4 Worker 932916693
70 70 4 Worker 365194389
71 71 4 Worker 182902171
72 72 4 Worker 712192577
73 73 4 Worker 110369708
74 74 4 Worker 824287909
75 75 4 Worker 385431304
76 76 4 Worker 541887760
77 77 4 Worker 6263313
78 78 4 Worker 751243776
79 79 4 Worker 976658167
80 80 4 Worker 178966962
81 81 4 Worker 930607179
82 82 4 Worker 830420086
83 83 4 Worker 820747080
84 84 4 Worker 400709070
85 85 4 Worker 313208529
86 86 4 Worker 17184437
87 87 4 Worker 162753567
88 88 4 Worker 336664578
89 89 4 Worker 979742219
90 90 4 Worker 139049502
91 91 4 Worker 515044594
92 92 4 Worker 527881970
93 93 4 Worker 499876205
94 94 4 Worker 203334974
95 95 4 Worker 255677202
96 96 4 Worker 453167515
97 97 4 Worker 772011512
98 98 4 Worker 229514185
99 99 4 Worker 404475622
100 100 4 Worker 780638864
101 101 4 Worker 822693702
102 102 4 Worker 345918867
103 103 4 Worker 517262402
104 104 4 Worker 108747885
105 105 4 Worker 507630761
106 106 4 Worker 508146207
107 107 4 Worker 898006679
108 108 4 Worker 182504766
109 109 4 Worker 659458236
110 110 4 Worker 329732804
111 111 4 Worker 818087477
112 112 4 Worker 713089554
113 113 4 Worker 910011607
114 114 4 Worker 936253599
115 115 4 Worker 410331561
116 116 4 Worker 818653424
117 117 4 Worker 422646900
118 118 4 Worker 298839479
119 119 4 Worker 3206643
120 120 4 Worker 544092409
121 121 4 Worker 878272396
122 122 4 Worker 40920123
123 123 4 Worker 686927998
124 124 4 Worker 55880547
125 125 4 Worker 818410862
126 126 4 Worker 562318924
127 127 4 Worker 241524705
