0 0 -1 Splicer 516556269
1 1 0 Worker 805851147
2 2 -1 PersistentDB 517889595
3 3 -1 InMemoryDB 653524559
4 4 -1 WorkManager 863367666
5 5 4 Worker 434579417
6 6 4 Worker 625573633
7 7 4 Worker 669816287
8 8 4 Worker 812917098
9 9 4 Worker 659529213
10 10 4 Worker 134494033
11 11 4 Worker 819033580
12 12 4 Worker 502563779
13 13 4 Worker 858486079
14 14 4 Worker 897803147
15 15 4 Worker 258791356
16 16 4 Worker 307586753
17 17 4 Worker 995212703
18 18 4 Worker 95616830
19 19 4 Worker 304455177
20 20 4 Worker 642558154
21 21 4 Worker 728388810
22 22 4 Worker 444542475
23 23 4 Worker 545650587
24 24 4 Worker 324417598
25 25 4 Worker 379165762
26 26 4 Worker 973917267
27 27 4 Worker 991593320
28 28 4 Worker 782073813
29 29 4 Worker 618993709
30 30 4 Worker 665340956
31 31 4 Worker 39807191
32 32 4 Worker 666356349
33 33 4 Worker 197268880
34 34 4 Worker 273603258
35 35 4 Worker 290458777
36 36 4 Worker 617496474
37 37 4 Worker 493053000
38 38 4 Worker 470685306
39 39 4 Worker 14891789
40 40 4 Worker 404509544
41 41 4 Worker 770520275
42 42 4 Worker 904790341
43 43 4 Worker 671289953
44 44 4 Worker 221465568
45 45 4 Worker 589601521
46 46 4 Worker 868306698
47 47 4 Worker 343981354
48 48 4 Worker 414920482
49 49 4 Worker 40103471
50 50 4 Worker 107719866
51 51 4 Worker 15193225
52 52 4 Worker 918442348
53 53 4 Worker 739891449
54 54 4 Worker 749688077
55 55 4 Worker 709293532
56 56 4 Worker 815243103
57 57 4 Worker 361752581
58 58 4 Worker 875191335
59 59 4 Worker 175037758
60 60 4 Worker 108483279
61 61 4 Worker 437606727
62 62 4 Worker 18951354
63 63 4 Worker 906532539
64 64 4 Worker 780892213
65 65 4 Worker 932128271
66 66 4 Worker 262575393
67 67 4 Worker 621171076
68 68 4 Worker 665529651
69 69 4 Worker 532235724
70 70 4 Worker 179946632
71 71 4 Worker 395953479
72 72 4 Worker 837667939
73 73 4 Worker 188178667
74 74 4 Worker 602134801
75 75 4 Worker 481742849
76 76 4 Worker 243223766
77 77 4 Worker 694188561
78 78 4 Worker 75701105
79 79 4 Worker 704889232
80 80 4 Worker 181964814
81 81 4 Worker 79706067
82 82 4 Worker 499871055
83 83 4 Worker 702503183
84 84 4 Worker 302035332
85 85 4 Worker 942636075
86 86 4 Worker 476406755
87 87 4 Worker 868268713
88 88 4 Worker 691152063
89 89 4 Worker 938065352
90 90 4 Worker 638815459
91 91 4 Worker 751759854
92 92 4 Worker 269611858
93 93 4 Worker 400359372
94 94 4 Worker 126330239
95 95 4 Worker 215833434
96 96 4 Worker 249136846
97 97 4 Worker 672352076
98 98 4 Worker 436823223
99 99 4 Worker 262363812
100 100 4 Worker 942659924
101 101 4 Worker 188464295
102 102 4 Worker 737574747
103 103 4 Worker 509932346
104 104 4 Worker 164544966
105 105 4 Worker 382544928
106 106 4 Worker 174389178
107 107 4 Worker 652164719
108 108 4 Worker 589521092
109 109 4 Worker 757794897
110 110 4 Worker 727795597
111 111 4 Worker 782955249
112 112 4 Worker 26077401
113 113 4 Worker 139399711
114 114 4 Worker 16288892
115 115 4 Worker 738477359
116 116 4 Worker 814255104
117 117 4 Worker 120174947
118 118 4 Worker 291224406
119 119 4 Worker 645358012
120 120 4 Worker 623862546
121 121 4 Worker 908434811
122 122 4 Worker 921197001
123 123 4 Worker 861064414
124 124 4 Worker 730524834
125 125 4 Worker 538539940
126 126 4 Worker 764187716
127 127 4 Worker 780945670
128 128 4 Worker 754562927
129 129 4 Worker 776740797
130 130 4 Worker 589764101
131 131 4 Worker 861771549
132 132 4 Worker 371190619
133 133 4 Worker 252011787
134 134 4 Worker 800902346
135 135 4 Worker 361661962
136 136 4 Worker 500824361
137 137 4 Worker 691428730
138 138 4 Worker 960157316
139 139 4 Worker 570770268
140 140 4 Worker 926731419
141 141 4 Worker 400229967
142 142 4 Worker 438315370
143 143 4 Worker 533666869
144 144 4 Worker 921618240
145 145 4 Worker 193903598
146 146 4 Worker 392183168
147 147 4 Worker 909822238
148 148 4 Worker 612871767
149 149 4 Worker 476776991
150 150 4 Worker 433035613
151 151 4 Worker 923669121
152 152 4 Worker 66265531
153 153 4 Worker 914294199
154 154 4 Worker 181515906
155 155 4 Worker 391206378
156 156 4 Worker 100847091
157 157 4 Worker 968355538
158 158 4 Worker 872116011
159 159 4 Worker 571987573
160 160 4 Worker 656125618
161 161 4 Worker 204628047
162 162 4 Worker 317163064
163 163 4 Worker 568878065
164 164 4 Worker 239841461
165 165 4 Worker 617290943
166 166 4 Worker 599647101
167 167 4 Worker 476908969
168 168 4 Worker 687345780
169 169 4 Worker 34407059
170 170 4 Worker 456374457
171 171 4 Worker 619521632
172 172 4 Worker 181012376
173 173 4 Worker 354852546
174 174 4 Worker 575502480
175 175 4 Worker 205757744
176 176 4 Worker 767430412
177 177 4 Worker 969169836
178 178 4 Worker 528737447
179 179 4 Worker 912934392
180 180 4 Worker 522998144
181 181 4 Worker 854656624
182 182 4 Worker 765753092
183 183 4 Worker 661408095
184 184 4 Worker 698958541
185 185 4 Worker 461065860
186 186 4 Worker 354821230
187 187 4 Worker 180699174
188 188 4 Worker 879292683
189 189 4 Worker 405047681
190 190 4 Worker 286997081
191 191 4 Worker 19914812
192 192 4 Worker 371247966
193 193 4 Worker 483403178
194 194 4 Worker 684311886
195 195 4 Worker 340543063
196 196 4 Worker 338657572
197 197 4 Worker 580356021
198 198 4 Worker 792436893
199 199 4 Worker 752079221
200 200 4 Worker 584012315
201 201 4 Worker 838336760
202 202 4 Worker 870242676
203 203 4 Worker 239639752
204 204 4 Worker 801190841
205 205 4 Worker 568968696
206 206 4 Worker 750001202
207 207 4 Worker 207217739
208 208 4 Worker 263368661
209 209 4 Worker 376737543
210 210 4 Worker 234686923
211 211 4 Worker 204529268
212 212 4 Worker 81858568
213 213 4 Worker 484493034
214 214 4 Worker 59649892
215 215 4 Worker 284067426
216 216 4 Worker 451753735
217 217 4 Worker 384495722
218 218 4 Worker 129540103
219 219 4 Worker 983293714
220 220 4 Worker 303484244
221 221 4 Worker 246376559
222 222 4 Worker 516358942
223 223 4 Worker 192188890
224 224 4 Worker 943865893
225 225 4 Worker 636747931
226 226 4 Worker 64303105
227 227 4 Worker 538362004
228 228 4 Worker 498691825
229 229 4 Worker 834117361
230 230 4 Worker 241386346
231 231 4 Worker 904486494
232 232 4 Worker 993775413
233 233 4 Worker 38396633
234 234 4 Worker 304490058
235 235 4 Worker 213520208
236 236 4 Worker 348827281
237 237 4 Worker 240494340
238 238 4 Worker 262773764
239 239 4 Worker 617756186
240 240 4 Worker 503365296
241 241 4 Worker 817866566
242 242 4 Worker 509931753
243 243 4 Worker 688852095
244 244 4 Worker 453587718
245 245 4 Worker 63403898
246 246 4 Worker 144430946
247 247 4 Worker 760243026
248 248 4 Worker 599304188
249 249 4 Worker 805676239
250 250 4 Worker 590837961
251 251 4 Worker 405308296
252 252 4 Worker 746206061
253 253 4 Worker 485081462
254 254 4 Worker 508083651
255 255 4 Worker 502698742
