0 0 -1 Splicer 922927373
1 1 0 Worker 247527062
2 2 -1 PersistentDB 278180367
3 3 -1 InMemoryDB 303542392
4 4 -1 WorkManager 745070251
5 5 4 Worker 675483832
6 6 4 Worker 520213022
7 7 4 Worker 747590908
8 8 4 Worker 642608595
9 9 4 Worker 907238607
10 10 4 Worker 263030511
11 11 4 Worker 878855750
12 12 4 Worker 620093354
13 13 4 Worker 129372919
14 14 4 Worker 835073937
15 15 4 Worker 939729343
16 16 4 Worker 979487428
17 17 4 Worker 212083876
18 18 4 Worker 875338156
19 19 4 Worker 685237952
20 20 4 Worker 937048841
21 21 4 Worker 975928319
22 22 4 Worker 749127340
23 23 4 Worker 83954044
24 24 4 Worker 1408256
25 25 4 Worker 580308137
26 26 4 Worker 602957789
27 27 4 Worker 67126807
28 28 4 Worker 132505560
29 29 4 Worker 381866274
30 30 4 Worker 67574588
31 31 4 Worker 642908527
