0 0 -1 Splicer 604796640
1 1 0 Worker 905361623
2 2 -1 PersistentDB 555972519
3 3 -1 InMemoryDB 863422442
4 4 -1 WorkManager 795939094
5 5 4 Worker 39500511
6 6 4 Worker 758682701
7 7 4 Worker 405217102
8 8 4 Worker 864035433
9 9 4 Worker 861991549
10 10 4 Worker 220583605
11 11 4 Worker 33207802
12 12 4 Worker 904926193
13 13 4 Worker 851724153
14 14 4 Worker 617138206
15 15 4 Worker 227012634
16 16 4 Worker 526764835
17 17 4 Worker 790953040
18 18 4 Worker 992434076
19 19 4 Worker 639963953
20 20 4 Worker 605215452
21 21 4 Worker 713508457
22 22 4 Worker 668344338
23 23 4 Worker 540760899
24 24 4 Worker 712693662
25 25 4 Worker 508295718
26 26 4 Worker 220922363
27 27 4 Worker 145100999
28 28 4 Worker 695283802
29 29 4 Worker 475711221
30 30 4 Worker 671866542
31 31 4 Worker 742156006
32 32 4 Worker 113291569
33 33 4 Worker 523329624
34 34 4 Worker 168619755
35 35 4 Worker 119576702
36 36 4 Worker 631874108
37 37 4 Worker 850950619
38 38 4 Worker 214103415
39 39 4 Worker 938691344
40 40 4 Worker 110435554
41 41 4 Worker 350847928
42 42 4 Worker 874094429
43 43 4 Worker 580361180
44 44 4 Worker 410232935
45 45 4 Worker 354931189
46 46 4 Worker 534057108
47 47 4 Worker 573267565
48 48 4 Worker 554410009
49 49 4 Worker 844511816
50 50 4 Worker 547088893
51 51 4 Worker 264686954
52 52 4 Worker 927014216
53 53 4 Worker 225000860
54 54 4 Worker 927807706
55 55 4 Worker 662503555
56 56 4 Worker 980373913
57 57 4 Worker 470622720
58 58 4 Worker 571762430
59 59 4 Worker 552061384
60 60 4 Worker 458524657
61 61 4 Worker 507057780
62 62 4 Worker 746813735
63 63 4 Worker 735781139
64 64 4 Worker 876353671
65 65 4 Worker 305554727
66 66 4 Worker 879560664
67 67 4 Worker 269089074
68 68 4 Worker 145846662
69 69 4 Worker 20406435
70 70 4 Worker 641497360
71 71 4 Worker 605577388
72 72 4 Worker 650391269
73 73 4 Worker 62220529
74 74 4 Worker 463716124
75 75 4 Worker 790947188
76 76 4 Worker 496641498
77 77 4 Worker 406750519
78 78 4 Worker 468815330
79 79 4 Worker 572378599
80 80 4 Worker 874054013
81 81 4 Worker 160819658
82 82 4 Worker 844159494
83 83 4 Worker 796212305
84 84 4 Worker 846606700
85 85 4 Worker 853759330
86 86 4 Worker 899557015
87 87 4 Worker 479805760
88 88 4 Worker 85062805
89 89 4 Worker 752854102
90 90 4 Worker 190140666
91 91 4 Worker 483187095
92 92 4 Worker 193657204
93 93 4 Worker 806423518
94 94 4 Worker 54347523
95 95 4 Worker 746716391
96 96 4 Worker 756879096
97 97 4 Worker 119916937
98 98 4 Worker 12855591
99 99 4 Worker 165393672
100 100 4 Worker 325579438
101 101 4 Worker 921294449
102 102 4 Worker 526803640
103 103 4 Worker 876971661
104 104 4 Worker 476350975
105 105 4 Worker 244348058
106 106 4 Worker 513857982
107 107 4 Worker 261723629
108 108 4 Worker 399187900
109 109 4 Worker 686999207
110 110 4 Worker 801158250
111 111 4 Worker 476880997
112 112 4 Worker 640351241
113 113 4 Worker 463682053
114 114 4 Worker 255599643
115 115 4 Worker 201225697
116 116 4 Worker 179084110
117 117 4 Worker 288479290
118 118 4 Worker 182014537
119 119 4 Worker 916809329
120 120 4 Worker 84144282
121 121 4 Worker 656750207
122 122 4 Worker 266064536
123 123 4 Worker 278142471
124 124 4 Worker 647386341
125 125 4 Worker 450549084
126 126 4 Worker 581060184
127 127 4 Worker 67807603
128 128 4 Worker 719142593
129 129 4 Worker 4042030
130 130 4 Worker 104551450
131 131 4 Worker 749034375
132 132 4 Worker 700928587
133 133 4 Worker 67249324
134 134 4 Worker 589166572
135 135 4 Worker 264047435
136 136 4 Worker 195740779
137 137 4 Worker 314411270
138 138 4 Worker 727248390
139 139 4 Worker 484661387
140 140 4 Worker 121566953
141 141 4 Worker 271056163
142 142 4 Worker 201125361
143 143 4 Worker 3063055
144 144 4 Worker 914191546
145 145 4 Worker 887532667
146 146 4 Worker 549106650
147 147 4 Worker 311926830
148 148 4 Worker 604822334
149 149 4 Worker 646000277
150 150 4 Worker 342601894
151 151 4 Worker 366036143
152 152 4 Worker 738296576
153 153 4 Worker 198854883
154 154 4 Worker 641051298
155 155 4 Worker 779423716
156 156 4 Worker 485048955
157 157 4 Worker 958792841
158 158 4 Worker 558858910
159 159 4 Worker 823104468
160 160 4 Worker 262904308
161 161 4 Worker 782639906
162 162 4 Worker 106711347
163 163 4 Worker 645915394
164 164 4 Worker 166188660
165 165 4 Worker 646760173
166 166 4 Worker 431969692
167 167 4 Worker 832317713
168 168 4 Worker 303769107
169 169 4 Worker 441728078
170 170 4 Worker 246039073
171 171 4 Worker 256507831
172 172 4 Worker 515638902
173 173 4 Worker 394715464
174 174 4 Worker 442964101
175 175 4 Worker 484860197
176 176 4 Worker 163628379
177 177 4 Worker 294383542
178 178 4 Worker 830044254
179 179 4 Worker 833588886
180 180 4 Worker 649010304
181 181 4 Worker 849032110
182 182 4 Worker 519175902
183 183 4 Worker 31730251
184 184 4 Worker 352259927
185 185 4 Worker 523457252
186 186 4 Worker 970168240
187 187 4 Worker 660218124
188 188 4 Worker 477986188
189 189 4 Worker 614584653
190 190 4 Worker 43742087
191 191 4 Worker 948612145
192 192 4 Worker 815783171
193 193 4 Worker 981910844
194 194 4 Worker 25182050
195 195 4 Worker 218018160
196 196 4 Worker 407953645
197 197 4 Worker 659421904
198 198 4 Worker 473651690
199 199 4 Worker 694468287
200 200 4 Worker 204648830
201 201 4 Worker 662834415
202 202 4 Worker 396209131
203 203 4 Worker 107485220
204 204 4 Worker 229052739
205 205 4 Worker 214431455
206 206 4 Worker 974981454
207 207 4 Worker 892021433
208 208 4 Worker 698408437
209 209 4 Worker 195773492
210 210 4 Worker 603174416
211 211 4 Worker 533925403
212 212 4 Worker 740499757
213 213 4 Worker 598300929
214 214 4 Worker 155874751
215 215 4 Worker 666140017
216 216 4 Worker 953947979
217 217 4 Worker 994342654
218 218 4 Worker 643128228
219 219 4 Worker 559163133
220 220 4 Worker 477459403
221 221 4 Worker 386547311
222 222 4 Worker 68239039
223 223 4 Worker 781105435
224 224 4 Worker 943964351
225 225 4 Worker 233758383
226 226 4 Worker 683497180
227 227 4 Worker 43649200
228 228 4 Worker 68916752
229 229 4 Worker 564437404
230 230 4 Worker 593007999
231 231 4 Worker 477070246
232 232 4 Worker 461573153
233 233 4 Worker 573420838
234 234 4 Worker 765279956
235 235 4 Worker 767700856
236 236 4 Worker 983276129
237 237 4 Worker 580661523
238 238 4 Worker 295034108
239 239 4 Worker 504562558
240 240 4 Worker 126007331
241 241 4 Worker 996941585
242 242 4 Worker 256530084
243 243 4 Worker 651380588
244 244 4 Worker 370376423
245 245 4 Worker 953271978
246 246 4 Worker 382810809
247 247 4 Worker 505866571
248 248 4 Worker 919507047
249 249 4 Worker 454845572
250 250 4 Worker 231904547
251 251 4 Worker 372459358
252 252 4 Worker 221618055
253 253 4 Worker 934223403
254 254 4 Worker 235731003
255 255 4 Worker 334087556
