0 0 -1 Splicer 425644561
1 1 0 Worker 60779611
2 2 -1 PersistentDB 136941803
3 3 -1 InMemoryDB 517871551
4 4 -1 WorkManager 919735225
5 5 4 Worker 816751916
6 6 4 Worker 825682547
7 7 4 Worker 631042635
8 8 4 Worker 884644044
9 9 4 Worker 902481888
10 10 4 Worker 294495300
11 11 4 Worker 934288732
12 12 4 Worker 133578650
13 13 4 Worker 836553982
14 14 4 Worker 494795437
15 15 4 Worker 201557608
16 16 4 Worker 574309843
17 17 4 Worker 924713574
18 18 4 Worker 531461868
19 19 4 Worker 466311300
20 20 4 Worker 170168428
21 21 4 Worker 512702521
22 22 4 Worker 799715619
23 23 4 Worker 314516384
24 24 4 Worker 785937877
25 25 4 Worker 967187716
26 26 4 Worker 887828089
27 27 4 Worker 629557431
28 28 4 Worker 915976847
29 29 4 Worker 447406630
30 30 4 Worker 463471011
31 31 4 Worker 531117511
32 32 4 Worker 88947770
33 33 4 Worker 113016328
34 34 4 Worker 340625457
35 35 4 Worker 610791449
36 36 4 Worker 896294622
37 37 4 Worker 343469324
38 38 4 Worker 805988487
39 39 4 Worker 492725597
40 40 4 Worker 644247882
41 41 4 Worker 233348729
42 42 4 Worker 993565303
43 43 4 Worker 35546242
44 44 4 Worker 608191908
45 45 4 Worker 621212481
46 46 4 Worker 148215094
47 47 4 Worker 666653890
48 48 4 Worker 336166302
49 49 4 Worker 28781769
50 50 4 Worker 299662498
51 51 4 Worker 739558701
52 52 4 Worker 509655313
53 53 4 Worker 807174577
54 54 4 Worker 204572021
55 55 4 Worker 369587653
56 56 4 Worker 98607634
57 57 4 Worker 546085260
58 58 4 Worker 444946077
59 59 4 Worker 238991400
60 60 4 Worker 514906172
61 61 4 Worker 955422734
62 62 4 Worker 898001383
63 63 4 Worker 453107962
64 64 4 Worker 136890081
65 65 4 Worker 864672922
66 66 4 Worker 833090293
67 67 4 Worker 912015193
68 68 4 Worker 932328021
69 69 4 Worker 737180011
70 70 4 Worker 917463940
71 71 4 Worker 215304278
72 72 4 Worker 72729841
73 73 4 Worker 201946987
74 74 4 Worker 208430987
75 75 4 Worker 363579028
76 76 4 Worker 55621186
77 77 4 Worker 487410350
78 78 4 Worker 314641300
79 79 4 Worker 223762139
80 80 4 Worker 546226235
81 81 4 Worker 387349210
82 82 4 Worker 611998837
83 83 4 Worker 450660170
84 84 4 Worker 695568397
85 85 4 Worker 941537919
86 86 4 Worker 112267817
87 87 4 Worker 607559317
88 88 4 Worker 213951143
89 89 4 Worker 70993912
90 90 4 Worker 247971796
91 91 4 Worker 398239491
92 92 4 Worker 293613731
93 93 4 Worker 692006187
94 94 4 Worker 667363168
95 95 4 Worker 348465223
96 96 4 Worker 243078235
97 97 4 Worker 824930643
98 98 4 Worker 760986180
99 99 4 Worker 295012077
100 100 4 Worker 387426840
101 101 4 Worker 563819507
102 102 4 Worker 198500170
103 103 4 Worker 70695346
104 104 4 Worker 879483023
105 105 4 Worker 913697987
106 106 4 Worker 53489264
107 107 4 Worker 530186444
108 108 4 Worker 768317785
109 109 4 Worker 166337613
110 110 4 Worker 572379070
111 111 4 Worker 79128651
112 112 4 Worker 110815341
113 113 4 Worker 759762641
114 114 4 Worker 393089340
115 115 4 Worker 62732633
116 116 4 Worker 511262511
117 117 4 Worker 88829173
118 118 4 Worker 11897124
119 119 4 Worker 546867087
120 120 4 Worker 551600047
121 121 4 Worker 592695028
122 122 4 Worker 981430586
123 123 4 Worker 329411612
124 124 4 Worker 986292337
125 125 4 Worker 745470641
126 126 4 Worker 213789779
127 127 4 Worker 106384565
128 128 4 Worker 717284592
129 129 4 Worker 376273640
130 130 4 Worker 585053702
131 131 4 Worker 356466384
132 132 4 Worker 60259293
133 133 4 Worker 261104506
134 134 4 Worker 143379962
135 135 4 Worker 166152578
136 136 4 Worker 922564696
137 137 4 Worker 868229929
138 138 4 Worker 829781544
139 139 4 Worker 519400999
140 140 4 Worker 444927022
141 141 4 Worker 967064210
142 142 4 Worker 242449823
143 143 4 Worker 635382306
144 144 4 Worker 766386166
145 145 4 Worker 206263658
146 146 4 Worker 391208620
147 147 4 Worker 495282147
148 148 4 Worker 481125797
149 149 4 Worker 842041187
150 150 4 Worker 906262599
151 151 4 Worker 744997225
152 152 4 Worker 20786732
153 153 4 Worker 248103693
154 154 4 Worker 439929669
155 155 4 Worker 37287714
156 156 4 Worker 971443347
157 157 4 Worker 386985138
158 158 4 Worker 816579517
159 159 4 Worker 483416035
160 160 4 Worker 499676482
161 161 4 Worker 938219343
162 162 4 Worker 48210698
163 163 4 Worker 594133326
164 164 4 Worker 920181929
165 165 4 Worker 716283128
166 166 4 Worker 541809286
167 167 4 Worker 289085330
168 168 4 Worker 449417017
169 169 4 Worker 20746041
170 170 4 Worker 157271190
171 171 4 Worker 846390742
172 172 4 Worker 112672630
173 173 4 Worker 461498693
174 174 4 Worker 806993956
175 175 4 Worker 887764128
176 176 4 Worker 805861666
177 177 4 Worker 889775058
178 178 4 Worker 604459775
179 179 4 Worker 865041728
180 180 4 Worker 713619474
181 181 4 Worker 648400801
182 182 4 Worker 580100822
183 183 4 Worker 140134344
184 184 4 Worker 301232637
185 185 4 Worker 606730145
186 186 4 Worker 44607333
187 187 4 Worker 130299956
188 188 4 Worker 738334334
189 189 4 Worker 946850195
190 190 4 Worker 301530389
191 191 4 Worker 926079687
192 192 4 Worker 413744460
193 193 4 Worker 589989151
194 194 4 Worker 985307112
195 195 4 Worker 500906368
196 196 4 Worker 144701971
197 197 4 Worker 33734918
198 198 4 Worker 723035693
199 199 4 Worker 114941621
200 200 4 Worker 759475410
201 201 4 Worker 271224377
202 202 4 Worker 551394222
203 203 4 Worker 428050386
204 204 4 Worker 543637444
205 205 4 Worker 186074779
206 206 4 Worker 13259294
207 207 4 Worker 683209750
208 208 4 Worker 950781593
209 209 4 Worker 571103075
210 210 4 Worker 752029308
211 211 4 Worker 225408548
212 212 4 Worker 146159408
213 213 4 Worker 534839554
214 214 4 Worker 529393583
215 215 4 Worker 398476970
216 216 4 Worker 64617851
217 217 4 Worker 235763695
218 218 4 Worker 990514691
219 219 4 Worker 305631257
220 220 4 Worker 587530123
221 221 4 Worker 889482386
222 222 4 Worker 247558069
223 223 4 Worker 218353855
224 224 4 Worker 753395934
225 225 4 Worker 410832277
226 226 4 Worker 643029177
227 227 4 Worker 668783240
228 228 4 Worker 461780749
229 229 4 Worker 129522218
230 230 4 Worker 212151718
231 231 4 Worker 357452396
232 232 4 Worker 789377662
233 233 4 Worker 58059508
234 234 4 Worker 962386752
235 235 4 Worker 66287191
236 236 4 Worker 173119691
237 237 4 Worker 260486125
238 238 4 Worker 567243663
239 239 4 Worker 612139979
240 240 4 Worker 363303512
241 241 4 Worker 602176902
242 242 4 Worker 478987792
243 243 4 Worker 982365502
244 244 4 Worker 723266520
245 245 4 Worker 404681484
246 246 4 Worker 891565127
247 247 4 Worker 502364341
248 248 4 Worker 694792569
249 249 4 Worker 69110458
250 250 4 Worker 107335706
251 251 4 Worker 336578545
252 252 4 Worker 767351978
253 253 4 Worker 252138058
254 254 4 Worker 956886417
255 255 4 Worker 302973504
