0 0 -1 Splicer 475137625
1 1 0 Worker 310292234
2 2 -1 PersistentDB 357219206
3 3 -1 InMemoryDB 667283518
4 4 -1 WorkManager 543350142
5 5 4 Worker 290706310
6 6 4 Worker 789951071
7 7 4 Worker 665039056
8 8 4 Worker 11794987
9 9 4 Worker 14487723
10 10 4 Worker 264470760
11 11 4 Worker 626001292
12 12 4 Worker 331104025
13 13 4 Worker 251174333
14 14 4 Worker 388300013
15 15 4 Worker 257905741
16 16 4 Worker 935164009
17 17 4 Worker 253827995
18 18 4 Worker 77265010
19 19 4 Worker 132393963
20 20 4 Worker 157759833
21 21 4 Worker 907705439
22 22 4 Worker 475513747
23 23 4 Worker 701462521
24 24 4 Worker 99881175
25 25 4 Worker 741011624
26 26 4 Worker 492149453
27 27 4 Worker 821263741
28 28 4 Worker 793512021
29 29 4 Worker 195126539
30 30 4 Worker 597667173
31 31 4 Worker 294737337
32 32 4 Worker 190816575
33 33 4 Worker 923652901
34 34 4 Worker 368556209
35 35 4 Worker 399863567
36 36 4 Worker 75781204
37 37 4 Worker 787074534
38 38 4 Worker 734604960
39 39 4 Worker 378357062
40 40 4 Worker 204902187
41 41 4 Worker 612933351
42 42 4 Worker 544719067
43 43 4 Worker 536469866
44 44 4 Worker 648611379
45 45 4 Worker 248839086
46 46 4 Worker 977082245
47 47 4 Worker 578284145
48 48 4 Worker 608041412
49 49 4 Worker 999189493
50 50 4 Worker 205845262
51 51 4 Worker 919902917
52 52 4 Worker 427795848
53 53 4 Worker 309446654
54 54 4 Worker 450336848
55 55 4 Worker 274822764
56 56 4 Worker 683767301
57 57 4 Worker 130349608
58 58 4 Worker 690001517
59 59 4 Worker 531318683
60 60 4 Worker 170613129
61 61 4 Worker 244854397
62 62 4 Worker 866578724
63 63 4 Worker 46275426
64 64 4 Worker 433058077
65 65 4 Worker 448122367
66 66 4 Worker 716019935
67 67 4 Worker 349290744
68 68 4 Worker 42469039
69 69 4 Worker 212546887
70 70 4 Worker 895014094
71 71 4 Worker 201386051
72 72 4 Worker 405435120
73 73 4 Worker 923972871
74 74 4 Worker 338132433
75 75 4 Worker 113714765
76 76 4 Worker 180615635
77 77 4 Worker 648751644
78 78 4 Worker 667924509
79 79 4 Worker 74096179
80 80 4 Worker 627840019
81 81 4 Worker 778265426
82 82 4 Worker 870344408
83 83 4 Worker 164974296
84 84 4 Worker 262370224
85 85 4 Worker 443716052
86 86 4 Worker 563934926
87 87 4 Worker 278075155
88 88 4 Worker 512848106
89 89 4 Worker 870927532
90 90 4 Worker 50276541
91 91 4 Worker 417922103
92 92 4 Worker 419569651
93 93 4 Worker 678526309
94 94 4 Worker 415867301
95 95 4 Worker 95934503
96 96 4 Worker 883763521
97 97 4 Worker 646606103
98 98 4 Worker 529524372
99 99 4 Worker 181890892
100 100 4 Worker 420345177
101 101 4 Worker 714820350
102 102 4 Worker 940987890
103 103 4 Worker 162360383
104 104 4 Worker 960461488
105 105 4 Worker 690397966
106 106 4 Worker 169428243
107 107 4 Worker 51395515
108 108 4 Worker 555045327
109 109 4 Worker 458909609
110 110 4 Worker 805340567
111 111 4 Worker 96445734
112 112 4 Worker 338847349
113 113 4 Worker 537918762
114 114 4 Worker 807445038
115 115 4 Worker 728804986
116 116 4 Worker 713450541
117 117 4 Worker 649250308
118 118 4 Worker 468156244
119 119 4 Worker 984928200
120 120 4 Worker 810011038
121 121 4 Worker 161713134
122 122 4 Worker 793591166
123 123 4 Worker 477307695
124 124 4 Worker 830493296
125 125 4 Worker 472224840
126 126 4 Worker 949475689
127 127 4 Worker 140452907
128 128 4 Worker 953640630
129 129 4 Worker 56406122
130 130 4 Worker 93904667
131 131 4 Worker 116246770
132 132 4 Worker 817324764
133 133 4 Worker 322963859
134 134 4 Worker 861639922
135 135 4 Worker 956929052
136 136 4 Worker 822364666
137 137 4 Worker 855954812
138 138 4 Worker 796487519
139 139 4 Worker 126640830
140 140 4 Worker 705923746
141 141 4 Worker 652543806
142 142 4 Worker 788054582
143 143 4 Worker 469972906
144 144 4 Worker 197569530
145 145 4 Worker 627177893
146 146 4 Worker 507761330
147 147 4 Worker 869884177
148 148 4 Worker 791453101
149 149 4 Worker 88580191
150 150 4 Worker 415373741
151 151 4 Worker 705668466
152 152 4 Worker 153409411
153 153 4 Worker 446794305
154 154 4 Worker 909564535
155 155 4 Worker 353005324
156 156 4 Worker 882453131
157 157 4 Worker 327926335
158 158 4 Worker 905946535
159 159 4 Worker 468231802
160 160 4 Worker 834057405
161 161 4 Worker 328491962
162 162 4 Worker 821278023
163 163 4 Worker 702043083
164 164 4 Worker 153978483
165 165 4 Worker 970536456
166 166 4 Worker 410934563
167 167 4 Worker 506088146
168 168 4 Worker 629517115
169 169 4 Worker 4877089
170 170 4 Worker 132445814
171 171 4 Worker 304539712
172 172 4 Worker 250865794
173 173 4 Worker 906731605
174 174 4 Worker 436482745
175 175 4 Worker 113270419
176 176 4 Worker 826514177
177 177 4 Worker 875940593
178 178 4 Worker 695612220
179 179 4 Worker 251422480
180 180 4 Worker 524636068
181 181 4 Worker 593240272
182 182 4 Worker 560531396
183 183 4 Worker 566092092
184 184 4 Worker 197020678
185 185 4 Worker 352789199
186 186 4 Worker 199293879
187 187 4 Worker 735627401
188 188 4 Worker 473218095
189 189 4 Worker 323513598
190 190 4 Worker 694597625
191 191 4 Worker 790048053
192 192 4 Worker 470153097
193 193 4 Worker 798479213
194 194 4 Worker 174135685
195 195 4 Worker 207910833
196 196 4 Worker 384009159
197 197 4 Worker 173844939
198 198 4 Worker 981814578
199 199 4 Worker 575092895
200 200 4 Worker 236157479
201 201 4 Worker 307020505
202 202 4 Worker 315244994
203 203 4 Worker 218271564
204 204 4 Worker 238323986
205 205 4 Worker 341427908
206 206 4 Worker 533313281
207 207 4 Worker 723838890
208 208 4 Worker 943387469
209 209 4 Worker 869320397
210 210 4 Worker 615028870
211 211 4 Worker 221632303
212 212 4 Worker 390495420
213 213 4 Worker 408508779
214 214 4 Worker 803177337
215 215 4 Worker 822460811
216 216 4 Worker 172129460
217 217 4 Worker 425272116
218 218 4 Worker 9996583
219 219 4 Worker 50156648
220 220 4 Worker 484092008
221 221 4 Worker 52242744
222 222 4 Worker 274665538
223 223 4 Worker 860261517
224 224 4 Worker 271428844
225 225 4 Worker 526543239
226 226 4 Worker 145434183
227 227 4 Worker 914869670
228 228 4 Worker 32093792
229 229 4 Worker 885883925
230 230 4 Worker 891856149
231 231 4 Worker 761598772
232 232 4 Worker 472500145
233 233 4 Worker 789671673
234 234 4 Worker 735096391
235 235 4 Worker 840572852
236 236 4 Worker 877988373
237 237 4 Worker 927159978
238 238 4 Worker 885159884
239 239 4 Worker 263171889
240 240 4 Worker 878471533
241 241 4 Worker 310564618
242 242 4 Worker 768052575
243 243 4 Worker 42370290
244 244 4 Worker 966343248
245 245 4 Worker 430692799
246 246 4 Worker 711292632
247 247 4 Worker 536242
248 248 4 Worker 103862411
249 249 4 Worker 13726277
250 250 4 Worker 762278509
251 251 4 Worker 766681983
252 252 4 Worker 846145036
253 253 4 Worker 272909499
254 254 4 Worker 442390108
255 255 4 Worker 684926469
256 256 4 Worker 406803340
257 257 4 Worker 966010162
258 258 4 Worker 760933194
259 259 4 Worker 885035532
260 260 4 Worker 867195878
261 261 4 Worker 88311202
262 262 4 Worker 161342830
263 263 4 Worker 248257807
264 264 4 Worker 263890503
265 265 4 Worker 200110931
266 266 4 Worker 898399029
267 267 4 Worker 277357083
268 268 4 Worker 608319708
269 269 4 Worker 331250638
270 270 4 Worker 102451185
271 271 4 Worker 827276635
272 272 4 Worker 516744568
273 273 4 Worker 259911698
274 274 4 Worker 986224523
275 275 4 Worker 690916395
276 276 4 Worker 722061894
277 277 4 Worker 22837608
278 278 4 Worker 583228358
279 279 4 Worker 207036594
280 280 4 Worker 839405478
281 281 4 Worker 292397460
282 282 4 Worker 402482253
283 283 4 Worker 443013794
284 284 4 Worker 271805492
285 285 4 Worker 861043644
286 286 4 Worker 803054449
287 287 4 Worker 301440568
288 288 4 Worker 711667562
289 289 4 Worker 959376592
290 290 4 Worker 384145272
291 291 4 Worker 882417536
292 292 4 Worker 530873216
293 293 4 Worker 591422831
294 294 4 Worker 798203494
295 295 4 Worker 753752761
296 296 4 Worker 647202541
297 297 4 Worker 545106419
298 298 4 Worker 416940105
299 299 4 Worker 558496222
300 300 4 Worker 454247360
301 301 4 Worker 256050507
302 302 4 Worker 688194791
303 303 4 Worker 112839014
304 304 4 Worker 174011881
305 305 4 Worker 772445036
306 306 4 Worker 687466770
307 307 4 Worker 592042526
308 308 4 Worker 923712060
309 309 4 Worker 137829621
310 310 4 Worker 643505396
311 311 4 Worker 836546410
312 312 4 Worker 784487269
313 313 4 Worker 481794001
314 314 4 Worker 77964091
315 315 4 Worker 989045767
316 316 4 Worker 220284484
317 317 4 Worker 246815416
318 318 4 Worker 510808478
319 319 4 Worker 484617195
320 320 4 Worker 462276705
321 321 4 Worker 412880129
322 322 4 Worker 623913352
323 323 4 Worker 890901868
324 324 4 Worker 135845916
325 325 4 Worker 263313355
326 326 4 Worker 205394396
327 327 4 Worker 466546799
328 328 4 Worker 944132901
329 329 4 Worker 141571925
330 330 4 Worker 189032956
331 331 4 Worker 237925733
332 332 4 Worker 934337449
333 333 4 Worker 743239154
334 334 4 Worker 927208987
335 335 4 Worker 897660160
336 336 4 Worker 154205321
337 337 4 Worker 503325559
338 338 4 Worker 743466311
339 339 4 Worker 10310680
340 340 4 Worker 891947464
341 341 4 Worker 139515817
342 342 4 Worker 592657932
343 343 4 Worker 363390721
344 344 4 Worker 269720864
345 345 4 Worker 274005711
346 346 4 Worker 582485415
347 347 4 Worker 354596566
348 348 4 Worker 244990861
349 349 4 Worker 382803102
350 350 4 Worker 958793767
351 351 4 Worker 572858413
352 352 4 Worker 985326714
353 353 4 Worker 100444379
354 354 4 Worker 534437396
355 355 4 Worker 231878135
356 356 4 Worker 943595867
357 357 4 Worker 977483295
358 358 4 Worker 198687419
359 359 4 Worker 971899732
360 360 4 Worker 116424170
361 361 4 Worker 396484275
362 362 4 Worker 96815904
363 363 4 Worker 439690425
364 364 4 Worker 363872085
365 365 4 Worker 776806427
366 366 4 Worker 784805941
367 367 4 Worker 499401966
368 368 4 Worker 803604975
369 369 4 Worker 850201134
370 370 4 Worker 896974851
371 371 4 Worker 195266158
372 372 4 Worker 511193133
373 373 4 Worker 83166595
374 374 4 Worker 231238583
375 375 4 Worker 104198309
376 376 4 Worker 42481656
377 377 4 Worker 184346795
378 378 4 Worker 264585231
379 379 4 Worker 996664953
380 380 4 Worker 543757422
381 381 4 Worker 738192452
382 382 4 Worker 364915597
383 383 4 Worker 324933150
384 384 4 Worker 55056719
385 385 4 Worker 987517999
386 386 4 Worker 649359337
387 387 4 Worker 864534271
388 388 4 Worker 539977813
389 389 4 Worker 437060175
390 390 4 Worker 458903882
391 391 4 Worker 956529095
392 392 4 Worker 784227624
393 393 4 Worker 206553569
394 394 4 Worker 781923028
395 395 4 Worker 306589819
396 396 4 Worker 727408841
397 397 4 Worker 260332220
398 398 4 Worker 301874411
399 399 4 Worker 278671469
400 400 4 Worker 273554166
401 401 4 Worker 808035865
402 402 4 Worker 747783936
403 403 4 Worker 186784482
404 404 4 Worker 687351747
405 405 4 Worker 445442700
406 406 4 Worker 422059618
407 407 4 Worker 65763963
408 408 4 Worker 580756496
409 409 4 Worker 204707483
410 410 4 Worker 452837004
411 411 4 Worker 981178772
412 412 4 Worker 617575367
413 413 4 Worker 808228852
414 414 4 Worker 477613451
415 415 4 Worker 508875734
416 416 4 Worker 365594355
417 417 4 Worker 207910318
418 418 4 Worker 707148139
419 419 4 Worker 922968219
420 420 4 Worker 405641189
421 421 4 Worker 641917441
422 422 4 Worker 849561832
423 423 4 Worker 173488298
424 424 4 Worker 204987888
425 425 4 Worker 618184601
426 426 4 Worker 30814115
427 427 4 Worker 570686820
428 428 4 Worker 311152156
429 429 4 Worker 73589336
430 430 4 Worker 147339034
431 431 4 Worker 234464302
432 432 4 Worker 503279069
433 433 4 Worker 706072574
434 434 4 Worker 255514206
435 435 4 Worker 457968001
436 436 4 Worker 950797949
437 437 4 Worker 236326765
438 438 4 Worker 177588264
439 439 4 Worker 245060766
440 440 4 Worker 591403504
441 441 4 Worker 710429072
442 442 4 Worker 293919136
443 443 4 Worker 942615929
444 444 4 Worker 611401524
445 445 4 Worker 874103378
446 446 4 Worker 619281954
447 447 4 Worker 146294849
448 448 4 Worker 940509747
449 449 4 Worker 800790561
450 450 4 Worker 407846998
451 451 4 Worker 902964315
452 452 4 Worker 736471893
453 453 4 Worker 238688880
454 454 4 Worker 758184820
455 455 4 Worker 770006310
456 456 4 Worker 217564806
457 457 4 Worker 207586030
458 458 4 Worker 19781926
459 459 4 Worker 611148170
460 460 4 Worker 317371319
461 461 4 Worker 975967391
462 462 4 Worker 275984079
463 463 4 Worker 79941404
464 464 4 Worker 971176789
465 465 4 Worker 308601673
466 466 4 Worker 869639214
467 467 4 Worker 835801988
468 468 4 Worker 92746339
469 469 4 Worker 996196004
470 470 4 Worker 309401478
471 471 4 Worker 947791182
472 472 4 Worker 906766384
473 473 4 Worker 512414729
474 474 4 Worker 737496473
475 475 4 Worker 524995353
476 476 4 Worker 431192615
477 477 4 Worker 17069296
478 478 4 Worker 655209444
479 479 4 Worker 294964019
480 480 4 Worker 77934896
481 481 4 Worker 926677750
482 482 4 Worker 95874802
483 483 4 Worker 723510441
484 484 4 Worker 280415882
485 485 4 Worker 889124278
486 486 4 Worker 875338993
487 487 4 Worker 473189811
488 488 4 Worker 798431393
489 489 4 Worker 113818944
490 490 4 Worker 670780980
491 491 4 Worker 34192853
492 492 4 Worker 66299058
493 493 4 Worker 497591526
494 494 4 Worker 390288296
495 495 4 Worker 59834284
496 496 4 Worker 510225320
497 497 4 Worker 257226754
498 498 4 Worker 142521439
499 499 4 Worker 984993726
500 500 4 Worker 774894676
501 501 4 Worker 520560915
502 502 4 Worker 94881094
503 503 4 Worker 999912581
504 504 4 Worker 200959401
505 505 4 Worker 793061309
506 506 4 Worker 797724618
507 507 4 Worker 68718159
508 508 4 Worker 664140329
509 509 4 Worker 551365068
510 510 4 Worker 552701342
511 511 4 Worker 376001164
