0 0 -1 Splicer 260681522
1 1 0 Worker 216803172
2 2 -1 PersistentDB 583777838
3 3 -1 InMemoryDB 355472005
4 4 -1 WorkManager 365972089
5 5 4 Worker 516858670
6 6 4 Worker 724154233
7 7 4 Worker 185948056
8 8 4 Worker 300013796
9 9 4 Worker 38307609
10 10 4 Worker 350420402
11 11 4 Worker 185711945
12 12 4 Worker 294907202
13 13 4 Worker 125232080
14 14 4 Worker 369002577
15 15 4 Worker 825900519
16 16 4 Worker 833173830
17 17 4 Worker 560340468
18 18 4 Worker 824420648
19 19 4 Worker 274943941
20 20 4 Worker 689730689
21 21 4 Worker 935728539
22 22 4 Worker 60659607
23 23 4 Worker 427682024
24 24 4 Worker 234793308
25 25 4 Worker 378221388
26 26 4 Worker 290881730
27 27 4 Worker 256274057
28 28 4 Worker 13511045
29 29 4 Worker 928717354
30 30 4 Worker 597706284
31 31 4 Worker 832982754
32 32 4 Worker 801235327
33 33 4 Worker 466281501
34 34 4 Worker 994782336
35 35 4 Worker 19208973
36 36 4 Worker 176492883
37 37 4 Worker 590943829
38 38 4 Worker 453850549
39 39 4 Worker 740010623
40 40 4 Worker 9665305
41 41 4 Worker 671504237
42 42 4 Worker 45027999
43 43 4 Worker 610684764
44 44 4 Worker 107368590
45 45 4 Worker 520415118
46 46 4 Worker 616896489
47 47 4 Worker 231662046
48 48 4 Worker 884720104
49 49 4 Worker 437036714
50 50 4 Worker 263524427
51 51 4 Worker 746190488
52 52 4 Worker 660617576
53 53 4 Worker 631555237
54 54 4 Worker 730812254
55 55 4 Worker 341749554
56 56 4 Worker 544996907
57 57 4 Worker 351078163
58 58 4 Worker 960770962
59 59 4 Worker 775670725
60 60 4 Worker 762841014
61 61 4 Worker 166500291
62 62 4 Worker 461977200
63 63 4 Worker 940107535
64 64 4 Worker 844180854
65 65 4 Worker 776576794
66 66 4 Worker 226648176
67 67 4 Worker 469547368
68 68 4 Worker 123580453
69 69 4 Worker 323624203
70 70 4 Worker 340532417
71 71 4 Worker 559072703
72 72 4 Worker 183841322
73 73 4 Worker 198944971
74 74 4 Worker 385330190
75 75 4 Worker 587737310
76 76 4 Worker 278282046
77 77 4 Worker 890249766
78 78 4 Worker 682349028
79 79 4 Worker 600169759
80 80 4 Worker 183609594
81 81 4 Worker 988710424
82 82 4 Worker 851060274
83 83 4 Worker 500092510
84 84 4 Worker 52272405
85 85 4 Worker 967649023
86 86 4 Worker 978372032
87 87 4 Worker 785415185
88 88 4 Worker 749932744
89 89 4 Worker 276082248
90 90 4 Worker 37767710
91 91 4 Worker 94904067
92 92 4 Worker 233484790
93 93 4 Worker 985708422
94 94 4 Worker 345015164
95 95 4 Worker 803459823
96 96 4 Worker 55082602
97 97 4 Worker 864244843
98 98 4 Worker 390518051
99 99 4 Worker 990884554
100 100 4 Worker 936754084
101 101 4 Worker 714906903
102 102 4 Worker 214628769
103 103 4 Worker 91337369
104 104 4 Worker 829937660
105 105 4 Worker 895136355
106 106 4 Worker 178501163
107 107 4 Worker 400079460
108 108 4 Worker 134006327
109 109 4 Worker 784042522
110 110 4 Worker 176683414
111 111 4 Worker 793661965
112 112 4 Worker 34186564
113 113 4 Worker 88190371
114 114 4 Worker 740472096
115 115 4 Worker 729337224
116 116 4 Worker 40746869
117 117 4 Worker 464362868
118 118 4 Worker 816579837
119 119 4 Worker 917780610
120 120 4 Worker 849072362
121 121 4 Worker 48085334
122 122 4 Worker 687471610
123 123 4 Worker 488489046
124 124 4 Worker 532412012
125 125 4 Worker 313103095
126 126 4 Worker 472057504
127 127 4 Worker 874597102
128 128 4 Worker 678958730
129 129 4 Worker 827581497
130 130 4 Worker 486888059
131 131 4 Worker 950925209
132 132 4 Worker 889125022
133 133 4 Worker 529847040
134 134 4 Worker 940473859
135 135 4 Worker 763006618
136 136 4 Worker 194800722
137 137 4 Worker 482636151
138 138 4 Worker 257761085
139 139 4 Worker 437892627
140 140 4 Worker 15221110
141 141 4 Worker 480104818
142 142 4 Worker 339778729
143 143 4 Worker 213671458
144 144 4 Worker 660826978
145 145 4 Worker 228752132
146 146 4 Worker 136380771
147 147 4 Worker 514968040
148 148 4 Worker 838839853
149 149 4 Worker 647250429
150 150 4 Worker 921570103
151 151 4 Worker 74285572
152 152 4 Worker 670775421
153 153 4 Worker 248483773
154 154 4 Worker 151842190
155 155 4 Worker 48790136
156 156 4 Worker 171836777
157 157 4 Worker 580467039
158 158 4 Worker 791308265
159 159 4 Worker 460831465
160 160 4 Worker 603532594
161 161 4 Worker 697244648
162 162 4 Worker 558731494
163 163 4 Worker 605293951
164 164 4 Worker 526649640
165 165 4 Worker 91919380
166 166 4 Worker 293329072
167 167 4 Worker 858857569
168 168 4 Worker 171049558
169 169 4 Worker 890723800
170 170 4 Worker 921511720
171 171 4 Worker 315925786
172 172 4 Worker 205951513
173 173 4 Worker 618817930
174 174 4 Worker 386757548
175 175 4 Worker 893695775
176 176 4 Worker 169321836
177 177 4 Worker 992381791
178 178 4 Worker 827909069
179 179 4 Worker 858160648
180 180 4 Worker 126322327
181 181 4 Worker 156867604
182 182 4 Worker 498666486
183 183 4 Worker 271909111
184 184 4 Worker 403323864
185 185 4 Worker 297040080
186 186 4 Worker 344952166
187 187 4 Worker 282237182
188 188 4 Worker 511183603
189 189 4 Worker 502183869
190 190 4 Worker 475258318
191 191 4 Worker 354841335
192 192 4 Worker 171766882
193 193 4 Worker 439097626
194 194 4 Worker 453441683
195 195 4 Worker 551816819
196 196 4 Worker 592933576
197 197 4 Worker 690368138
198 198 4 Worker 905440872
199 199 4 Worker 883550000
200 200 4 Worker 132104114
201 201 4 Worker 554315770
202 202 4 Worker 312673237
203 203 4 Worker 695988734
204 204 4 Worker 3627765
205 205 4 Worker 55966537
206 206 4 Worker 35604921
207 207 4 Worker 443299780
208 208 4 Worker 651391784
209 209 4 Worker 692345103
210 210 4 Worker 173720143
211 211 4 Worker 348803232
212 212 4 Worker 306642882
213 213 4 Worker 707905065
214 214 4 Worker 408219936
215 215 4 Worker 909646653
216 216 4 Worker 505776655
217 217 4 Worker 75783401
218 218 4 Worker 570013548
219 219 4 Worker 191216894
220 220 4 Worker 496716653
221 221 4 Worker 632983002
222 222 4 Worker 833868822
223 223 4 Worker 547470287
224 224 4 Worker 42317776
225 225 4 Worker 150434698
226 226 4 Worker 180597297
227 227 4 Worker 739253482
228 228 4 Worker 811371881
229 229 4 Worker 174334098
230 230 4 Worker 566442262
231 231 4 Worker 487550912
232 232 4 Worker 837667558
233 233 4 Worker 927133078
234 234 4 Worker 601566807
235 235 4 Worker 274406354
236 236 4 Worker 107621847
237 237 4 Worker 895312262
238 238 4 Worker 892232606
239 239 4 Worker 782444261
240 240 4 Worker 235301922
241 241 4 Worker 100283402
242 242 4 Worker 248751465
243 243 4 Worker 422325494
244 244 4 Worker 331515240
245 245 4 Worker 436210949
246 246 4 Worker 124986975
247 247 4 Worker 499779774
248 248 4 Worker 245295413
249 249 4 Worker 681832096
250 250 4 Worker 457667400
251 251 4 Worker 287003455
252 252 4 Worker 156147417
253 253 4 Worker 844035861
254 254 4 Worker 915749862
255 255 4 Worker 634413349
