0 0 -1 Splicer 304152630
1 1 0 Worker 215224091
2 2 -1 PersistentDB 756091797
3 3 -1 InMemoryDB 670924778
4 4 -1 WorkManager 235966006
5 5 4 Worker 220824947
6 6 4 Worker 848092929
7 7 4 Worker 476383623
8 8 4 Worker 372731944
9 9 4 Worker 13921909
10 10 4 Worker 94154119
11 11 4 Worker 941436531
12 12 4 Worker 945268584
13 13 4 Worker 185088726
14 14 4 Worker 444413781
15 15 4 Worker 131655307
16 16 4 Worker 297741864
17 17 4 Worker 600752687
18 18 4 Worker 420076135
19 19 4 Worker 421556332
20 20 4 Worker 77924368
21 21 4 Worker 44533306
22 22 4 Worker 48150497
23 23 4 Worker 626130728
24 24 4 Worker 37542046
25 25 4 Worker 604403550
26 26 4 Worker 333464541
27 27 4 Worker 5149435
28 28 4 Worker 576950264
29 29 4 Worker 824981013
30 30 4 Worker 982770851
31 31 4 Worker 313381838
