0 0 -1 Splicer 978171900
1 1 0 Worker 209557665
2 2 -1 PersistentDB 216050017
3 3 -1 InMemoryDB 633707137
4 4 -1 WorkManager 209403855
5 5 4 Worker 947324621
6 6 4 Worker 551009160
7 7 4 Worker 435075872
8 8 4 Worker 677037795
9 9 4 Worker 938769971
10 10 4 Worker 735360097
11 11 4 Worker 3687782
12 12 4 Worker 574643820
13 13 4 Worker 863960649
14 14 4 Worker 330555069
15 15 4 Worker 854228476
16 16 4 Worker 388648093
17 17 4 Worker 414672584
18 18 4 Worker 71093554
19 19 4 Worker 338168053
20 20 4 Worker 622443573
21 21 4 Worker 264769248
22 22 4 Worker 716758448
23 23 4 Worker 524252075
24 24 4 Worker 769198613
25 25 4 Worker 658644835
26 26 4 Worker 210091157
27 27 4 Worker 762536305
28 28 4 Worker 440101105
29 29 4 Worker 261045398
30 30 4 Worker 30419790
31 31 4 Worker 822992604
