0 0 -1 Splicer 843665731
1 1 0 Worker 259867006
2 2 -1 PersistentDB 75012309
3 3 -1 InMemoryDB 167045010
4 4 -1 WorkManager 920725189
5 5 4 Worker 489872645
6 6 4 Worker 614252088
7 7 4 Worker 61473591
8 8 4 Worker 671413156
9 9 4 Worker 377980503
10 10 4 Worker 16054073
11 11 4 Worker 652257548
12 12 4 Worker 773579928
13 13 4 Worker 95826355
14 14 4 Worker 459937968
15 15 4 Worker 343390620
16 16 4 Worker 210637892
17 17 4 Worker 575821687
18 18 4 Worker 125898520
19 19 4 Worker 48009094
20 20 4 Worker 182059154
21 21 4 Worker 919753387
22 22 4 Worker 703986562
23 23 4 Worker 649595580
24 24 4 Worker 940126957
25 25 4 Worker 69535121
26 26 4 Worker 622734775
27 27 4 Worker 48415313
28 28 4 Worker 669111930
29 29 4 Worker 661515236
30 30 4 Worker 300061467
31 31 4 Worker 524120866
32 32 4 Worker 421193180
33 33 4 Worker 133134919
34 34 4 Worker 936899327
35 35 4 Worker 584694608
36 36 4 Worker 75624386
37 37 4 Worker 667850098
38 38 4 Worker 618070045
39 39 4 Worker 693976348
40 40 4 Worker 577704129
41 41 4 Worker 725000459
42 42 4 Worker 589584887
43 43 4 Worker 223313027
44 44 4 Worker 139440621
45 45 4 Worker 603907845
46 46 4 Worker 584017761
47 47 4 Worker 877434938
48 48 4 Worker 70927207
49 49 4 Worker 700346140
50 50 4 Worker 596524589
51 51 4 Worker 288200027
52 52 4 Worker 816617092
53 53 4 Worker 819099188
54 54 4 Worker 922801329
55 55 4 Worker 993494753
56 56 4 Worker 561231834
57 57 4 Worker 362616598
58 58 4 Worker 519889347
59 59 4 Worker 411716277
60 60 4 Worker 860362790
61 61 4 Worker 576382094
62 62 4 Worker 930688464
63 63 4 Worker 246770672
64 64 4 Worker 39410182
65 65 4 Worker 757184677
66 66 4 Worker 385051079
67 67 4 Worker 208795934
68 68 4 Worker 339992148
69 69 4 Worker 175125985
70 70 4 Worker 258538483
71 71 4 Worker 416912193
72 72 4 Worker 396853845
73 73 4 Worker 952688089
74 74 4 Worker 354625708
75 75 4 Worker 567641864
76 76 4 Worker 179880556
77 77 4 Worker 316207663
78 78 4 Worker 263568544
79 79 4 Worker 283719516
80 80 4 Worker 801212760
81 81 4 Worker 874792435
82 82 4 Worker 838218572
83 83 4 Worker 585284118
84 84 4 Worker 432280591
85 85 4 Worker 573081067
86 86 4 Worker 7456863
87 87 4 Worker 493185765
88 88 4 Worker 864514933
89 89 4 Worker 643998151
90 90 4 Worker 252791612
91 91 4 Worker 916883629
92 92 4 Worker 99015660
93 93 4 Worker 535016189
94 94 4 Worker 650718523
95 95 4 Worker 38755049
96 96 4 Worker 705632243
97 97 4 Worker 224786292
98 98 4 Worker 75189544
99 99 4 Worker 205024838
100 100 4 Worker 282508952
101 101 4 Worker 17971809
102 102 4 Worker 575618854
103 103 4 Worker 22314363
104 104 4 Worker 233208865
105 105 4 Worker 736396746
106 106 4 Worker 289404114
107 107 4 Worker 219285406
108 108 4 Worker 905913887
109 109 4 Worker 233652521
110 110 4 Worker 198521563
111 111 4 Worker 198919989
112 112 4 Worker 977763159
113 113 4 Worker 355820102
114 114 4 Worker 409575296
115 115 4 Worker 796563655
116 116 4 Worker 757031649
117 117 4 Worker 55471841
118 118 4 Worker 801357151
119 119 4 Worker 598566014
120 120 4 Worker 30999194
121 121 4 Worker 451010396
122 122 4 Worker 715486026
123 123 4 Worker 937624910
124 124 4 Worker 171883637
125 125 4 Worker 815070818
126 126 4 Worker 859956333
127 127 4 Worker 231691257
