0 0 -1 Splicer 353689142
1 1 0 Worker 792052409
2 2 -1 PersistentDB 216293582
3 3 -1 InMemoryDB 960115293
4 4 -1 WorkManager 375799051
5 5 4 Worker 363640597
6 6 4 Worker 244106413
7 7 4 Worker 176130127
8 8 4 Worker 99952648
9 9 4 Worker 467658581
10 10 4 Worker 180617663
11 11 4 Worker 89085275
12 12 4 Worker 649183236
13 13 4 Worker 598206674
14 14 4 Worker 203983307
15 15 4 Worker 238865721
16 16 4 Worker 571370114
17 17 4 Worker 518016374
18 18 4 Worker 913420943
19 19 4 Worker 273017453
20 20 4 Worker 170225476
21 21 4 Worker 323273305
22 22 4 Worker 153909775
23 23 4 Worker 913609339
24 24 4 Worker 170893534
25 25 4 Worker 305884950
26 26 4 Worker 647604476
27 27 4 Worker 96638893
28 28 4 Worker 361919957
29 29 4 Worker 947114417
30 30 4 Worker 571822213
31 31 4 Worker 820459377
