0 0 -1 Splicer 579704767
1 1 0 Worker 909859017
2 1 0 Worker 909859017
3 1 0 Worker 909859017
4 1 0 Worker 909859017
5 1 0 Worker 909859017
6 1 0 Worker 909859017
7 1 0 Worker 909859017
8 1 0 Worker 909859017
9 1 0 Worker 909859017
10 1 0 Worker 909859017
11 1 0 Worker 909859017
12 1 0 Worker 909859017
13 1 0 Worker 909859017
14 1 0 Worker 909859017
15 1 0 Worker 909859017
16 1 0 Worker 909859017
17 1 0 Worker 909859017
18 1 0 Worker 909859017
19 1 0 Worker 909859017
20 1 0 Worker 909859017
21 1 0 Worker 909859017
22 1 0 Worker 909859017
23 1 0 Worker 909859017
24 1 0 Worker 909859017
25 1 0 Worker 909859017
26 1 0 Worker 909859017
27 1 0 Worker 909859017
28 1 0 Worker 909859017
29 1 0 Worker 909859017
30 1 0 Worker 909859017
31 2 -1 PersistentDB 501941411
32 3 -1 InMemoryDB 374226988
33 4 -1 WorkManager 23046837
34 5 33 Worker 260592523
35 5 33 Worker 260592523
36 5 33 Worker 260592523
37 5 33 Worker 260592523
38 5 33 Worker 260592523
39 5 33 Worker 260592523
40 5 33 Worker 260592523
41 5 33 Worker 260592523
42 5 33 Worker 260592523
43 5 33 Worker 260592523
44 5 33 Worker 260592523
45 5 33 Worker 260592523
46 5 33 Worker 260592523
47 5 33 Worker 260592523
48 5 33 Worker 260592523
49 5 33 Worker 260592523
50 5 33 Worker 260592523
51 5 33 Worker 260592523
52 5 33 Worker 260592523
53 5 33 Worker 260592523
54 5 33 Worker 260592523
55 5 33 Worker 260592523
56 5 33 Worker 260592523
57 5 33 Worker 260592523
58 5 33 Worker 260592523
59 5 33 Worker 260592523
60 5 33 Worker 260592523
61 5 33 Worker 260592523
62 5 33 Worker 260592523
63 5 33 Worker 260592523
64 6 33 Worker 488059689
65 6 33 Worker 488059689
66 6 33 Worker 488059689
67 6 33 Worker 488059689
68 6 33 Worker 488059689
69 6 33 Worker 488059689
70 6 33 Worker 488059689
71 6 33 Worker 488059689
72 6 33 Worker 488059689
73 6 33 Worker 488059689
74 6 33 Worker 488059689
75 6 33 Worker 488059689
76 6 33 Worker 488059689
77 6 33 Worker 488059689
78 6 33 Worker 488059689
79 6 33 Worker 488059689
80 6 33 Worker 488059689
81 6 33 Worker 488059689
82 6 33 Worker 488059689
83 6 33 Worker 488059689
84 6 33 Worker 488059689
85 6 33 Worker 488059689
86 6 33 Worker 488059689
87 6 33 Worker 488059689
88 6 33 Worker 488059689
89 6 33 Worker 488059689
90 6 33 Worker 488059689
91 6 33 Worker 488059689
92 6 33 Worker 488059689
93 6 33 Worker 488059689
