0 0 -1 Splicer 625696097
1 1 0 Worker 810803523
2 2 -1 PersistentDB 121938627
3 3 -1 InMemoryDB 762559934
4 4 -1 WorkManager 758793461
5 5 4 Worker 224994716
6 6 4 Worker 861338364
7 7 4 Worker 78535972
8 8 4 Worker 506316663
9 9 4 Worker 342772815
10 10 4 Worker 967752897
11 11 4 Worker 759799918
12 12 4 Worker 849726269
13 13 4 Worker 209688199
14 14 4 Worker 258375503
15 15 4 Worker 554864919
16 16 4 Worker 962922724
17 17 4 Worker 487732134
18 18 4 Worker 169864550
19 19 4 Worker 978397794
20 20 4 Worker 817270989
21 21 4 Worker 428916035
22 22 4 Worker 10906076
23 23 4 Worker 496107834
24 24 4 Worker 19259039
25 25 4 Worker 706040206
26 26 4 Worker 789192868
27 27 4 Worker 245562223
28 28 4 Worker 212297338
29 29 4 Worker 686392166
30 30 4 Worker 990536188
31 31 4 Worker 833058541
32 32 4 Worker 386107833
33 33 4 Worker 487728726
34 34 4 Worker 22079121
35 35 4 Worker 566767927
36 36 4 Worker 746846642
37 37 4 Worker 891416340
38 38 4 Worker 213080448
39 39 4 Worker 560033396
40 40 4 Worker 581069433
41 41 4 Worker 898905676
42 42 4 Worker 394229747
43 43 4 Worker 582835663
44 44 4 Worker 893879820
45 45 4 Worker 332649499
46 46 4 Worker 583253429
47 47 4 Worker 424761966
48 48 4 Worker 952007125
49 49 4 Worker 906202766
50 50 4 Worker 430062475
51 51 4 Worker 369309662
52 52 4 Worker 326325977
53 53 4 Worker 219266373
54 54 4 Worker 917024997
55 55 4 Worker 713421325
56 56 4 Worker 77119385
57 57 4 Worker 316749640
58 58 4 Worker 911323387
59 59 4 Worker 555878078
60 60 4 Worker 190670662
61 61 4 Worker 7122050
62 62 4 Worker 505670078
63 63 4 Worker 466643208
64 64 4 Worker 737263393
65 65 4 Worker 544201118
66 66 4 Worker 837533695
67 67 4 Worker 993893379
68 68 4 Worker 234764241
69 69 4 Worker 980554391
70 70 4 Worker 10491699
71 71 4 Worker 220937601
72 72 4 Worker 487492991
73 73 4 Worker 434433452
74 74 4 Worker 86001205
75 75 4 Worker 826022367
76 76 4 Worker 382589950
77 77 4 Worker 344915867
78 78 4 Worker 617728146
79 79 4 Worker 754757618
80 80 4 Worker 306630043
81 81 4 Worker 172271771
82 82 4 Worker 589484246
83 83 4 Worker 645021914
84 84 4 Worker 524584401
85 85 4 Worker 355640974
86 86 4 Worker 783349086
87 87 4 Worker 20461470
88 88 4 Worker 611300165
89 89 4 Worker 840263652
90 90 4 Worker 154519081
91 91 4 Worker 955805260
92 92 4 Worker 413416293
93 93 4 Worker 482188722
94 94 4 Worker 674924730
95 95 4 Worker 869806192
96 96 4 Worker 5166643
97 97 4 Worker 35140428
98 98 4 Worker 242759878
99 99 4 Worker 777342798
100 100 4 Worker 887383200
101 101 4 Worker 675157924
102 102 4 Worker 807572692
103 103 4 Worker 425190156
104 104 4 Worker 873988630
105 105 4 Worker 963912059
106 106 4 Worker 654174387
107 107 4 Worker 22985507
108 108 4 Worker 156986695
109 109 4 Worker 736247752
110 110 4 Worker 533444258
111 111 4 Worker 975236239
112 112 4 Worker 41173929
113 113 4 Worker 361938462
114 114 4 Worker 521264776
115 115 4 Worker 194227163
116 116 4 Worker 415520524
117 117 4 Worker 743878381
118 118 4 Worker 77145065
119 119 4 Worker 33886735
120 120 4 Worker 764836368
121 121 4 Worker 171641596
122 122 4 Worker 234174728
123 123 4 Worker 292757526
124 124 4 Worker 202243451
125 125 4 Worker 270647531
126 126 4 Worker 278810675
127 127 4 Worker 327462202
128 128 4 Worker 421477028
129 129 4 Worker 908650660
130 130 4 Worker 574558403
131 131 4 Worker 986393858
132 132 4 Worker 683354208
133 133 4 Worker 127927587
134 134 4 Worker 175404663
135 135 4 Worker 303284376
136 136 4 Worker 983768517
137 137 4 Worker 691755444
138 138 4 Worker 541983125
139 139 4 Worker 859118336
140 140 4 Worker 234328867
141 141 4 Worker 449639277
142 142 4 Worker 895005415
143 143 4 Worker 598197060
144 144 4 Worker 517780519
145 145 4 Worker 60478894
146 146 4 Worker 777807974
147 147 4 Worker 1711093
148 148 4 Worker 372846761
149 149 4 Worker 242658217
150 150 4 Worker 174141059
151 151 4 Worker 697815511
152 152 4 Worker 38913230
153 153 4 Worker 504526058
154 154 4 Worker 538111444
155 155 4 Worker 409441619
156 156 4 Worker 377893443
157 157 4 Worker 427749557
158 158 4 Worker 74280842
159 159 4 Worker 764913275
160 160 4 Worker 161607247
161 161 4 Worker 162767084
162 162 4 Worker 677766593
163 163 4 Worker 527782213
164 164 4 Worker 271493844
165 165 4 Worker 841398952
166 166 4 Worker 112629013
167 167 4 Worker 878262876
168 168 4 Worker 134936549
169 169 4 Worker 524883972
170 170 4 Worker 1767647
171 171 4 Worker 517416468
172 172 4 Worker 649722739
173 173 4 Worker 73022417
174 174 4 Worker 49749562
175 175 4 Worker 352639622
176 176 4 Worker 265824058
177 177 4 Worker 983033036
178 178 4 Worker 915100886
179 179 4 Worker 122192040
180 180 4 Worker 512526613
181 181 4 Worker 810006909
182 182 4 Worker 32984646
183 183 4 Worker 694765257
184 184 4 Worker 855437368
185 185 4 Worker 118263393
186 186 4 Worker 642385173
187 187 4 Worker 145189253
188 188 4 Worker 267168911
189 189 4 Worker 317175154
190 190 4 Worker 673827707
191 191 4 Worker 617297492
192 192 4 Worker 985734361
193 193 4 Worker 550147339
194 194 4 Worker 652967587
195 195 4 Worker 649313456
196 196 4 Worker 630920937
197 197 4 Worker 835987717
198 198 4 Worker 990368276
199 199 4 Worker 457121854
200 200 4 Worker 80937615
201 201 4 Worker 690500074
202 202 4 Worker 137688234
203 203 4 Worker 173523135
204 204 4 Worker 475001435
205 205 4 Worker 848489630
206 206 4 Worker 564952339
207 207 4 Worker 162627936
208 208 4 Worker 758606239
209 209 4 Worker 992571776
210 210 4 Worker 797870212
211 211 4 Worker 421181333
212 212 4 Worker 577921071
213 213 4 Worker 65390872
214 214 4 Worker 610378104
215 215 4 Worker 354501377
216 216 4 Worker 147112647
217 217 4 Worker 603821774
218 218 4 Worker 743968456
219 219 4 Worker 103250524
220 220 4 Worker 880858232
221 221 4 Worker 930917395
222 222 4 Worker 893167714
223 223 4 Worker 305360693
224 224 4 Worker 610355638
225 225 4 Worker 486468956
226 226 4 Worker 178836741
227 227 4 Worker 142761605
228 228 4 Worker 389536441
229 229 4 Worker 86934221
230 230 4 Worker 281936268
231 231 4 Worker 997885512
232 232 4 Worker 20663803
233 233 4 Worker 557343836
234 234 4 Worker 695879476
235 235 4 Worker 302942936
236 236 4 Worker 556405353
237 237 4 Worker 283142217
238 238 4 Worker 338650842
239 239 4 Worker 874272463
240 240 4 Worker 211494678
241 241 4 Worker 821013866
242 242 4 Worker 201816464
243 243 4 Worker 89850617
244 244 4 Worker 473418648
245 245 4 Worker 540878291
246 246 4 Worker 121717353
247 247 4 Worker 870800523
248 248 4 Worker 675156030
249 249 4 Worker 217607410
250 250 4 Worker 63860366
251 251 4 Worker 118372007
252 252 4 Worker 51409376
253 253 4 Worker 983881309
254 254 4 Worker 684902740
255 255 4 Worker 185361570
