0 0 -1 Splicer 288216900
1 1 0 Worker 935349062
2 2 -1 PersistentDB 587391271
3 3 -1 InMemoryDB 855663091
4 4 -1 WorkManager 5158003
5 5 4 Worker 926325816
6 6 4 Worker 670142101
7 7 4 Worker 133402348
8 8 4 Worker 304688150
9 9 4 Worker 915696354
10 10 4 Worker 500835733
11 11 4 Worker 480422613
12 12 4 Worker 111149836
13 13 4 Worker 311185385
14 14 4 Worker 959808879
15 15 4 Worker 723152315
16 16 4 Worker 288546838
17 17 4 Worker 885005989
18 18 4 Worker 928131685
19 19 4 Worker 401457578
20 20 4 Worker 765034767
21 21 4 Worker 515504840
22 22 4 Worker 412838056
23 23 4 Worker 340550572
24 24 4 Worker 37198966
25 25 4 Worker 71959643
26 26 4 Worker 183541022
27 27 4 Worker 817939232
28 28 4 Worker 442746867
29 29 4 Worker 66350375
30 30 4 Worker 79759788
31 31 4 Worker 226102346
