0 0 -1 Splicer 686936173
1 1 0 Worker 134526183
2 2 -1 PersistentDB 265488606
3 3 -1 InMemoryDB 461006508
4 4 -1 WorkManager 705222756
5 5 4 Worker 687220401
6 6 4 Worker 346164029
7 7 4 Worker 164812897
8 8 4 Worker 266126123
9 9 4 Worker 644463512
10 10 4 Worker 855387054
11 11 4 Worker 902640946
12 12 4 Worker 295627124
13 13 4 Worker 633800885
14 14 4 Worker 200689229
15 15 4 Worker 328599301
16 16 4 Worker 462317276
17 17 4 Worker 268269066
18 18 4 Worker 618862899
19 19 4 Worker 940995054
20 20 4 Worker 487059103
21 21 4 Worker 508667017
22 22 4 Worker 823627720
23 23 4 Worker 995845958
24 24 4 Worker 497487965
25 25 4 Worker 126226037
26 26 4 Worker 402028335
27 27 4 Worker 209936010
28 28 4 Worker 721351467
29 29 4 Worker 7239593
30 30 4 Worker 8162281
31 31 4 Worker 914082984
32 32 4 Worker 222823785
33 33 4 Worker 645323309
34 34 4 Worker 529818293
35 35 4 Worker 589226943
36 36 4 Worker 433205493
37 37 4 Worker 97646028
38 38 4 Worker 658693766
39 39 4 Worker 339121259
40 40 4 Worker 428814117
41 41 4 Worker 397820598
42 42 4 Worker 123248688
43 43 4 Worker 688340901
44 44 4 Worker 309972394
45 45 4 Worker 751278841
46 46 4 Worker 723580636
47 47 4 Worker 966972140
48 48 4 Worker 992840676
49 49 4 Worker 181636443
50 50 4 Worker 524633837
51 51 4 Worker 104226493
52 52 4 Worker 946362780
53 53 4 Worker 637242895
54 54 4 Worker 722947977
55 55 4 Worker 412438446
56 56 4 Worker 600499794
57 57 4 Worker 207225621
58 58 4 Worker 378208092
59 59 4 Worker 775168615
60 60 4 Worker 801536974
61 61 4 Worker 140356827
62 62 4 Worker 359445003
63 63 4 Worker 3520782
64 64 4 Worker 760603132
65 65 4 Worker 822698712
66 66 4 Worker 881968007
67 67 4 Worker 829887951
68 68 4 Worker 576102213
69 69 4 Worker 505759080
70 70 4 Worker 780927395
71 71 4 Worker 753190212
72 72 4 Worker 422658050
73 73 4 Worker 15176509
74 74 4 Worker 328706879
75 75 4 Worker 986900713
76 76 4 Worker 351068569
77 77 4 Worker 452752670
78 78 4 Worker 280081781
79 79 4 Worker 13977319
80 80 4 Worker 229628879
81 81 4 Worker 564768522
82 82 4 Worker 919637559
83 83 4 Worker 32554637
84 84 4 Worker 274094078
85 85 4 Worker 716092173
86 86 4 Worker 391489305
87 87 4 Worker 135227330
88 88 4 Worker 415901453
89 89 4 Worker 609809205
90 90 4 Worker 701386527
91 91 4 Worker 976036158
92 92 4 Worker 974941671
93 93 4 Worker 51662382
94 94 4 Worker 668163312
95 95 4 Worker 663743102
96 96 4 Worker 122245930
97 97 4 Worker 55304069
98 98 4 Worker 261414522
99 99 4 Worker 572234885
100 100 4 Worker 219315430
101 101 4 Worker 698572339
102 102 4 Worker 602956263
103 103 4 Worker 751679061
104 104 4 Worker 221166113
105 105 4 Worker 527900479
106 106 4 Worker 716456839
107 107 4 Worker 395269597
108 108 4 Worker 908003119
109 109 4 Worker 417914538
110 110 4 Worker 264442891
111 111 4 Worker 649007328
112 112 4 Worker 243334954
113 113 4 Worker 264743566
114 114 4 Worker 299350293
115 115 4 Worker 983569568
116 116 4 Worker 792778736
117 117 4 Worker 104849771
118 118 4 Worker 376644921
119 119 4 Worker 909347369
120 120 4 Worker 767675860
121 121 4 Worker 312174606
122 122 4 Worker 31658076
123 123 4 Worker 438012733
124 124 4 Worker 762406483
125 125 4 Worker 604269215
126 126 4 Worker 407053321
127 127 4 Worker 557416544
128 128 4 Worker 522150854
129 129 4 Worker 285182123
130 130 4 Worker 429621456
131 131 4 Worker 5001506
132 132 4 Worker 795983338
133 133 4 Worker 386415722
134 134 4 Worker 258641803
135 135 4 Worker 818242307
136 136 4 Worker 837898919
137 137 4 Worker 419151694
138 138 4 Worker 121783878
139 139 4 Worker 594469949
140 140 4 Worker 150842460
141 141 4 Worker 901121582
142 142 4 Worker 896498238
143 143 4 Worker 459926188
144 144 4 Worker 910494786
145 145 4 Worker 953621163
146 146 4 Worker 257999003
147 147 4 Worker 532403559
148 148 4 Worker 176744580
149 149 4 Worker 585043896
150 150 4 Worker 452756103
151 151 4 Worker 79700912
152 152 4 Worker 377235250
153 153 4 Worker 136060662
154 154 4 Worker 490718724
155 155 4 Worker 596794074
156 156 4 Worker 481861063
157 157 4 Worker 989479048
158 158 4 Worker 446177330
159 159 4 Worker 114331917
160 160 4 Worker 288780389
161 161 4 Worker 227165361
162 162 4 Worker 430351837
163 163 4 Worker 441653371
164 164 4 Worker 483445718
165 165 4 Worker 273173472
166 166 4 Worker 315751542
167 167 4 Worker 112104395
168 168 4 Worker 234164517
169 169 4 Worker 27801012
170 170 4 Worker 201080820
171 171 4 Worker 362583602
172 172 4 Worker 923635690
173 173 4 Worker 684969888
174 174 4 Worker 792525630
175 175 4 Worker 98934976
176 176 4 Worker 15361418
177 177 4 Worker 148027471
178 178 4 Worker 809899089
179 179 4 Worker 181289595
180 180 4 Worker 126481676
181 181 4 Worker 270420760
182 182 4 Worker 4704426
183 183 4 Worker 256209262
184 184 4 Worker 179291048
185 185 4 Worker 250646695
186 186 4 Worker 349975098
187 187 4 Worker 781570432
188 188 4 Worker 14599924
189 189 4 Worker 826771308
190 190 4 Worker 924312959
191 191 4 Worker 624359322
192 192 4 Worker 132634393
193 193 4 Worker 595598783
194 194 4 Worker 69540934
195 195 4 Worker 462869539
196 196 4 Worker 315108359
197 197 4 Worker 714006527
198 198 4 Worker 708169303
199 199 4 Worker 765258882
200 200 4 Worker 925360789
201 201 4 Worker 984080553
202 202 4 Worker 295450138
203 203 4 Worker 476074924
204 204 4 Worker 91434929
205 205 4 Worker 786089103
206 206 4 Worker 445244175
207 207 4 Worker 362055974
208 208 4 Worker 945126905
209 209 4 Worker 628719712
210 210 4 Worker 411047222
211 211 4 Worker 558063544
212 212 4 Worker 685724346
213 213 4 Worker 348422854
214 214 4 Worker 828040167
215 215 4 Worker 426505700
216 216 4 Worker 927591565
217 217 4 Worker 255663964
218 218 4 Worker 938483847
219 219 4 Worker 143547698
220 220 4 Worker 693855670
221 221 4 Worker 977854661
222 222 4 Worker 204209708
223 223 4 Worker 279337437
224 224 4 Worker 325891447
225 225 4 Worker 703547906
226 226 4 Worker 327569644
227 227 4 Worker 936056233
228 228 4 Worker 929679106
229 229 4 Worker 110202826
230 230 4 Worker 938280236
231 231 4 Worker 507071956
232 232 4 Worker 42153577
233 233 4 Worker 433114484
234 234 4 Worker 290065616
235 235 4 Worker 211551902
236 236 4 Worker 573527760
237 237 4 Worker 936216599
238 238 4 Worker 19772946
239 239 4 Worker 78397028
240 240 4 Worker 599321663
241 241 4 Worker 596906260
242 242 4 Worker 404819709
243 243 4 Worker 415487381
244 244 4 Worker 526490630
245 245 4 Worker 22833030
246 246 4 Worker 264794360
247 247 4 Worker 844028253
248 248 4 Worker 931643053
249 249 4 Worker 595020358
250 250 4 Worker 187768337
251 251 4 Worker 61951310
252 252 4 Worker 907167874
253 253 4 Worker 802505127
254 254 4 Worker 448643283
255 255 4 Worker 481128212
256 256 4 Worker 51060312
257 257 4 Worker 777938590
258 258 4 Worker 836536481
259 259 4 Worker 833593981
260 260 4 Worker 873777654
261 261 4 Worker 618891998
262 262 4 Worker 504519306
263 263 4 Worker 531386279
264 264 4 Worker 995655271
265 265 4 Worker 404405782
266 266 4 Worker 373701008
267 267 4 Worker 742972156
268 268 4 Worker 601256685
269 269 4 Worker 7155156
270 270 4 Worker 905202741
271 271 4 Worker 80679646
272 272 4 Worker 939138984
273 273 4 Worker 400741325
274 274 4 Worker 986094268
275 275 4 Worker 880089362
276 276 4 Worker 775899186
277 277 4 Worker 355774822
278 278 4 Worker 357629210
279 279 4 Worker 376013425
280 280 4 Worker 20702896
281 281 4 Worker 696755388
282 282 4 Worker 550648570
283 283 4 Worker 595129792
284 284 4 Worker 567454212
285 285 4 Worker 115394817
286 286 4 Worker 418789300
287 287 4 Worker 273865584
288 288 4 Worker 472957385
289 289 4 Worker 342617155
290 290 4 Worker 706329220
291 291 4 Worker 595072993
292 292 4 Worker 482254991
293 293 4 Worker 802780622
294 294 4 Worker 988055945
295 295 4 Worker 194780505
296 296 4 Worker 123332177
297 297 4 Worker 27741280
298 298 4 Worker 726515868
299 299 4 Worker 321077439
300 300 4 Worker 838502191
301 301 4 Worker 124825358
302 302 4 Worker 571564926
303 303 4 Worker 231923837
304 304 4 Worker 63285190
305 305 4 Worker 356988375
306 306 4 Worker 740293512
307 307 4 Worker 4957730
308 308 4 Worker 611959252
309 309 4 Worker 397039173
310 310 4 Worker 971159835
311 311 4 Worker 965295320
312 312 4 Worker 982227118
313 313 4 Worker 562634427
314 314 4 Worker 262813063
315 315 4 Worker 845648999
316 316 4 Worker 19072227
317 317 4 Worker 802804602
318 318 4 Worker 216129464
319 319 4 Worker 187962106
320 320 4 Worker 51572119
321 321 4 Worker 103022712
322 322 4 Worker 956502622
323 323 4 Worker 292429296
324 324 4 Worker 334548223
325 325 4 Worker 330887253
326 326 4 Worker 977182571
327 327 4 Worker 691003017
328 328 4 Worker 272331132
329 329 4 Worker 412810209
330 330 4 Worker 970847149
331 331 4 Worker 353793623
332 332 4 Worker 753430305
333 333 4 Worker 336707380
334 334 4 Worker 599618685
335 335 4 Worker 757136629
336 336 4 Worker 671434925
337 337 4 Worker 67318947
338 338 4 Worker 714425530
339 339 4 Worker 712745751
340 340 4 Worker 625536458
341 341 4 Worker 218348905
342 342 4 Worker 375459033
343 343 4 Worker 227260394
344 344 4 Worker 616511328
345 345 4 Worker 786102362
346 346 4 Worker 333191636
347 347 4 Worker 811287652
348 348 4 Worker 533058929
349 349 4 Worker 939302749
350 350 4 Worker 674112386
351 351 4 Worker 933188553
352 352 4 Worker 36966582
353 353 4 Worker 953111427
354 354 4 Worker 609160621
355 355 4 Worker 563955024
356 356 4 Worker 861074836
357 357 4 Worker 63345290
358 358 4 Worker 724453818
359 359 4 Worker 738485775
360 360 4 Worker 447604214
361 361 4 Worker 236470395
362 362 4 Worker 354135832
363 363 4 Worker 413411735
364 364 4 Worker 501177416
365 365 4 Worker 479140346
366 366 4 Worker 515128204
367 367 4 Worker 904852359
368 368 4 Worker 369559248
369 369 4 Worker 116640706
370 370 4 Worker 105717615
371 371 4 Worker 841464412
372 372 4 Worker 329078070
373 373 4 Worker 310301587
374 374 4 Worker 393566154
375 375 4 Worker 362274563
376 376 4 Worker 292924333
377 377 4 Worker 112585034
378 378 4 Worker 617960872
379 379 4 Worker 447198740
380 380 4 Worker 801383136
381 381 4 Worker 185246809
382 382 4 Worker 607094695
383 383 4 Worker 509291338
384 384 4 Worker 20774979
385 385 4 Worker 761892274
386 386 4 Worker 145217978
387 387 4 Worker 953269077
388 388 4 Worker 734078183
389 389 4 Worker 861608281
390 390 4 Worker 615055029
391 391 4 Worker 648191445
392 392 4 Worker 713531780
393 393 4 Worker 731517255
394 394 4 Worker 394902030
395 395 4 Worker 286868773
396 396 4 Worker 492428995
397 397 4 Worker 574038094
398 398 4 Worker 366092012
399 399 4 Worker 14962404
400 400 4 Worker 728474773
401 401 4 Worker 294630013
402 402 4 Worker 300680141
403 403 4 Worker 86737210
404 404 4 Worker 838791573
405 405 4 Worker 217125384
406 406 4 Worker 246359946
407 407 4 Worker 776319283
408 408 4 Worker 97954285
409 409 4 Worker 620632902
410 410 4 Worker 63549606
411 411 4 Worker 883487008
412 412 4 Worker 212797606
413 413 4 Worker 700931558
414 414 4 Worker 961280707
415 415 4 Worker 839976781
416 416 4 Worker 180598424
417 417 4 Worker 462481642
418 418 4 Worker 820687563
419 419 4 Worker 765944230
420 420 4 Worker 761172600
421 421 4 Worker 859320409
422 422 4 Worker 713003020
423 423 4 Worker 745692493
424 424 4 Worker 540939839
425 425 4 Worker 908932317
426 426 4 Worker 14641697
427 427 4 Worker 245880124
428 428 4 Worker 168606709
429 429 4 Worker 373621953
430 430 4 Worker 139480141
431 431 4 Worker 453227187
432 432 4 Worker 561360008
433 433 4 Worker 307976201
434 434 4 Worker 920380633
435 435 4 Worker 649583228
436 436 4 Worker 997542165
437 437 4 Worker 51714858
438 438 4 Worker 122491433
439 439 4 Worker 33283114
440 440 4 Worker 854334949
441 441 4 Worker 55021277
442 442 4 Worker 130568203
443 443 4 Worker 308970109
444 444 4 Worker 958328386
445 445 4 Worker 770704933
446 446 4 Worker 867452829
447 447 4 Worker 256982108
448 448 4 Worker 796260995
449 449 4 Worker 603289153
450 450 4 Worker 976430692
451 451 4 Worker 390057462
452 452 4 Worker 127621547
453 453 4 Worker 647577825
454 454 4 Worker 786199535
455 455 4 Worker 768065053
456 456 4 Worker 413918804
457 457 4 Worker 470533502
458 458 4 Worker 397964568
459 459 4 Worker 913052009
460 460 4 Worker 690794347
461 461 4 Worker 27073367
462 462 4 Worker 954496182
463 463 4 Worker 24266052
464 464 4 Worker 639696918
465 465 4 Worker 755093718
466 466 4 Worker 628051837
467 467 4 Worker 598862779
468 468 4 Worker 409834086
469 469 4 Worker 750355701
470 470 4 Worker 140720996
471 471 4 Worker 488938257
472 472 4 Worker 99721216
473 473 4 Worker 764959956
474 474 4 Worker 507447031
475 475 4 Worker 682841374
476 476 4 Worker 308398916
477 477 4 Worker 496754673
478 478 4 Worker 41014246
479 479 4 Worker 803186586
480 480 4 Worker 297108269
481 481 4 Worker 65338299
482 482 4 Worker 190378767
483 483 4 Worker 538233308
484 484 4 Worker 300075279
485 485 4 Worker 792175039
486 486 4 Worker 524873767
487 487 4 Worker 159981979
488 488 4 Worker 771343117
489 489 4 Worker 797710851
490 490 4 Worker 258068628
491 491 4 Worker 846686507
492 492 4 Worker 121722958
493 493 4 Worker 355210488
494 494 4 Worker 759987261
495 495 4 Worker 981057671
496 496 4 Worker 643464437
497 497 4 Worker 747079546
498 498 4 Worker 598237662
499 499 4 Worker 21862805
500 500 4 Worker 888694097
501 501 4 Worker 538420503
502 502 4 Worker 99809739
503 503 4 Worker 594267060
504 504 4 Worker 254412986
505 505 4 Worker 627631420
506 506 4 Worker 354621676
507 507 4 Worker 419450800
508 508 4 Worker 804430686
509 509 4 Worker 734793384
510 510 4 Worker 444537918
511 511 4 Worker 408179468
