0 0 -1 Splicer 838795427
1 1 0 Worker 652538367
2 2 -1 PersistentDB 456570766
3 3 -1 InMemoryDB 571973348
4 4 -1 WorkManager 506764411
5 5 4 Worker 495769944
6 6 4 Worker 945176645
7 7 4 Worker 787363991
8 8 4 Worker 545872850
9 9 4 Worker 83472487
10 10 4 Worker 516390625
11 11 4 Worker 928318305
12 12 4 Worker 388717513
13 13 4 Worker 406571494
14 14 4 Worker 24405285
15 15 4 Worker 366659351
16 16 4 Worker 857358316
17 17 4 Worker 502455920
18 18 4 Worker 652077200
19 19 4 Worker 526342327
20 20 4 Worker 728166027
21 21 4 Worker 750956674
22 22 4 Worker 296948112
23 23 4 Worker 771197869
24 24 4 Worker 567559261
25 25 4 Worker 833107256
26 26 4 Worker 259557887
27 27 4 Worker 247852935
28 28 4 Worker 489667428
29 29 4 Worker 217574909
30 30 4 Worker 622399651
31 31 4 Worker 262905786
