0 0 -1 Splicer 899480391
1 1 0 Worker 488585778
2 2 -1 PersistentDB 62256971
3 3 -1 InMemoryDB 172102359
4 4 -1 WorkManager 164051757
5 5 4 Worker 882020876
6 6 4 Worker 349919607
7 7 4 Worker 875654884
8 8 4 Worker 394950015
9 9 4 Worker 95921113
10 10 4 Worker 340315506
11 11 4 Worker 269613812
12 12 4 Worker 195333710
13 13 4 Worker 585563531
14 14 4 Worker 557333783
15 15 4 Worker 69787817
16 16 4 Worker 178116656
17 17 4 Worker 433713440
18 18 4 Worker 164808447
19 19 4 Worker 370883615
20 20 4 Worker 833784118
21 21 4 Worker 65835544
22 22 4 Worker 910843949
23 23 4 Worker 847009708
24 24 4 Worker 738030140
25 25 4 Worker 869260627
26 26 4 Worker 7493566
27 27 4 Worker 240632961
28 28 4 Worker 947764612
29 29 4 Worker 984829452
30 30 4 Worker 594275630
31 31 4 Worker 541360543
32 32 4 Worker 480077271
33 33 4 Worker 908474209
34 34 4 Worker 855032535
35 35 4 Worker 504731633
36 36 4 Worker 894582361
37 37 4 Worker 239179820
38 38 4 Worker 473659560
39 39 4 Worker 34153929
40 40 4 Worker 725066259
41 41 4 Worker 123036730
42 42 4 Worker 968683060
43 43 4 Worker 222613519
44 44 4 Worker 45890483
45 45 4 Worker 237305983
46 46 4 Worker 837055789
47 47 4 Worker 74183666
48 48 4 Worker 916584716
49 49 4 Worker 616885850
50 50 4 Worker 554629764
51 51 4 Worker 150084355
52 52 4 Worker 579154116
53 53 4 Worker 801543387
54 54 4 Worker 480373410
55 55 4 Worker 352578511
56 56 4 Worker 31108845
57 57 4 Worker 689365137
58 58 4 Worker 172116000
59 59 4 Worker 559801533
60 60 4 Worker 239392100
61 61 4 Worker 74209295
62 62 4 Worker 395569895
63 63 4 Worker 13693469
64 64 4 Worker 6511550
65 65 4 Worker 379559965
66 66 4 Worker 115440241
67 67 4 Worker 481416452
68 68 4 Worker 121577670
69 69 4 Worker 33249890
70 70 4 Worker 23999010
71 71 4 Worker 727357082
72 72 4 Worker 577610436
73 73 4 Worker 383035536
74 74 4 Worker 221855373
75 75 4 Worker 530238983
76 76 4 Worker 555771351
77 77 4 Worker 403508229
78 78 4 Worker 267093666
79 79 4 Worker 744263156
80 80 4 Worker 880531488
81 81 4 Worker 862106840
82 82 4 Worker 767621293
83 83 4 Worker 195581052
84 84 4 Worker 486887660
85 85 4 Worker 864647472
86 86 4 Worker 584783127
87 87 4 Worker 305832783
88 88 4 Worker 39041838
89 89 4 Worker 531161446
90 90 4 Worker 37976654
91 91 4 Worker 498307175
92 92 4 Worker 862688947
93 93 4 Worker 908969623
94 94 4 Worker 188021667
95 95 4 Worker 781019177
96 96 4 Worker 261791184
97 97 4 Worker 923175400
98 98 4 Worker 337844880
99 99 4 Worker 20371521
100 100 4 Worker 460846091
101 101 4 Worker 480656420
102 102 4 Worker 943983979
103 103 4 Worker 637560579
104 104 4 Worker 273191196
105 105 4 Worker 878934037
106 106 4 Worker 859847673
107 107 4 Worker 414044267
108 108 4 Worker 779894467
109 109 4 Worker 38429027
110 110 4 Worker 950013294
111 111 4 Worker 188942712
112 112 4 Worker 652886126
113 113 4 Worker 891704994
114 114 4 Worker 650277897
115 115 4 Worker 475533558
116 116 4 Worker 989081265
117 117 4 Worker 725557560
118 118 4 Worker 303581157
119 119 4 Worker 387654797
120 120 4 Worker 506643645
121 121 4 Worker 417224058
122 122 4 Worker 281253699
123 123 4 Worker 833031317
124 124 4 Worker 462790866
125 125 4 Worker 867990817
126 126 4 Worker 115541393
127 127 4 Worker 912703254
128 128 4 Worker 333795796
129 129 4 Worker 895771502
130 130 4 Worker 495076228
131 131 4 Worker 683978736
132 132 4 Worker 987574737
133 133 4 Worker 219201596
134 134 4 Worker 288575217
135 135 4 Worker 641764037
136 136 4 Worker 945716449
137 137 4 Worker 939208683
138 138 4 Worker 114542680
139 139 4 Worker 324805119
140 140 4 Worker 996753855
141 141 4 Worker 308531210
142 142 4 Worker 733073269
143 143 4 Worker 293816839
144 144 4 Worker 136849531
145 145 4 Worker 40849115
146 146 4 Worker 865516125
147 147 4 Worker 514166962
148 148 4 Worker 239824997
149 149 4 Worker 806263895
150 150 4 Worker 639437754
151 151 4 Worker 934359402
152 152 4 Worker 776487066
153 153 4 Worker 34946759
154 154 4 Worker 885425104
155 155 4 Worker 452235389
156 156 4 Worker 86566987
157 157 4 Worker 449147391
158 158 4 Worker 236949743
159 159 4 Worker 265024307
160 160 4 Worker 469942248
161 161 4 Worker 271698443
162 162 4 Worker 615424751
163 163 4 Worker 197494112
164 164 4 Worker 154966562
165 165 4 Worker 240959152
166 166 4 Worker 596065287
167 167 4 Worker 312086298
168 168 4 Worker 921201886
169 169 4 Worker 546592424
170 170 4 Worker 185312653
171 171 4 Worker 307060066
172 172 4 Worker 2326733
173 173 4 Worker 48311327
174 174 4 Worker 965109221
175 175 4 Worker 455916549
176 176 4 Worker 860612569
177 177 4 Worker 663506472
178 178 4 Worker 723815148
179 179 4 Worker 65803356
180 180 4 Worker 46899375
181 181 4 Worker 357447147
182 182 4 Worker 41392660
183 183 4 Worker 116894896
184 184 4 Worker 852327637
185 185 4 Worker 685601078
186 186 4 Worker 131224538
187 187 4 Worker 438938453
188 188 4 Worker 688518431
189 189 4 Worker 188261804
190 190 4 Worker 764086761
191 191 4 Worker 822592505
192 192 4 Worker 872058808
193 193 4 Worker 135662866
194 194 4 Worker 357090129
195 195 4 Worker 244789213
196 196 4 Worker 996774799
197 197 4 Worker 423185753
198 198 4 Worker 754795634
199 199 4 Worker 247866027
200 200 4 Worker 56083759
201 201 4 Worker 907279704
202 202 4 Worker 685657201
203 203 4 Worker 944868066
204 204 4 Worker 314066091
205 205 4 Worker 544343962
206 206 4 Worker 512715801
207 207 4 Worker 312522285
208 208 4 Worker 541315020
209 209 4 Worker 367568298
210 210 4 Worker 17421219
211 211 4 Worker 676829305
212 212 4 Worker 882699481
213 213 4 Worker 415705601
214 214 4 Worker 245775844
215 215 4 Worker 43325348
216 216 4 Worker 159174831
217 217 4 Worker 893977965
218 218 4 Worker 245005848
219 219 4 Worker 378080460
220 220 4 Worker 86447305
221 221 4 Worker 247426749
222 222 4 Worker 196629301
223 223 4 Worker 861274121
224 224 4 Worker 298094939
225 225 4 Worker 595270445
226 226 4 Worker 780432078
227 227 4 Worker 736919466
228 228 4 Worker 493619037
229 229 4 Worker 693595646
230 230 4 Worker 20544982
231 231 4 Worker 871705670
232 232 4 Worker 430305451
233 233 4 Worker 804249006
234 234 4 Worker 498300512
235 235 4 Worker 267324175
236 236 4 Worker 466320176
237 237 4 Worker 860566788
238 238 4 Worker 413685780
239 239 4 Worker 40634317
240 240 4 Worker 788734377
241 241 4 Worker 618684946
242 242 4 Worker 451795921
243 243 4 Worker 330510415
244 244 4 Worker 446167783
245 245 4 Worker 381802206
246 246 4 Worker 973463506
247 247 4 Worker 390292403
248 248 4 Worker 776183902
249 249 4 Worker 8747753
250 250 4 Worker 335673202
251 251 4 Worker 73237447
252 252 4 Worker 271468005
253 253 4 Worker 651369973
254 254 4 Worker 434531811
255 255 4 Worker 855966475
