0 0 -1 Splicer 149892246
1 1 0 Worker 442375305
2 2 -1 PersistentDB 65548348
3 3 -1 InMemoryDB 847735403
4 4 -1 WorkManager 389396267
5 5 4 Worker 231646980
6 6 4 Worker 907339793
7 7 4 Worker 798256435
8 8 4 Worker 333353643
9 9 4 Worker 269933659
10 10 4 Worker 626862741
11 11 4 Worker 234316021
12 12 4 Worker 771970934
13 13 4 Worker 813703649
14 14 4 Worker 922752636
15 15 4 Worker 697820903
16 16 4 Worker 10608359
17 17 4 Worker 452051694
18 18 4 Worker 510780937
19 19 4 Worker 767168930
20 20 4 Worker 752591595
21 21 4 Worker 493522191
22 22 4 Worker 610057777
23 23 4 Worker 3837725
24 24 4 Worker 432156909
25 25 4 Worker 317166453
26 26 4 Worker 118325863
27 27 4 Worker 499198307
28 28 4 Worker 10121316
29 29 4 Worker 490948630
30 30 4 Worker 456648748
31 31 4 Worker 433788686
32 32 4 Worker 329487312
33 33 4 Worker 700862890
34 34 4 Worker 156809960
35 35 4 Worker 4193961
36 36 4 Worker 558995642
37 37 4 Worker 63521946
38 38 4 Worker 803870858
39 39 4 Worker 36383860
40 40 4 Worker 181041205
41 41 4 Worker 886031715
42 42 4 Worker 855697053
43 43 4 Worker 664630366
44 44 4 Worker 216352825
45 45 4 Worker 645157263
46 46 4 Worker 879166972
47 47 4 Worker 781425083
48 48 4 Worker 343104294
49 49 4 Worker 986838226
50 50 4 Worker 573481311
51 51 4 Worker 780689890
52 52 4 Worker 60869075
53 53 4 Worker 71670505
54 54 4 Worker 415393472
55 55 4 Worker 262858839
56 56 4 Worker 56645240
57 57 4 Worker 683954942
58 58 4 Worker 51214341
59 59 4 Worker 587305536
60 60 4 Worker 18691151
61 61 4 Worker 305104392
62 62 4 Worker 902121705
63 63 4 Worker 762827160
64 64 4 Worker 536092103
65 65 4 Worker 172748613
66 66 4 Worker 347571062
67 67 4 Worker 308289994
68 68 4 Worker 317773833
69 69 4 Worker 670341872
70 70 4 Worker 472137255
71 71 4 Worker 898349473
72 72 4 Worker 963017254
73 73 4 Worker 175170632
74 74 4 Worker 739043991
75 75 4 Worker 237951257
76 76 4 Worker 580592381
77 77 4 Worker 783449367
78 78 4 Worker 417623669
79 79 4 Worker 589142142
80 80 4 Worker 687138489
81 81 4 Worker 447472512
82 82 4 Worker 504986888
83 83 4 Worker 936920746
84 84 4 Worker 767789794
85 85 4 Worker 397195451
86 86 4 Worker 739054053
87 87 4 Worker 693301438
88 88 4 Worker 748937660
89 89 4 Worker 257978670
90 90 4 Worker 214144386
91 91 4 Worker 631461363
92 92 4 Worker 811849133
93 93 4 Worker 551765877
94 94 4 Worker 34733599
95 95 4 Worker 60188764
96 96 4 Worker 185341436
97 97 4 Worker 170960533
98 98 4 Worker 472414285
99 99 4 Worker 199681939
100 100 4 Worker 698632524
101 101 4 Worker 382531431
102 102 4 Worker 136110400
103 103 4 Worker 118900682
104 104 4 Worker 34291387
105 105 4 Worker 76042961
106 106 4 Worker 734360118
107 107 4 Worker 673486020
108 108 4 Worker 938824055
109 109 4 Worker 404243948
110 110 4 Worker 661082776
111 111 4 Worker 158080160
112 112 4 Worker 124051083
113 113 4 Worker 742966212
114 114 4 Worker 101537532
115 115 4 Worker 770042790
116 116 4 Worker 519961462
117 117 4 Worker 645128015
118 118 4 Worker 563826748
119 119 4 Worker 9334370
120 120 4 Worker 200056908
121 121 4 Worker 158514919
122 122 4 Worker 578188269
123 123 4 Worker 28413837
124 124 4 Worker 225185495
125 125 4 Worker 96569225
126 126 4 Worker 739712384
127 127 4 Worker 642591488
128 128 4 Worker 936082004
129 129 4 Worker 326801531
130 130 4 Worker 803285374
131 131 4 Worker 951174396
132 132 4 Worker 262868494
133 133 4 Worker 770166766
134 134 4 Worker 394744181
135 135 4 Worker 818057354
136 136 4 Worker 189448031
137 137 4 Worker 526528354
138 138 4 Worker 760445068
139 139 4 Worker 556079057
140 140 4 Worker 864869135
141 141 4 Worker 683609707
142 142 4 Worker 253301752
143 143 4 Worker 631124895
144 144 4 Worker 945651417
145 145 4 Worker 900989815
146 146 4 Worker 668790103
147 147 4 Worker 834114950
148 148 4 Worker 445438882
149 149 4 Worker 560404834
150 150 4 Worker 130689665
151 151 4 Worker 42564073
152 152 4 Worker 609562876
153 153 4 Worker 889765134
154 154 4 Worker 790152183
155 155 4 Worker 201280333
156 156 4 Worker 736748169
157 157 4 Worker 411840003
158 158 4 Worker 547870232
159 159 4 Worker 831768650
160 160 4 Worker 288847790
161 161 4 Worker 375758655
162 162 4 Worker 541677363
163 163 4 Worker 268714031
164 164 4 Worker 147605486
165 165 4 Worker 355879933
166 166 4 Worker 785942464
167 167 4 Worker 428586072
168 168 4 Worker 893784531
169 169 4 Worker 588490936
170 170 4 Worker 931240419
171 171 4 Worker 556075556
172 172 4 Worker 706225846
173 173 4 Worker 675281451
174 174 4 Worker 490608065
175 175 4 Worker 100544904
176 176 4 Worker 280750838
177 177 4 Worker 267428564
178 178 4 Worker 552101143
179 179 4 Worker 726095244
180 180 4 Worker 284753300
181 181 4 Worker 769361704
182 182 4 Worker 816243053
183 183 4 Worker 371989793
184 184 4 Worker 714047351
185 185 4 Worker 656464301
186 186 4 Worker 517708013
187 187 4 Worker 918802803
188 188 4 Worker 875364843
189 189 4 Worker 710460819
190 190 4 Worker 747520864
191 191 4 Worker 725913282
192 192 4 Worker 210235734
193 193 4 Worker 300092792
194 194 4 Worker 499991871
195 195 4 Worker 524947771
196 196 4 Worker 358923912
197 197 4 Worker 101016111
198 198 4 Worker 262455561
199 199 4 Worker 634562444
200 200 4 Worker 876613730
201 201 4 Worker 323191840
202 202 4 Worker 628064961
203 203 4 Worker 745412402
204 204 4 Worker 33833330
205 205 4 Worker 523367298
206 206 4 Worker 934863514
207 207 4 Worker 348958902
208 208 4 Worker 607891115
209 209 4 Worker 964377711
210 210 4 Worker 514465198
211 211 4 Worker 810083279
212 212 4 Worker 664704651
213 213 4 Worker 537983866
214 214 4 Worker 705310599
215 215 4 Worker 893040576
216 216 4 Worker 402117278
217 217 4 Worker 794951801
218 218 4 Worker 920539051
219 219 4 Worker 586698126
220 220 4 Worker 780042965
221 221 4 Worker 649983775
222 222 4 Worker 949130741
223 223 4 Worker 635955394
224 224 4 Worker 147465257
225 225 4 Worker 465808941
226 226 4 Worker 28837318
227 227 4 Worker 588996398
228 228 4 Worker 674399202
229 229 4 Worker 662910727
230 230 4 Worker 485749372
231 231 4 Worker 697856863
232 232 4 Worker 456907572
233 233 4 Worker 605268064
234 234 4 Worker 2122211
235 235 4 Worker 363747120
236 236 4 Worker 217667700
237 237 4 Worker 593473447
238 238 4 Worker 338418188
239 239 4 Worker 183973867
240 240 4 Worker 24584487
241 241 4 Worker 714807643
242 242 4 Worker 719217146
243 243 4 Worker 401544382
244 244 4 Worker 822164954
245 245 4 Worker 348964294
246 246 4 Worker 403223037
247 247 4 Worker 270070218
248 248 4 Worker 552300510
249 249 4 Worker 836673482
250 250 4 Worker 86196354
251 251 4 Worker 102386289
252 252 4 Worker 313419274
253 253 4 Worker 116415384
254 254 4 Worker 314266581
255 255 4 Worker 378623802
