0 0 -1 Splicer 890969798
1 1 0 Worker 991724718
2 2 -1 PersistentDB 181588805
3 3 -1 InMemoryDB 893353131
4 4 -1 WorkManager 920036783
5 5 4 Worker 941251104
6 6 4 Worker 531362866
7 7 4 Worker 188376470
8 8 4 Worker 556098466
9 9 4 Worker 23310522
10 10 4 Worker 898150606
11 11 4 Worker 424973170
12 12 4 Worker 603585709
13 13 4 Worker 454126118
14 14 4 Worker 537865890
15 15 4 Worker 669428378
16 16 4 Worker 571558995
17 17 4 Worker 983038588
18 18 4 Worker 152203189
19 19 4 Worker 700411083
20 20 4 Worker 960188639
21 21 4 Worker 543262455
22 22 4 Worker 955170072
23 23 4 Worker 768990902
24 24 4 Worker 695912039
25 25 4 Worker 748406256
26 26 4 Worker 88124434
27 27 4 Worker 621485435
28 28 4 Worker 535762900
29 29 4 Worker 538987584
30 30 4 Worker 55304527
31 31 4 Worker 986986996
32 32 4 Worker 681063461
33 33 4 Worker 197902202
34 34 4 Worker 372749585
35 35 4 Worker 567270355
36 36 4 Worker 863758737
37 37 4 Worker 496680820
38 38 4 Worker 853349062
39 39 4 Worker 323594312
40 40 4 Worker 604885149
41 41 4 Worker 570790792
42 42 4 Worker 581208216
43 43 4 Worker 936726263
44 44 4 Worker 271659595
45 45 4 Worker 116660406
46 46 4 Worker 183497821
47 47 4 Worker 54011452
48 48 4 Worker 555079292
49 49 4 Worker 831583237
50 50 4 Worker 274655480
51 51 4 Worker 758594558
52 52 4 Worker 407811900
53 53 4 Worker 644032620
54 54 4 Worker 143288364
55 55 4 Worker 547950266
56 56 4 Worker 9369252
57 57 4 Worker 926227455
58 58 4 Worker 261070099
59 59 4 Worker 155355600
60 60 4 Worker 394355906
61 61 4 Worker 618076162
62 62 4 Worker 181700338
63 63 4 Worker 106525660
64 64 4 Worker 398365162
65 65 4 Worker 778716707
66 66 4 Worker 574236231
67 67 4 Worker 641737410
68 68 4 Worker 200196483
69 69 4 Worker 949774037
70 70 4 Worker 315047601
71 71 4 Worker 15960808
72 72 4 Worker 804641290
73 73 4 Worker 909936142
74 74 4 Worker 232201558
75 75 4 Worker 523186801
76 76 4 Worker 816627682
77 77 4 Worker 154551090
78 78 4 Worker 386466863
79 79 4 Worker 753101593
80 80 4 Worker 702972766
81 81 4 Worker 945834290
82 82 4 Worker 859652606
83 83 4 Worker 250275390
84 84 4 Worker 295218153
85 85 4 Worker 718177043
86 86 4 Worker 592115224
87 87 4 Worker 190107243
88 88 4 Worker 457187892
89 89 4 Worker 260228455
90 90 4 Worker 384950371
91 91 4 Worker 267582051
92 92 4 Worker 25730074
93 93 4 Worker 712829090
94 94 4 Worker 520667236
95 95 4 Worker 428113496
96 96 4 Worker 790738131
97 97 4 Worker 523790836
98 98 4 Worker 295082484
99 99 4 Worker 213884643
100 100 4 Worker 542462082
101 101 4 Worker 554662893
102 102 4 Worker 620508989
103 103 4 Worker 880750614
104 104 4 Worker 243324686
105 105 4 Worker 728785286
106 106 4 Worker 759884284
107 107 4 Worker 187224965
108 108 4 Worker 99963390
109 109 4 Worker 484065335
110 110 4 Worker 968459945
111 111 4 Worker 77135836
112 112 4 Worker 318389654
113 113 4 Worker 993528281
114 114 4 Worker 907642970
115 115 4 Worker 771147131
116 116 4 Worker 809554876
117 117 4 Worker 12585040
118 118 4 Worker 462825064
119 119 4 Worker 10302199
120 120 4 Worker 754057532
121 121 4 Worker 382223967
122 122 4 Worker 462895758
123 123 4 Worker 692289395
124 124 4 Worker 943155348
125 125 4 Worker 998779097
126 126 4 Worker 461650877
127 127 4 Worker 842817147
128 128 4 Worker 571087322
129 129 4 Worker 788785527
130 130 4 Worker 728990780
131 131 4 Worker 861456090
132 132 4 Worker 401703773
133 133 4 Worker 315926237
134 134 4 Worker 38741451
135 135 4 Worker 130796064
136 136 4 Worker 927293809
137 137 4 Worker 890561150
138 138 4 Worker 624090917
139 139 4 Worker 375822875
140 140 4 Worker 104015484
141 141 4 Worker 351973731
142 142 4 Worker 716233695
143 143 4 Worker 458243577
144 144 4 Worker 326841407
145 145 4 Worker 945278091
146 146 4 Worker 243799522
147 147 4 Worker 972436675
148 148 4 Worker 153256567
149 149 4 Worker 961408750
150 150 4 Worker 605554462
151 151 4 Worker 680335
152 152 4 Worker 825360259
153 153 4 Worker 928961678
154 154 4 Worker 747813088
155 155 4 Worker 78755176
156 156 4 Worker 612687230
157 157 4 Worker 959510081
158 158 4 Worker 248265684
159 159 4 Worker 115934969
160 160 4 Worker 8338561
161 161 4 Worker 183487406
162 162 4 Worker 2323769
163 163 4 Worker 699137460
164 164 4 Worker 67978553
165 165 4 Worker 521224059
166 166 4 Worker 793503532
167 167 4 Worker 272218660
168 168 4 Worker 421127438
169 169 4 Worker 66626426
170 170 4 Worker 942416769
171 171 4 Worker 835517339
172 172 4 Worker 45548307
173 173 4 Worker 241701589
174 174 4 Worker 375341323
175 175 4 Worker 712559188
176 176 4 Worker 627754265
177 177 4 Worker 368689483
178 178 4 Worker 240982558
179 179 4 Worker 988890367
180 180 4 Worker 941057277
181 181 4 Worker 874191869
182 182 4 Worker 524247273
183 183 4 Worker 835708336
184 184 4 Worker 321086920
185 185 4 Worker 845680554
186 186 4 Worker 767614638
187 187 4 Worker 200375473
188 188 4 Worker 538290157
189 189 4 Worker 812507364
190 190 4 Worker 989151380
191 191 4 Worker 10290174
192 192 4 Worker 330250118
193 193 4 Worker 560810155
194 194 4 Worker 988547250
195 195 4 Worker 479370286
196 196 4 Worker 873859413
197 197 4 Worker 608347721
198 198 4 Worker 4664047
199 199 4 Worker 352441354
200 200 4 Worker 80829811
201 201 4 Worker 590818620
202 202 4 Worker 255505579
203 203 4 Worker 231051578
204 204 4 Worker 668171638
205 205 4 Worker 333510106
206 206 4 Worker 16431866
207 207 4 Worker 160974754
208 208 4 Worker 614741959
209 209 4 Worker 947679419
210 210 4 Worker 882909392
211 211 4 Worker 172352819
212 212 4 Worker 248633819
213 213 4 Worker 376131814
214 214 4 Worker 251361871
215 215 4 Worker 946455793
216 216 4 Worker 133751577
217 217 4 Worker 177178411
218 218 4 Worker 807814740
219 219 4 Worker 933774045
220 220 4 Worker 373746515
221 221 4 Worker 797672506
222 222 4 Worker 278368822
223 223 4 Worker 99288143
224 224 4 Worker 410574182
225 225 4 Worker 153137473
226 226 4 Worker 73012265
227 227 4 Worker 391820598
228 228 4 Worker 248615382
229 229 4 Worker 704132754
230 230 4 Worker 664866464
231 231 4 Worker 3088301
232 232 4 Worker 13379762
233 233 4 Worker 159109847
234 234 4 Worker 967110945
235 235 4 Worker 347956186
236 236 4 Worker 890175076
237 237 4 Worker 334940709
238 238 4 Worker 82085624
239 239 4 Worker 556053533
240 240 4 Worker 698127389
241 241 4 Worker 998402945
242 242 4 Worker 527913536
243 243 4 Worker 406082439
244 244 4 Worker 780224675
245 245 4 Worker 688453920
246 246 4 Worker 879712116
247 247 4 Worker 601853748
248 248 4 Worker 117004946
249 249 4 Worker 37019138
250 250 4 Worker 520470058
251 251 4 Worker 652909026
252 252 4 Worker 409993781
253 253 4 Worker 236052137
254 254 4 Worker 969638061
255 255 4 Worker 457954867
