0 0 -1 Splicer 502462778
1 1 0 Worker 488473045
2 2 -1 PersistentDB 461424903
3 3 -1 InMemoryDB 722667381
4 4 -1 WorkManager 17738360
5 5 4 Worker 209314093
6 6 4 Worker 553005655
7 7 4 Worker 882829555
8 8 4 Worker 505423462
9 9 4 Worker 557180587
10 10 4 Worker 192816637
11 11 4 Worker 608011865
12 12 4 Worker 90126641
13 13 4 Worker 477042982
14 14 4 Worker 881350234
15 15 4 Worker 246105549
16 16 4 Worker 909184455
17 17 4 Worker 182344695
18 18 4 Worker 929739257
19 19 4 Worker 901526244
20 20 4 Worker 73056126
21 21 4 Worker 301231965
22 22 4 Worker 219926145
23 23 4 Worker 403281306
24 24 4 Worker 957304689
25 25 4 Worker 965764752
26 26 4 Worker 924606676
27 27 4 Worker 641354042
28 28 4 Worker 882030817
29 29 4 Worker 171220874
30 30 4 Worker 534843007
31 31 4 Worker 865819477
