0 0 -1 Splicer 726067512
1 1 0 Worker 821946152
2 2 -1 PersistentDB 555111016
3 3 -1 InMemoryDB 189953920
4 4 -1 WorkManager 538721615
5 5 4 Worker 421651190
6 6 4 Worker 414023570
7 7 4 Worker 316034429
8 8 4 Worker 463659843
9 9 4 Worker 968506579
10 10 4 Worker 33802526
11 11 4 Worker 811085978
12 12 4 Worker 133399198
13 13 4 Worker 795473
14 14 4 Worker 818375575
15 15 4 Worker 520195844
16 16 4 Worker 365433224
17 17 4 Worker 592980200
18 18 4 Worker 879724352
19 19 4 Worker 580840080
20 20 4 Worker 456985254
21 21 4 Worker 582824597
22 22 4 Worker 951417817
23 23 4 Worker 250097903
24 24 4 Worker 431095576
25 25 4 Worker 468991134
26 26 4 Worker 487028872
27 27 4 Worker 163998470
28 28 4 Worker 30899684
29 29 4 Worker 700795657
30 30 4 Worker 158562252
31 31 4 Worker 733963161
