0 0 -1 Splicer 993401240
1 1 0 Worker 696530652
2 2 -1 PersistentDB 125271769
3 3 -1 InMemoryDB 156835574
4 4 -1 WorkManager 191268898
5 5 4 Worker 552914864
6 6 4 Worker 527577742
7 7 4 Worker 787341468
8 8 4 Worker 640347456
9 9 4 Worker 323677553
10 10 4 Worker 577023145
11 11 4 Worker 369891990
12 12 4 Worker 857901703
13 13 4 Worker 60666535
14 14 4 Worker 255849035
15 15 4 Worker 528198846
16 16 4 Worker 824431533
17 17 4 Worker 849641094
18 18 4 Worker 566492034
19 19 4 Worker 50325147
20 20 4 Worker 420252472
21 21 4 Worker 705871376
22 22 4 Worker 511829784
23 23 4 Worker 365099856
24 24 4 Worker 559022953
25 25 4 Worker 914007744
26 26 4 Worker 699503831
27 27 4 Worker 529707411
28 28 4 Worker 615635025
29 29 4 Worker 677501704
30 30 4 Worker 515741486
31 31 4 Worker 364664559
32 32 4 Worker 313837846
33 33 4 Worker 914671928
34 34 4 Worker 344068251
35 35 4 Worker 686591760
36 36 4 Worker 215019989
37 37 4 Worker 134823217
38 38 4 Worker 8889503
39 39 4 Worker 693072286
40 40 4 Worker 554155050
41 41 4 Worker 284929464
42 42 4 Worker 633013247
43 43 4 Worker 617578541
44 44 4 Worker 427347869
45 45 4 Worker 544909009
46 46 4 Worker 821425320
47 47 4 Worker 514516712
48 48 4 Worker 881730250
49 49 4 Worker 319933962
50 50 4 Worker 720131366
51 51 4 Worker 733547606
52 52 4 Worker 715873953
53 53 4 Worker 618333169
54 54 4 Worker 986979661
55 55 4 Worker 601329163
56 56 4 Worker 679592932
57 57 4 Worker 700628825
58 58 4 Worker 143819077
59 59 4 Worker 600561509
60 60 4 Worker 611890261
61 61 4 Worker 380408386
62 62 4 Worker 323539538
63 63 4 Worker 320325667
64 64 4 Worker 783464710
65 65 4 Worker 662612784
66 66 4 Worker 364052794
67 67 4 Worker 470973679
68 68 4 Worker 988385694
69 69 4 Worker 55026758
70 70 4 Worker 955645960
71 71 4 Worker 639692798
72 72 4 Worker 435206048
73 73 4 Worker 818911811
74 74 4 Worker 731060594
75 75 4 Worker 890775675
76 76 4 Worker 265017492
77 77 4 Worker 309247097
78 78 4 Worker 343622992
79 79 4 Worker 588440700
80 80 4 Worker 75969831
81 81 4 Worker 526698635
82 82 4 Worker 883890583
83 83 4 Worker 865353164
84 84 4 Worker 692196747
85 85 4 Worker 453107042
86 86 4 Worker 693705326
87 87 4 Worker 853346448
88 88 4 Worker 357476410
89 89 4 Worker 981516090
90 90 4 Worker 245189316
91 91 4 Worker 366022612
92 92 4 Worker 43465864
93 93 4 Worker 782591987
94 94 4 Worker 180960383
95 95 4 Worker 631378963
96 96 4 Worker 463066135
97 97 4 Worker 71577189
98 98 4 Worker 462280293
99 99 4 Worker 323168263
100 100 4 Worker 89721481
101 101 4 Worker 335726147
102 102 4 Worker 539141681
103 103 4 Worker 539727294
104 104 4 Worker 776956270
105 105 4 Worker 120854334
106 106 4 Worker 27927071
107 107 4 Worker 660753663
108 108 4 Worker 707944398
109 109 4 Worker 682246089
110 110 4 Worker 831928192
111 111 4 Worker 652580582
112 112 4 Worker 674253158
113 113 4 Worker 468021103
114 114 4 Worker 79573205
115 115 4 Worker 880520203
116 116 4 Worker 967876352
117 117 4 Worker 859321287
118 118 4 Worker 839005524
119 119 4 Worker 825552864
120 120 4 Worker 270325230
121 121 4 Worker 38755526
122 122 4 Worker 877092395
123 123 4 Worker 704937056
124 124 4 Worker 101187944
125 125 4 Worker 431629641
126 126 4 Worker 199076943
127 127 4 Worker 17825452
128 128 4 Worker 782690059
129 129 4 Worker 179777531
130 130 4 Worker 669832121
131 131 4 Worker 801605374
132 132 4 Worker 273786248
133 133 4 Worker 747511354
134 134 4 Worker 156629263
135 135 4 Worker 943379343
136 136 4 Worker 229250724
137 137 4 Worker 213156919
138 138 4 Worker 483586494
139 139 4 Worker 206080780
140 140 4 Worker 531502536
141 141 4 Worker 770346493
142 142 4 Worker 875386295
143 143 4 Worker 926156940
144 144 4 Worker 905207274
145 145 4 Worker 297084364
146 146 4 Worker 919877034
147 147 4 Worker 326239778
148 148 4 Worker 344772035
149 149 4 Worker 285826312
150 150 4 Worker 730257481
151 151 4 Worker 715507371
152 152 4 Worker 1096185
153 153 4 Worker 363825834
154 154 4 Worker 673578444
155 155 4 Worker 553198333
156 156 4 Worker 684891830
157 157 4 Worker 186465138
158 158 4 Worker 57895863
159 159 4 Worker 174265222
160 160 4 Worker 479974444
161 161 4 Worker 972614814
162 162 4 Worker 677621260
163 163 4 Worker 288530803
164 164 4 Worker 599943412
165 165 4 Worker 226236878
166 166 4 Worker 655746973
167 167 4 Worker 547567466
168 168 4 Worker 564249918
169 169 4 Worker 234122584
170 170 4 Worker 636364781
171 171 4 Worker 91478299
172 172 4 Worker 650020516
173 173 4 Worker 142987398
174 174 4 Worker 321810184
175 175 4 Worker 815010214
176 176 4 Worker 892324494
177 177 4 Worker 255797245
178 178 4 Worker 719980049
179 179 4 Worker 848616390
180 180 4 Worker 642187368
181 181 4 Worker 785269642
182 182 4 Worker 658224695
183 183 4 Worker 41155493
184 184 4 Worker 988479152
185 185 4 Worker 815448490
186 186 4 Worker 711700704
187 187 4 Worker 285883869
188 188 4 Worker 741667655
189 189 4 Worker 478242822
190 190 4 Worker 448855750
191 191 4 Worker 979802071
192 192 4 Worker 503922544
193 193 4 Worker 127417880
194 194 4 Worker 884226039
195 195 4 Worker 620578403
196 196 4 Worker 466335945
197 197 4 Worker 654163964
198 198 4 Worker 609470821
199 199 4 Worker 196148264
200 200 4 Worker 440961843
201 201 4 Worker 294018654
202 202 4 Worker 105445815
203 203 4 Worker 227525016
204 204 4 Worker 75792214
205 205 4 Worker 503064489
206 206 4 Worker 612958163
207 207 4 Worker 389549918
208 208 4 Worker 267951015
209 209 4 Worker 513661409
210 210 4 Worker 698626095
211 211 4 Worker 122786351
212 212 4 Worker 929796746
213 213 4 Worker 855746505
214 214 4 Worker 48123251
215 215 4 Worker 329748597
216 216 4 Worker 267975477
217 217 4 Worker 908321589
218 218 4 Worker 476501320
219 219 4 Worker 849748372
220 220 4 Worker 896831693
221 221 4 Worker 733362138
222 222 4 Worker 100657715
223 223 4 Worker 804093183
224 224 4 Worker 938380803
225 225 4 Worker 81642837
226 226 4 Worker 662480520
227 227 4 Worker 643875890
228 228 4 Worker 140438152
229 229 4 Worker 794713738
230 230 4 Worker 644999887
231 231 4 Worker 761564190
232 232 4 Worker 985107609
233 233 4 Worker 584940139
234 234 4 Worker 961839641
235 235 4 Worker 772676496
236 236 4 Worker 752606917
237 237 4 Worker 321136753
238 238 4 Worker 611473713
239 239 4 Worker 930982864
240 240 4 Worker 556582994
241 241 4 Worker 769973282
242 242 4 Worker 277603110
243 243 4 Worker 345981186
244 244 4 Worker 681734784
245 245 4 Worker 159208355
246 246 4 Worker 405472649
247 247 4 Worker 706392637
248 248 4 Worker 995341834
249 249 4 Worker 354974008
250 250 4 Worker 714541285
251 251 4 Worker 935537968
252 252 4 Worker 534349110
253 253 4 Worker 153528907
254 254 4 Worker 722164875
255 255 4 Worker 603258771
