0 0 -1 Splicer 576646643
1 1 0 Worker 429793311
2 2 -1 PersistentDB 711351522
3 3 -1 InMemoryDB 395958807
4 4 -1 WorkManager 808916022
5 5 4 Worker 871876695
6 6 4 Worker 890672688
7 7 4 Worker 930675474
8 8 4 Worker 604945612
9 9 4 Worker 39218281
10 10 4 Worker 419768948
11 11 4 Worker 276484912
12 12 4 Worker 183784297
13 13 4 Worker 452402714
14 14 4 Worker 280331015
15 15 4 Worker 593845654
16 16 4 Worker 572240786
17 17 4 Worker 312394347
18 18 4 Worker 276371336
19 19 4 Worker 184219853
20 20 4 Worker 11746385
21 21 4 Worker 258005221
22 22 4 Worker 750007394
23 23 4 Worker 87834458
24 24 4 Worker 317477113
25 25 4 Worker 319832542
26 26 4 Worker 436163652
27 27 4 Worker 741717569
28 28 4 Worker 407497537
29 29 4 Worker 150239125
30 30 4 Worker 940745426
31 31 4 Worker 770948228
