0 0 -1 Splicer 845922690
1 1 0 Worker 718665588
2 2 -1 PersistentDB 274752278
3 3 -1 InMemoryDB 861036872
4 4 -1 WorkManager 810228203
5 5 4 Worker 421802700
6 6 4 Worker 938454697
7 7 4 Worker 402508959
8 8 4 Worker 710382252
9 9 4 Worker 383352401
10 10 4 Worker 474750736
11 11 4 Worker 990724114
12 12 4 Worker 294886331
13 13 4 Worker 64173021
14 14 4 Worker 477647449
15 15 4 Worker 252721954
16 16 4 Worker 68504274
17 17 4 Worker 242909887
18 18 4 Worker 690472893
19 19 4 Worker 955441922
20 20 4 Worker 814684893
21 21 4 Worker 438584616
22 22 4 Worker 498085631
23 23 4 Worker 706258566
24 24 4 Worker 732111325
25 25 4 Worker 12903563
26 26 4 Worker 718073396
27 27 4 Worker 886435187
28 28 4 Worker 606157373
29 29 4 Worker 283366671
30 30 4 Worker 609659616
31 31 4 Worker 874076205
