0 0 -1 Splicer 26573703
1 1 0 Worker 884292694
2 2 -1 PersistentDB 713783127
3 3 -1 InMemoryDB 184359626
4 4 -1 WorkManager 869890352
5 5 4 Worker 330851185
6 6 4 Worker 307796405
7 7 4 Worker 172591134
8 8 4 Worker 915291689
9 9 4 Worker 92921921
10 10 4 Worker 678069640
11 11 4 Worker 438134762
12 12 4 Worker 96173515
13 13 4 Worker 394637584
14 14 4 Worker 65593251
15 15 4 Worker 986457233
16 16 4 Worker 575381983
17 17 4 Worker 528168324
18 18 4 Worker 457911930
19 19 4 Worker 57782337
20 20 4 Worker 422823703
21 21 4 Worker 632493390
22 22 4 Worker 515822963
23 23 4 Worker 355741718
24 24 4 Worker 656898327
25 25 4 Worker 934602320
26 26 4 Worker 186286425
27 27 4 Worker 802092891
28 28 4 Worker 10481905
29 29 4 Worker 151294865
30 30 4 Worker 452226473
31 31 4 Worker 419781111
32 32 4 Worker 203848472
33 33 4 Worker 850210215
34 34 4 Worker 181027340
35 35 4 Worker 841546493
36 36 4 Worker 255291676
37 37 4 Worker 934515938
38 38 4 Worker 692855225
39 39 4 Worker 157434810
40 40 4 Worker 366049440
41 41 4 Worker 232879581
42 42 4 Worker 621155828
43 43 4 Worker 617612506
44 44 4 Worker 797646587
45 45 4 Worker 419378709
46 46 4 Worker 508846527
47 47 4 Worker 808909818
48 48 4 Worker 36810026
49 49 4 Worker 791204572
50 50 4 Worker 44220994
51 51 4 Worker 424978041
52 52 4 Worker 976946824
53 53 4 Worker 725264329
54 54 4 Worker 978227453
55 55 4 Worker 592672024
56 56 4 Worker 770919527
57 57 4 Worker 466463402
58 58 4 Worker 111529334
59 59 4 Worker 946611002
60 60 4 Worker 83571925
61 61 4 Worker 49484973
62 62 4 Worker 793629118
63 63 4 Worker 46229368
