0 0 -1 Splicer 436237114
1 1 0 Worker 199755717
2 2 -1 PersistentDB 974273519
3 3 -1 InMemoryDB 340672253
4 4 -1 WorkManager 764105410
5 5 4 Worker 908343654
6 6 4 Worker 628285113
7 7 4 Worker 9066290
8 8 4 Worker 717397972
9 9 4 Worker 803732482
10 10 4 Worker 501090880
11 11 4 Worker 736203407
12 12 4 Worker 135104957
13 13 4 Worker 550291099
14 14 4 Worker 377108422
15 15 4 Worker 778586561
16 16 4 Worker 688057415
17 17 4 Worker 794465684
18 18 4 Worker 356777794
19 19 4 Worker 509233599
20 20 4 Worker 193689951
21 21 4 Worker 773514431
22 22 4 Worker 784694859
23 23 4 Worker 969762204
24 24 4 Worker 335717634
25 25 4 Worker 37978391
26 26 4 Worker 627701656
27 27 4 Worker 804877984
28 28 4 Worker 773506840
29 29 4 Worker 484657185
30 30 4 Worker 573992281
31 31 4 Worker 760846742
