0 0 -1 Splicer 135660092
1 1 0 Worker 6286950
2 2 -1 PersistentDB 930516382
3 3 -1 InMemoryDB 882462182
4 4 -1 WorkManager 817414596
5 5 4 Worker 936651863
6 6 4 Worker 413353080
7 7 4 Worker 371642933
8 8 4 Worker 365644706
9 9 4 Worker 482275705
10 10 4 Worker 29914265
11 11 4 Worker 45242634
12 12 4 Worker 774247017
13 13 4 Worker 3845591
14 14 4 Worker 339611679
15 15 4 Worker 707706872
16 16 4 Worker 247436774
17 17 4 Worker 526299444
18 18 4 Worker 468207569
19 19 4 Worker 98915747
20 20 4 Worker 497277397
21 21 4 Worker 524207844
22 22 4 Worker 783462187
23 23 4 Worker 244121284
24 24 4 Worker 344800346
25 25 4 Worker 489618958
26 26 4 Worker 172779815
27 27 4 Worker 414155808
28 28 4 Worker 121860044
29 29 4 Worker 52762383
30 30 4 Worker 980102209
31 31 4 Worker 166389243
