0 0 -1 Splicer 251869754
1 1 0 Worker 574647741
2 2 -1 PersistentDB 460679222
3 3 -1 InMemoryDB 572802048
4 4 -1 WorkManager 974672595
5 5 4 Worker 653268270
6 6 4 Worker 140465580
7 7 4 Worker 716767449
8 8 4 Worker 290577282
9 9 4 Worker 891705145
10 10 4 Worker 869822647
11 11 4 Worker 497173021
12 12 4 Worker 551551616
13 13 4 Worker 931969002
14 14 4 Worker 676015154
15 15 4 Worker 912543564
16 16 4 Worker 838385896
17 17 4 Worker 383698470
18 18 4 Worker 94213118
19 19 4 Worker 672385270
20 20 4 Worker 608125816
21 21 4 Worker 73303549
22 22 4 Worker 795724337
23 23 4 Worker 527834265
24 24 4 Worker 320423492
25 25 4 Worker 471678006
26 26 4 Worker 197062969
27 27 4 Worker 421883714
28 28 4 Worker 709903613
29 29 4 Worker 375293789
30 30 4 Worker 501335550
31 31 4 Worker 752876070
