0 0 -1 Splicer 330873389
1 1 0 Worker 477751937
2 2 -1 PersistentDB 432563924
3 3 -1 InMemoryDB 748903558
4 4 -1 WorkManager 657679910
5 5 4 Worker 647786193
6 6 4 Worker 713035949
7 7 4 Worker 356498963
8 8 4 Worker 817511982
9 9 4 Worker 738476249
10 10 4 Worker 809252724
11 11 4 Worker 80648001
12 12 4 Worker 555208547
13 13 4 Worker 16537624
14 14 4 Worker 357097944
15 15 4 Worker 338112134
16 16 4 Worker 873922433
17 17 4 Worker 573669673
18 18 4 Worker 707134323
19 19 4 Worker 525701939
20 20 4 Worker 78175242
21 21 4 Worker 774998974
22 22 4 Worker 384536677
23 23 4 Worker 749585385
24 24 4 Worker 975024850
25 25 4 Worker 867710874
26 26 4 Worker 624115661
27 27 4 Worker 565000669
28 28 4 Worker 581646516
29 29 4 Worker 596639752
30 30 4 Worker 706298083
31 31 4 Worker 528195248
