0 0 -1 Splicer 589822823
1 1 0 Worker 461534486
2 2 -1 PersistentDB 116612053
3 3 -1 InMemoryDB 995447979
4 4 -1 WorkManager 277880046
5 5 4 Worker 809117771
6 6 4 Worker 377548247
7 7 4 Worker 373583132
8 8 4 Worker 263404861
9 9 4 Worker 693591933
10 10 4 Worker 451077334
11 11 4 Worker 224120397
12 12 4 Worker 477159857
13 13 4 Worker 220411977
14 14 4 Worker 582399154
15 15 4 Worker 106696281
16 16 4 Worker 580739507
17 17 4 Worker 276475184
18 18 4 Worker 403078462
19 19 4 Worker 851012952
20 20 4 Worker 307967464
21 21 4 Worker 737137603
22 22 4 Worker 589888366
23 23 4 Worker 86421630
24 24 4 Worker 547265129
25 25 4 Worker 712356210
26 26 4 Worker 188904057
27 27 4 Worker 696064522
28 28 4 Worker 884360551
29 29 4 Worker 699786214
30 30 4 Worker 10150382
31 31 4 Worker 122778699
32 32 4 Worker 294346317
33 33 4 Worker 542444915
34 34 4 Worker 92124567
35 35 4 Worker 172586085
36 36 4 Worker 438970524
37 37 4 Worker 134602914
38 38 4 Worker 383353529
39 39 4 Worker 155900030
40 40 4 Worker 892389277
41 41 4 Worker 977077827
42 42 4 Worker 698092739
43 43 4 Worker 83881702
44 44 4 Worker 192624422
45 45 4 Worker 618303132
46 46 4 Worker 94896062
47 47 4 Worker 846486162
48 48 4 Worker 714092032
49 49 4 Worker 176874020
50 50 4 Worker 975777954
51 51 4 Worker 399470378
52 52 4 Worker 62045778
53 53 4 Worker 358828379
54 54 4 Worker 317471186
55 55 4 Worker 683345003
56 56 4 Worker 710284888
57 57 4 Worker 59853607
58 58 4 Worker 19906626
59 59 4 Worker 74920918
60 60 4 Worker 601094240
61 61 4 Worker 45867790
62 62 4 Worker 14195210
63 63 4 Worker 35391158
64 64 4 Worker 161032624
65 65 4 Worker 221215668
66 66 4 Worker 200544337
67 67 4 Worker 419952402
68 68 4 Worker 64895027
69 69 4 Worker 551739224
70 70 4 Worker 957147052
71 71 4 Worker 658101806
72 72 4 Worker 949709505
73 73 4 Worker 18783340
74 74 4 Worker 81708734
75 75 4 Worker 698991147
76 76 4 Worker 801326680
77 77 4 Worker 467811852
78 78 4 Worker 139068720
79 79 4 Worker 348343411
80 80 4 Worker 944371209
81 81 4 Worker 334255119
82 82 4 Worker 926206057
83 83 4 Worker 693865973
84 84 4 Worker 832373265
85 85 4 Worker 367902254
86 86 4 Worker 86063572
87 87 4 Worker 269799407
88 88 4 Worker 817160242
89 89 4 Worker 456774643
90 90 4 Worker 202502487
91 91 4 Worker 834891186
92 92 4 Worker 89235901
93 93 4 Worker 925386249
94 94 4 Worker 319987824
95 95 4 Worker 463138458
96 96 4 Worker 303517766
97 97 4 Worker 657148250
98 98 4 Worker 476984832
99 99 4 Worker 921683739
100 100 4 Worker 205370626
101 101 4 Worker 618132249
102 102 4 Worker 391212870
103 103 4 Worker 145963533
104 104 4 Worker 943123507
105 105 4 Worker 182125763
106 106 4 Worker 820057497
107 107 4 Worker 216254455
108 108 4 Worker 756380099
109 109 4 Worker 613567826
110 110 4 Worker 313423752
111 111 4 Worker 96528762
112 112 4 Worker 244472834
113 113 4 Worker 96825483
114 114 4 Worker 80574189
115 115 4 Worker 742223923
116 116 4 Worker 49904959
117 117 4 Worker 521094156
118 118 4 Worker 529739743
119 119 4 Worker 813740394
120 120 4 Worker 911571221
121 121 4 Worker 131269473
122 122 4 Worker 78060237
123 123 4 Worker 821813768
124 124 4 Worker 968397235
125 125 4 Worker 111281604
126 126 4 Worker 797324156
127 127 4 Worker 520468103
