0 0 -1 Splicer 996482842
1 1 0 Worker 69034831
2 2 -1 PersistentDB 630748856
3 3 -1 InMemoryDB 895923256
4 4 -1 WorkManager 674762842
5 5 4 Worker 955778060
6 6 4 Worker 774972031
7 7 4 Worker 162592919
8 8 4 Worker 36989611
9 9 4 Worker 38328518
10 10 4 Worker 22355888
11 11 4 Worker 455619569
12 12 4 Worker 735598598
13 13 4 Worker 868956614
14 14 4 Worker 352457478
15 15 4 Worker 826129679
16 16 4 Worker 359923023
17 17 4 Worker 874787790
18 18 4 Worker 344785729
19 19 4 Worker 797858737
20 20 4 Worker 594934679
21 21 4 Worker 278686500
22 22 4 Worker 863790383
23 23 4 Worker 581563362
24 24 4 Worker 192432277
25 25 4 Worker 567789925
26 26 4 Worker 114965447
27 27 4 Worker 592899981
28 28 4 Worker 175146799
29 29 4 Worker 245149651
30 30 4 Worker 220457959
31 31 4 Worker 578089300
32 32 4 Worker 42503556
33 33 4 Worker 455823860
34 34 4 Worker 763972603
35 35 4 Worker 190555034
36 36 4 Worker 159888370
37 37 4 Worker 836839745
38 38 4 Worker 208882841
39 39 4 Worker 690536313
40 40 4 Worker 993591368
41 41 4 Worker 139604966
42 42 4 Worker 748136522
43 43 4 Worker 341891860
44 44 4 Worker 343904659
45 45 4 Worker 840928752
46 46 4 Worker 244473922
47 47 4 Worker 267081788
48 48 4 Worker 893481496
49 49 4 Worker 676685203
50 50 4 Worker 399324804
51 51 4 Worker 551054153
52 52 4 Worker 969328570
53 53 4 Worker 693496240
54 54 4 Worker 612803068
55 55 4 Worker 308428845
56 56 4 Worker 824426809
57 57 4 Worker 31784206
58 58 4 Worker 141116633
59 59 4 Worker 119759302
60 60 4 Worker 171473803
61 61 4 Worker 357986608
62 62 4 Worker 311764942
63 63 4 Worker 974859026
64 64 4 Worker 886587865
65 65 4 Worker 400998863
66 66 4 Worker 867824208
67 67 4 Worker 661527623
68 68 4 Worker 857687279
69 69 4 Worker 773790746
70 70 4 Worker 560582635
71 71 4 Worker 448327363
72 72 4 Worker 917154148
73 73 4 Worker 359088624
74 74 4 Worker 138550084
75 75 4 Worker 188495610
76 76 4 Worker 663014480
77 77 4 Worker 958027623
78 78 4 Worker 20700942
79 79 4 Worker 220468068
80 80 4 Worker 646584702
81 81 4 Worker 295593260
82 82 4 Worker 61244910
83 83 4 Worker 321415934
84 84 4 Worker 932944623
85 85 4 Worker 387741502
86 86 4 Worker 332840519
87 87 4 Worker 607384984
88 88 4 Worker 238237056
89 89 4 Worker 15846903
90 90 4 Worker 351274057
91 91 4 Worker 253298195
92 92 4 Worker 627662540
93 93 4 Worker 803090507
94 94 4 Worker 104740700
95 95 4 Worker 403192203
96 96 4 Worker 816675672
97 97 4 Worker 863559362
98 98 4 Worker 274444734
99 99 4 Worker 591272820
100 100 4 Worker 274752741
101 101 4 Worker 256481570
102 102 4 Worker 785243116
103 103 4 Worker 390325242
104 104 4 Worker 670383789
105 105 4 Worker 555329798
106 106 4 Worker 261238708
107 107 4 Worker 236179332
108 108 4 Worker 468301666
109 109 4 Worker 316496663
110 110 4 Worker 622724907
111 111 4 Worker 569428133
112 112 4 Worker 539512260
113 113 4 Worker 604316019
114 114 4 Worker 581968463
115 115 4 Worker 515121507
116 116 4 Worker 305839145
117 117 4 Worker 919941040
118 118 4 Worker 495903915
119 119 4 Worker 360685573
120 120 4 Worker 679546254
121 121 4 Worker 29817543
122 122 4 Worker 250300720
123 123 4 Worker 666198709
124 124 4 Worker 250783720
125 125 4 Worker 284672650
126 126 4 Worker 382249968
127 127 4 Worker 907507295
