0 0 -1 Splicer 157122948
1 1 0 Worker 322065171
2 2 -1 PersistentDB 883595344
3 3 -1 InMemoryDB 805506967
4 4 -1 WorkManager 409755666
5 5 4 Worker 732473600
6 6 4 Worker 163345074
7 7 4 Worker 354349719
8 8 4 Worker 540028987
9 9 4 Worker 359470679
10 10 4 Worker 716222608
11 11 4 Worker 974863551
12 12 4 Worker 47953766
13 13 4 Worker 818544205
14 14 4 Worker 438598645
15 15 4 Worker 479806445
16 16 4 Worker 966742732
17 17 4 Worker 854441407
18 18 4 Worker 693964562
19 19 4 Worker 738756862
20 20 4 Worker 298084408
21 21 4 Worker 900058983
22 22 4 Worker 497025126
23 23 4 Worker 73650445
24 24 4 Worker 469649331
25 25 4 Worker 563545897
26 26 4 Worker 26050935
27 27 4 Worker 854351498
28 28 4 Worker 475104537
29 29 4 Worker 274557062
30 30 4 Worker 124216234
31 31 4 Worker 809973410
