0 0 -1 Splicer 802427672
1 1 0 Worker 955075421
2 2 -1 PersistentDB 307329534
3 3 -1 InMemoryDB 483111158
4 4 -1 WorkManager 110564375
5 5 4 Worker 314547419
6 6 4 Worker 997496895
7 7 4 Worker 522468502
8 8 4 Worker 837472536
9 9 4 Worker 872864996
10 10 4 Worker 42076690
11 11 4 Worker 705198786
12 12 4 Worker 365440602
13 13 4 Worker 9240805
14 14 4 Worker 882650978
15 15 4 Worker 426388905
16 16 4 Worker 453393166
17 17 4 Worker 304316529
18 18 4 Worker 997647665
19 19 4 Worker 468363707
20 20 4 Worker 133077821
21 21 4 Worker 425940290
22 22 4 Worker 93969415
23 23 4 Worker 929363083
24 24 4 Worker 810617315
25 25 4 Worker 486614580
26 26 4 Worker 547620552
27 27 4 Worker 911842242
28 28 4 Worker 976398174
29 29 4 Worker 653862063
30 30 4 Worker 229009215
31 31 4 Worker 362043555
