0 0 -1 Splicer 81802011
1 1 0 Worker 543435103
2 2 -1 PersistentDB 496773351
3 3 -1 InMemoryDB 4133150
4 4 -1 WorkManager 674972634
5 5 4 Worker 636807473
6 6 4 Worker 596271218
7 7 4 Worker 362519766
8 8 4 Worker 835756161
9 9 4 Worker 197008047
10 10 4 Worker 253382320
11 11 4 Worker 546970436
12 12 4 Worker 782727643
13 13 4 Worker 380750278
14 14 4 Worker 930743178
15 15 4 Worker 50370541
16 16 4 Worker 380382837
17 17 4 Worker 527072543
18 18 4 Worker 17937604
19 19 4 Worker 807257840
20 20 4 Worker 646948996
21 21 4 Worker 702622942
22 22 4 Worker 443468478
23 23 4 Worker 913967669
24 24 4 Worker 990646104
25 25 4 Worker 500829913
26 26 4 Worker 495407284
27 27 4 Worker 469479893
28 28 4 Worker 380466985
29 29 4 Worker 984791543
30 30 4 Worker 452412878
31 31 4 Worker 863287168
32 32 4 Worker 325599003
33 33 4 Worker 459316779
34 34 4 Worker 79810606
35 35 4 Worker 532732789
36 36 4 Worker 159727672
37 37 4 Worker 778188785
38 38 4 Worker 637630402
39 39 4 Worker 551062691
40 40 4 Worker 754273080
41 41 4 Worker 623026124
42 42 4 Worker 537859776
43 43 4 Worker 609196823
44 44 4 Worker 658233572
45 45 4 Worker 395842416
46 46 4 Worker 686751700
47 47 4 Worker 877675098
48 48 4 Worker 679923399
49 49 4 Worker 655224869
50 50 4 Worker 794843409
51 51 4 Worker 993158516
52 52 4 Worker 808532103
53 53 4 Worker 561727566
54 54 4 Worker 594675638
55 55 4 Worker 157380623
56 56 4 Worker 698792985
57 57 4 Worker 973438092
58 58 4 Worker 490290636
59 59 4 Worker 639866440
60 60 4 Worker 707600218
61 61 4 Worker 199233078
62 62 4 Worker 725276272
63 63 4 Worker 971007048
64 64 4 Worker 555398347
65 65 4 Worker 643148461
66 66 4 Worker 360262643
67 67 4 Worker 229325155
68 68 4 Worker 935160480
69 69 4 Worker 640254174
70 70 4 Worker 633832553
71 71 4 Worker 921672671
72 72 4 Worker 514530569
73 73 4 Worker 83854485
74 74 4 Worker 891377570
75 75 4 Worker 893585022
76 76 4 Worker 924555494
77 77 4 Worker 638518564
78 78 4 Worker 900935710
79 79 4 Worker 432406834
80 80 4 Worker 477626312
81 81 4 Worker 812709972
82 82 4 Worker 245109737
83 83 4 Worker 870775533
84 84 4 Worker 298802678
85 85 4 Worker 73183748
86 86 4 Worker 82797618
87 87 4 Worker 935168337
88 88 4 Worker 955166084
89 89 4 Worker 708362170
90 90 4 Worker 882939436
91 91 4 Worker 881519532
92 92 4 Worker 702696867
93 93 4 Worker 852795510
94 94 4 Worker 655850983
95 95 4 Worker 18312303
96 96 4 Worker 948663778
97 97 4 Worker 196154132
98 98 4 Worker 41747560
99 99 4 Worker 961051279
100 100 4 Worker 327281492
101 101 4 Worker 341628833
102 102 4 Worker 672489277
103 103 4 Worker 537144175
104 104 4 Worker 535028255
105 105 4 Worker 380165652
106 106 4 Worker 281730457
107 107 4 Worker 403520618
108 108 4 Worker 260460131
109 109 4 Worker 399063941
110 110 4 Worker 746851121
111 111 4 Worker 925577562
112 112 4 Worker 104869829
113 113 4 Worker 63249750
114 114 4 Worker 226695641
115 115 4 Worker 419876784
116 116 4 Worker 632244526
117 117 4 Worker 461484604
118 118 4 Worker 863384132
119 119 4 Worker 506300868
120 120 4 Worker 672056529
121 121 4 Worker 414981289
122 122 4 Worker 691600596
123 123 4 Worker 257336386
124 124 4 Worker 743438692
125 125 4 Worker 284943065
126 126 4 Worker 765052647
127 127 4 Worker 704046411
128 128 4 Worker 6803498
129 129 4 Worker 963700878
130 130 4 Worker 998787698
131 131 4 Worker 483286852
132 132 4 Worker 57220603
133 133 4 Worker 202581937
134 134 4 Worker 592032843
135 135 4 Worker 182981272
136 136 4 Worker 837470651
137 137 4 Worker 691132164
138 138 4 Worker 863405945
139 139 4 Worker 424453214
140 140 4 Worker 508278995
141 141 4 Worker 665565312
142 142 4 Worker 833533547
143 143 4 Worker 284193601
144 144 4 Worker 602301136
145 145 4 Worker 319348545
146 146 4 Worker 111904601
147 147 4 Worker 432500715
148 148 4 Worker 923507952
149 149 4 Worker 719632669
150 150 4 Worker 663477655
151 151 4 Worker 815301282
152 152 4 Worker 711278391
153 153 4 Worker 552442206
154 154 4 Worker 730568798
155 155 4 Worker 311390844
156 156 4 Worker 900410038
157 157 4 Worker 930970576
158 158 4 Worker 807965843
159 159 4 Worker 870760395
160 160 4 Worker 109238463
161 161 4 Worker 375510158
162 162 4 Worker 507241615
163 163 4 Worker 824535702
164 164 4 Worker 240264957
165 165 4 Worker 894854504
166 166 4 Worker 469057425
167 167 4 Worker 292063194
168 168 4 Worker 213301477
169 169 4 Worker 496832618
170 170 4 Worker 675593070
171 171 4 Worker 976765704
172 172 4 Worker 980610184
173 173 4 Worker 185367867
174 174 4 Worker 950584493
175 175 4 Worker 481023228
176 176 4 Worker 231778747
177 177 4 Worker 196012348
178 178 4 Worker 720900273
179 179 4 Worker 55310636
180 180 4 Worker 895926274
181 181 4 Worker 277931200
182 182 4 Worker 967099275
183 183 4 Worker 80188156
184 184 4 Worker 32332008
185 185 4 Worker 270202006
186 186 4 Worker 471676174
187 187 4 Worker 237783307
188 188 4 Worker 827549706
189 189 4 Worker 33316515
190 190 4 Worker 145917755
191 191 4 Worker 11933386
192 192 4 Worker 764848114
193 193 4 Worker 924826178
194 194 4 Worker 133003094
195 195 4 Worker 198441321
196 196 4 Worker 975914792
197 197 4 Worker 336229031
198 198 4 Worker 1294318
199 199 4 Worker 464232819
200 200 4 Worker 845396944
201 201 4 Worker 74626140
202 202 4 Worker 117208556
203 203 4 Worker 609661173
204 204 4 Worker 945288340
205 205 4 Worker 803509319
206 206 4 Worker 969828642
207 207 4 Worker 770841050
208 208 4 Worker 75711169
209 209 4 Worker 440813005
210 210 4 Worker 62553313
211 211 4 Worker 970599917
212 212 4 Worker 61318414
213 213 4 Worker 274870153
214 214 4 Worker 757986761
215 215 4 Worker 165278206
216 216 4 Worker 301429246
217 217 4 Worker 760440255
218 218 4 Worker 202366797
219 219 4 Worker 46185892
220 220 4 Worker 369187183
221 221 4 Worker 306245748
222 222 4 Worker 235852320
223 223 4 Worker 299661225
224 224 4 Worker 898806744
225 225 4 Worker 349502205
226 226 4 Worker 848412359
227 227 4 Worker 129339056
228 228 4 Worker 742360213
229 229 4 Worker 633034093
230 230 4 Worker 203568838
231 231 4 Worker 631811126
232 232 4 Worker 86672385
233 233 4 Worker 466545127
234 234 4 Worker 9788515
235 235 4 Worker 765012004
236 236 4 Worker 117831841
237 237 4 Worker 426725494
238 238 4 Worker 536436208
239 239 4 Worker 180823355
240 240 4 Worker 885385597
241 241 4 Worker 442983633
242 242 4 Worker 932898448
243 243 4 Worker 354703826
244 244 4 Worker 849290876
245 245 4 Worker 302456023
246 246 4 Worker 859448523
247 247 4 Worker 992810489
248 248 4 Worker 691111595
249 249 4 Worker 252690450
250 250 4 Worker 72369661
251 251 4 Worker 827909012
252 252 4 Worker 378569503
253 253 4 Worker 947347728
254 254 4 Worker 356452389
255 255 4 Worker 511077375
