0 0 -1 Splicer 526850491
1 1 0 Worker 888671340
2 2 -1 PersistentDB 62086677
3 3 -1 InMemoryDB 174980295
4 4 -1 WorkManager 169592269
5 5 4 Worker 206893462
6 6 4 Worker 900956406
7 7 4 Worker 265509557
8 8 4 Worker 145804490
9 9 4 Worker 899624156
10 10 4 Worker 796633681
11 11 4 Worker 773445491
12 12 4 Worker 414427315
13 13 4 Worker 645906827
14 14 4 Worker 201085732
15 15 4 Worker 796916994
16 16 4 Worker 879842887
17 17 4 Worker 496865759
18 18 4 Worker 173557904
19 19 4 Worker 641950647
20 20 4 Worker 579490611
21 21 4 Worker 486655244
22 22 4 Worker 592245056
23 23 4 Worker 920549392
24 24 4 Worker 285622364
25 25 4 Worker 359139089
26 26 4 Worker 716761504
27 27 4 Worker 470176736
28 28 4 Worker 221694337
29 29 4 Worker 754391781
30 30 4 Worker 198712677
31 31 4 Worker 148140038
32 32 4 Worker 955081121
33 33 4 Worker 591418878
34 34 4 Worker 141708824
35 35 4 Worker 797345197
36 36 4 Worker 558265462
37 37 4 Worker 93105159
38 38 4 Worker 235984877
39 39 4 Worker 132710120
40 40 4 Worker 129806729
41 41 4 Worker 676385812
42 42 4 Worker 595870750
43 43 4 Worker 968525213
44 44 4 Worker 818658169
45 45 4 Worker 720248668
46 46 4 Worker 5390769
47 47 4 Worker 918551378
48 48 4 Worker 654109632
49 49 4 Worker 529699871
50 50 4 Worker 958692902
51 51 4 Worker 899243773
52 52 4 Worker 9787469
53 53 4 Worker 689672217
54 54 4 Worker 734454846
55 55 4 Worker 307260265
56 56 4 Worker 842222992
57 57 4 Worker 256285599
58 58 4 Worker 748431670
59 59 4 Worker 46996148
60 60 4 Worker 748138659
61 61 4 Worker 54619610
62 62 4 Worker 80617475
63 63 4 Worker 518006349
64 64 4 Worker 126516544
65 65 4 Worker 324653719
66 66 4 Worker 245384902
67 67 4 Worker 384603829
68 68 4 Worker 422768058
69 69 4 Worker 318997723
70 70 4 Worker 165549314
71 71 4 Worker 190965890
72 72 4 Worker 678976054
73 73 4 Worker 765592552
74 74 4 Worker 879502035
75 75 4 Worker 475855382
76 76 4 Worker 698570149
77 77 4 Worker 960247553
78 78 4 Worker 911902075
79 79 4 Worker 346648002
80 80 4 Worker 544586762
81 81 4 Worker 973117153
82 82 4 Worker 158989171
83 83 4 Worker 169088632
84 84 4 Worker 221970844
85 85 4 Worker 739227044
86 86 4 Worker 640526979
87 87 4 Worker 323109245
88 88 4 Worker 44361064
89 89 4 Worker 745640593
90 90 4 Worker 838715862
91 91 4 Worker 198895106
92 92 4 Worker 98558623
93 93 4 Worker 886735597
94 94 4 Worker 870767463
95 95 4 Worker 718934319
96 96 4 Worker 993489109
97 97 4 Worker 723750632
98 98 4 Worker 250704603
99 99 4 Worker 150101836
100 100 4 Worker 397831391
101 101 4 Worker 450370595
102 102 4 Worker 71896559
103 103 4 Worker 681581412
104 104 4 Worker 413524584
105 105 4 Worker 704144225
106 106 4 Worker 77921598
107 107 4 Worker 992822807
108 108 4 Worker 69266950
109 109 4 Worker 72942116
110 110 4 Worker 44039109
111 111 4 Worker 684036057
112 112 4 Worker 644411221
113 113 4 Worker 359323456
114 114 4 Worker 695829578
115 115 4 Worker 182498886
116 116 4 Worker 898822436
117 117 4 Worker 257536714
118 118 4 Worker 769354295
119 119 4 Worker 867733199
120 120 4 Worker 113697559
121 121 4 Worker 594507881
122 122 4 Worker 519623921
123 123 4 Worker 397825810
124 124 4 Worker 208134511
125 125 4 Worker 749944589
126 126 4 Worker 964526807
127 127 4 Worker 956013514
128 128 4 Worker 225374447
129 129 4 Worker 218489227
130 130 4 Worker 646624844
131 131 4 Worker 700717158
132 132 4 Worker 340110487
133 133 4 Worker 353271963
134 134 4 Worker 405767426
135 135 4 Worker 671910131
136 136 4 Worker 520455504
137 137 4 Worker 286113019
138 138 4 Worker 311838458
139 139 4 Worker 993199562
140 140 4 Worker 900031995
141 141 4 Worker 777690239
142 142 4 Worker 644867912
143 143 4 Worker 626847749
144 144 4 Worker 306967091
145 145 4 Worker 279469898
146 146 4 Worker 656512329
147 147 4 Worker 274730885
148 148 4 Worker 844968351
149 149 4 Worker 748162612
150 150 4 Worker 569618672
151 151 4 Worker 723897738
152 152 4 Worker 435178361
153 153 4 Worker 235170861
154 154 4 Worker 997634151
155 155 4 Worker 61126455
156 156 4 Worker 412448110
157 157 4 Worker 311039233
158 158 4 Worker 381391777
159 159 4 Worker 703397410
160 160 4 Worker 910872206
161 161 4 Worker 61957002
162 162 4 Worker 431868656
163 163 4 Worker 418573783
164 164 4 Worker 231021551
165 165 4 Worker 877198393
166 166 4 Worker 186983334
167 167 4 Worker 199990933
168 168 4 Worker 739727077
169 169 4 Worker 473526873
170 170 4 Worker 778977146
171 171 4 Worker 732347849
172 172 4 Worker 648919189
173 173 4 Worker 593042510
174 174 4 Worker 874548163
175 175 4 Worker 219405552
176 176 4 Worker 877929890
177 177 4 Worker 527785381
178 178 4 Worker 829278334
179 179 4 Worker 980348400
180 180 4 Worker 784147668
181 181 4 Worker 39469546
182 182 4 Worker 579912948
183 183 4 Worker 567590293
184 184 4 Worker 787607816
185 185 4 Worker 382963112
186 186 4 Worker 235861935
187 187 4 Worker 232734461
188 188 4 Worker 470568068
189 189 4 Worker 687552886
190 190 4 Worker 645293742
191 191 4 Worker 19939907
192 192 4 Worker 32938267
193 193 4 Worker 871227362
194 194 4 Worker 580029376
195 195 4 Worker 533834456
196 196 4 Worker 820588209
197 197 4 Worker 298393018
198 198 4 Worker 363951661
199 199 4 Worker 698220916
200 200 4 Worker 757815876
201 201 4 Worker 706863220
202 202 4 Worker 525594310
203 203 4 Worker 191073440
204 204 4 Worker 767600864
205 205 4 Worker 621491005
206 206 4 Worker 705724668
207 207 4 Worker 67203883
208 208 4 Worker 678345852
209 209 4 Worker 406264178
210 210 4 Worker 927239635
211 211 4 Worker 651661862
212 212 4 Worker 724456091
213 213 4 Worker 612675705
214 214 4 Worker 448609907
215 215 4 Worker 903707140
216 216 4 Worker 961489118
217 217 4 Worker 274068792
218 218 4 Worker 243992007
219 219 4 Worker 492729758
220 220 4 Worker 527508516
221 221 4 Worker 406638208
222 222 4 Worker 580623296
223 223 4 Worker 480744499
224 224 4 Worker 723942356
225 225 4 Worker 84249148
226 226 4 Worker 701459725
227 227 4 Worker 780159689
228 228 4 Worker 491450269
229 229 4 Worker 220325433
230 230 4 Worker 182190706
231 231 4 Worker 947417927
232 232 4 Worker 208030462
233 233 4 Worker 164006708
234 234 4 Worker 998856321
235 235 4 Worker 572152752
236 236 4 Worker 6538165
237 237 4 Worker 555596581
238 238 4 Worker 748271005
239 239 4 Worker 489982235
240 240 4 Worker 698976331
241 241 4 Worker 20695596
242 242 4 Worker 604829206
243 243 4 Worker 147413207
244 244 4 Worker 857189907
245 245 4 Worker 804748709
246 246 4 Worker 358824276
247 247 4 Worker 106562683
248 248 4 Worker 921038411
249 249 4 Worker 890639137
250 250 4 Worker 595567030
251 251 4 Worker 211254429
252 252 4 Worker 831008742
253 253 4 Worker 100225506
254 254 4 Worker 77724855
255 255 4 Worker 913899097
