0 0 -1 Splicer 426470178
1 1 0 Worker 235343121
2 2 -1 PersistentDB 828592457
3 3 -1 InMemoryDB 7491491
4 4 -1 WorkManager 785387701
5 5 4 Worker 340705452
6 6 4 Worker 656050618
7 7 4 Worker 767956864
8 8 4 Worker 28519967
9 9 4 Worker 567368022
10 10 4 Worker 424021002
11 11 4 Worker 260870514
12 12 4 Worker 38704511
13 13 4 Worker 112841828
14 14 4 Worker 113868149
15 15 4 Worker 852684410
16 16 4 Worker 208791441
17 17 4 Worker 657331788
18 18 4 Worker 787646883
19 19 4 Worker 549563904
20 20 4 Worker 243261120
21 21 4 Worker 138074001
22 22 4 Worker 492361159
23 23 4 Worker 537475185
24 24 4 Worker 224660879
25 25 4 Worker 973909943
26 26 4 Worker 652536787
27 27 4 Worker 297505737
28 28 4 Worker 220314628
29 29 4 Worker 9911579
30 30 4 Worker 447511295
31 31 4 Worker 346810539
