0 0 -1 Splicer 30327389
1 1 0 Worker 954119534
2 2 -1 PersistentDB 68657931
3 3 -1 InMemoryDB 993956672
4 4 -1 WorkManager 677557824
5 5 4 Worker 727319145
6 6 4 Worker 280698423
7 7 4 Worker 325900067
8 8 4 Worker 281927623
9 9 4 Worker 318622288
10 10 4 Worker 150922620
11 11 4 Worker 362391506
12 12 4 Worker 832198729
13 13 4 Worker 132765967
14 14 4 Worker 22790883
15 15 4 Worker 616813488
16 16 4 Worker 955070189
17 17 4 Worker 624561621
18 18 4 Worker 109480154
19 19 4 Worker 655744450
20 20 4 Worker 207540010
21 21 4 Worker 486946879
22 22 4 Worker 839551994
23 23 4 Worker 301405985
24 24 4 Worker 592183899
25 25 4 Worker 329541312
26 26 4 Worker 388982165
27 27 4 Worker 274616927
28 28 4 Worker 833345300
29 29 4 Worker 233749870
30 30 4 Worker 62288797
31 31 4 Worker 848716588
