0 0 -1 Splicer 620292414
1 1 0 Worker 715169985
2 2 -1 PersistentDB 612897271
3 3 -1 InMemoryDB 708741041
4 4 -1 WorkManager 937547308
5 5 4 Worker 919811832
6 6 4 Worker 685969094
7 7 4 Worker 841155788
8 8 4 Worker 950747273
9 9 4 Worker 604674017
10 10 4 Worker 719527839
11 11 4 Worker 374965989
12 12 4 Worker 706490364
13 13 4 Worker 330136501
14 14 4 Worker 11495865
15 15 4 Worker 68633984
16 16 4 Worker 945882265
17 17 4 Worker 928608288
18 18 4 Worker 974447892
19 19 4 Worker 100515919
20 20 4 Worker 778748889
21 21 4 Worker 701864186
22 22 4 Worker 452876349
23 23 4 Worker 149615537
24 24 4 Worker 644693330
25 25 4 Worker 554615128
26 26 4 Worker 878968259
27 27 4 Worker 684294859
28 28 4 Worker 946309837
29 29 4 Worker 886777292
30 30 4 Worker 622923268
31 31 4 Worker 639259256
