0 0 -1 Splicer 518240238
1 1 0 Worker 896353966
2 2 -1 PersistentDB 579729481
3 3 -1 InMemoryDB 136524304
4 4 -1 WorkManager 859031633
5 5 4 Worker 114762284
6 6 4 Worker 94879578
7 7 4 Worker 984947779
8 8 4 Worker 643846317
9 9 4 Worker 601505115
10 10 4 Worker 126776455
11 11 4 Worker 319326136
12 12 4 Worker 807336945
13 13 4 Worker 844664581
14 14 4 Worker 335690295
15 15 4 Worker 912413768
16 16 4 Worker 392271331
17 17 4 Worker 691761432
18 18 4 Worker 417429688
19 19 4 Worker 98493714
20 20 4 Worker 242540283
21 21 4 Worker 799228061
22 22 4 Worker 94962022
23 23 4 Worker 121346677
24 24 4 Worker 688980526
25 25 4 Worker 200742998
26 26 4 Worker 778457672
27 27 4 Worker 203734558
28 28 4 Worker 72710671
29 29 4 Worker 935907751
30 30 4 Worker 833833563
31 31 4 Worker 239043589
32 32 4 Worker 317964020
33 33 4 Worker 937028317
34 34 4 Worker 905228868
35 35 4 Worker 468843979
36 36 4 Worker 698497202
37 37 4 Worker 940645823
38 38 4 Worker 989891299
39 39 4 Worker 790412170
40 40 4 Worker 244634371
41 41 4 Worker 894994734
42 42 4 Worker 200295539
43 43 4 Worker 485667595
44 44 4 Worker 77370912
45 45 4 Worker 458012201
46 46 4 Worker 569359589
47 47 4 Worker 21617276
48 48 4 Worker 930474811
49 49 4 Worker 693874237
50 50 4 Worker 585794814
51 51 4 Worker 345768348
52 52 4 Worker 733512217
53 53 4 Worker 521877592
54 54 4 Worker 27113124
55 55 4 Worker 296799274
56 56 4 Worker 727779282
57 57 4 Worker 24648543
58 58 4 Worker 780858873
59 59 4 Worker 514293572
60 60 4 Worker 511913092
61 61 4 Worker 386573911
62 62 4 Worker 162184388
63 63 4 Worker 859939717
64 64 4 Worker 751750182
65 65 4 Worker 610873936
66 66 4 Worker 213383720
67 67 4 Worker 233139629
68 68 4 Worker 395283449
69 69 4 Worker 209356039
70 70 4 Worker 448769673
71 71 4 Worker 125406780
72 72 4 Worker 747390086
73 73 4 Worker 457096222
74 74 4 Worker 568878872
75 75 4 Worker 485491135
76 76 4 Worker 879147853
77 77 4 Worker 374109711
78 78 4 Worker 928793611
79 79 4 Worker 39414057
80 80 4 Worker 898008592
81 81 4 Worker 295299702
82 82 4 Worker 706901487
83 83 4 Worker 930968582
84 84 4 Worker 487583741
85 85 4 Worker 61032943
86 86 4 Worker 544245621
87 87 4 Worker 109196504
88 88 4 Worker 878316272
89 89 4 Worker 52117930
90 90 4 Worker 792087970
91 91 4 Worker 358119703
92 92 4 Worker 579046105
93 93 4 Worker 958632554
94 94 4 Worker 208305926
95 95 4 Worker 926991783
96 96 4 Worker 684514073
97 97 4 Worker 825121542
98 98 4 Worker 169225794
99 99 4 Worker 88437177
100 100 4 Worker 497174045
101 101 4 Worker 975619801
102 102 4 Worker 89906999
103 103 4 Worker 971740209
104 104 4 Worker 115747578
105 105 4 Worker 981509064
106 106 4 Worker 188340906
107 107 4 Worker 956888540
108 108 4 Worker 815182883
109 109 4 Worker 835055522
110 110 4 Worker 557679147
111 111 4 Worker 747579988
112 112 4 Worker 251258847
113 113 4 Worker 200840421
114 114 4 Worker 91294417
115 115 4 Worker 158852676
116 116 4 Worker 201302452
117 117 4 Worker 322467615
118 118 4 Worker 212192962
119 119 4 Worker 115484227
120 120 4 Worker 795540621
121 121 4 Worker 69254868
122 122 4 Worker 516342600
123 123 4 Worker 503603076
124 124 4 Worker 667275503
125 125 4 Worker 598278700
126 126 4 Worker 268911943
127 127 4 Worker 437534236
128 128 4 Worker 70657581
129 129 4 Worker 123143762
130 130 4 Worker 104269291
131 131 4 Worker 384930613
132 132 4 Worker 924266918
133 133 4 Worker 348762669
134 134 4 Worker 831360440
135 135 4 Worker 797467823
136 136 4 Worker 856796161
137 137 4 Worker 666922226
138 138 4 Worker 567562783
139 139 4 Worker 59055290
140 140 4 Worker 323428910
141 141 4 Worker 598896508
142 142 4 Worker 453254670
143 143 4 Worker 994046876
144 144 4 Worker 88101358
145 145 4 Worker 561080506
146 146 4 Worker 217414930
147 147 4 Worker 82696927
148 148 4 Worker 586871244
149 149 4 Worker 85238515
150 150 4 Worker 198998970
151 151 4 Worker 130659986
152 152 4 Worker 437580785
153 153 4 Worker 951120542
154 154 4 Worker 546358649
155 155 4 Worker 263241268
156 156 4 Worker 722895041
157 157 4 Worker 562352014
158 158 4 Worker 321672954
159 159 4 Worker 22362079
160 160 4 Worker 65599966
161 161 4 Worker 56792798
162 162 4 Worker 373882912
163 163 4 Worker 266631457
164 164 4 Worker 132079318
165 165 4 Worker 723803196
166 166 4 Worker 909005984
167 167 4 Worker 406488426
168 168 4 Worker 557424922
169 169 4 Worker 959810307
170 170 4 Worker 146563245
171 171 4 Worker 559613576
172 172 4 Worker 952920278
173 173 4 Worker 891842837
174 174 4 Worker 841914294
175 175 4 Worker 566134076
176 176 4 Worker 271277945
177 177 4 Worker 801538579
178 178 4 Worker 719202496
179 179 4 Worker 158569150
180 180 4 Worker 454868187
181 181 4 Worker 68995000
182 182 4 Worker 286274755
183 183 4 Worker 161801044
184 184 4 Worker 949418612
185 185 4 Worker 119458215
186 186 4 Worker 880771348
187 187 4 Worker 852960244
188 188 4 Worker 328569781
189 189 4 Worker 600418533
190 190 4 Worker 560995367
191 191 4 Worker 763206246
192 192 4 Worker 269540044
193 193 4 Worker 762120789
194 194 4 Worker 828141316
195 195 4 Worker 437213025
196 196 4 Worker 892647484
197 197 4 Worker 544292896
198 198 4 Worker 709715464
199 199 4 Worker 343084019
200 200 4 Worker 929037257
201 201 4 Worker 736489086
202 202 4 Worker 289332486
203 203 4 Worker 237334282
204 204 4 Worker 24350388
205 205 4 Worker 671497652
206 206 4 Worker 97937248
207 207 4 Worker 224391162
208 208 4 Worker 591113971
209 209 4 Worker 14675999
210 210 4 Worker 20462790
211 211 4 Worker 725631433
212 212 4 Worker 859013875
213 213 4 Worker 200738100
214 214 4 Worker 603981332
215 215 4 Worker 787956135
216 216 4 Worker 61278630
217 217 4 Worker 15810377
218 218 4 Worker 715890822
219 219 4 Worker 923539001
220 220 4 Worker 437211514
221 221 4 Worker 620001655
222 222 4 Worker 947452641
223 223 4 Worker 884965886
224 224 4 Worker 259928983
225 225 4 Worker 746102473
226 226 4 Worker 510411098
227 227 4 Worker 831288455
228 228 4 Worker 843547550
229 229 4 Worker 46274604
230 230 4 Worker 708471043
231 231 4 Worker 224651084
232 232 4 Worker 449658262
233 233 4 Worker 602469544
234 234 4 Worker 689656169
235 235 4 Worker 401014748
236 236 4 Worker 703169851
237 237 4 Worker 91392940
238 238 4 Worker 723490046
239 239 4 Worker 629538531
240 240 4 Worker 385904959
241 241 4 Worker 701033001
242 242 4 Worker 137605886
243 243 4 Worker 237666238
244 244 4 Worker 760290890
245 245 4 Worker 83601172
246 246 4 Worker 226793434
247 247 4 Worker 298840605
248 248 4 Worker 900219839
249 249 4 Worker 178980766
250 250 4 Worker 389224825
251 251 4 Worker 404263756
252 252 4 Worker 956121316
253 253 4 Worker 719811989
254 254 4 Worker 599001046
255 255 4 Worker 394923070
