0 0 -1 Splicer 476310415
1 1 0 Worker 56822703
2 2 -1 PersistentDB 442279847
3 3 -1 InMemoryDB 60543588
4 4 -1 WorkManager 460520445
5 5 4 Worker 653250500
6 6 4 Worker 601482744
7 7 4 Worker 871931994
8 8 4 Worker 866511804
9 9 4 Worker 575220769
10 10 4 Worker 140765709
11 11 4 Worker 83449870
12 12 4 Worker 173795559
13 13 4 Worker 611135694
14 14 4 Worker 486265326
15 15 4 Worker 492767871
16 16 4 Worker 928127097
17 17 4 Worker 879893044
18 18 4 Worker 894831453
19 19 4 Worker 874789255
20 20 4 Worker 794429389
21 21 4 Worker 705504460
22 22 4 Worker 135121837
23 23 4 Worker 323364450
24 24 4 Worker 454540398
25 25 4 Worker 567563944
26 26 4 Worker 361344740
27 27 4 Worker 110325385
28 28 4 Worker 590105526
29 29 4 Worker 159872390
30 30 4 Worker 867001645
31 31 4 Worker 309866248
32 32 4 Worker 743211808
33 33 4 Worker 959643088
34 34 4 Worker 451889108
35 35 4 Worker 806660446
36 36 4 Worker 135147338
37 37 4 Worker 925104903
38 38 4 Worker 349804476
39 39 4 Worker 756399631
40 40 4 Worker 325848549
41 41 4 Worker 14636136
42 42 4 Worker 384226758
43 43 4 Worker 943571130
44 44 4 Worker 688587733
45 45 4 Worker 184372172
46 46 4 Worker 627542555
47 47 4 Worker 983795439
48 48 4 Worker 664408279
49 49 4 Worker 161531293
50 50 4 Worker 762574455
51 51 4 Worker 5077666
52 52 4 Worker 949586168
53 53 4 Worker 310575665
54 54 4 Worker 273807715
55 55 4 Worker 119038531
56 56 4 Worker 177159403
57 57 4 Worker 932497506
58 58 4 Worker 957384892
59 59 4 Worker 633914844
60 60 4 Worker 146911807
61 61 4 Worker 87520193
62 62 4 Worker 197210226
63 63 4 Worker 763929768
64 64 4 Worker 653553285
65 65 4 Worker 918572152
66 66 4 Worker 729187969
67 67 4 Worker 51802927
68 68 4 Worker 257212776
69 69 4 Worker 353787078
70 70 4 Worker 889869991
71 71 4 Worker 103306612
72 72 4 Worker 692542895
73 73 4 Worker 401180460
74 74 4 Worker 224771356
75 75 4 Worker 285440439
76 76 4 Worker 45994258
77 77 4 Worker 113843807
78 78 4 Worker 357687852
79 79 4 Worker 80588243
80 80 4 Worker 382146713
81 81 4 Worker 642986651
82 82 4 Worker 433703635
83 83 4 Worker 299227315
84 84 4 Worker 966949853
85 85 4 Worker 262658998
86 86 4 Worker 721674147
87 87 4 Worker 644343999
88 88 4 Worker 938641388
89 89 4 Worker 332113228
90 90 4 Worker 412944950
91 91 4 Worker 592709916
92 92 4 Worker 418550620
93 93 4 Worker 503274071
94 94 4 Worker 932830082
95 95 4 Worker 801464660
96 96 4 Worker 638555319
97 97 4 Worker 682563106
98 98 4 Worker 79162683
99 99 4 Worker 495048055
100 100 4 Worker 935136737
101 101 4 Worker 574978695
102 102 4 Worker 509396288
103 103 4 Worker 248884253
104 104 4 Worker 629503697
105 105 4 Worker 672197568
106 106 4 Worker 566399563
107 107 4 Worker 538220905
108 108 4 Worker 699386187
109 109 4 Worker 408692146
110 110 4 Worker 561066830
111 111 4 Worker 636972029
112 112 4 Worker 991002496
113 113 4 Worker 247082207
114 114 4 Worker 895745799
115 115 4 Worker 543448297
116 116 4 Worker 51528513
117 117 4 Worker 864345655
118 118 4 Worker 658819684
119 119 4 Worker 505028368
120 120 4 Worker 658326082
121 121 4 Worker 407248556
122 122 4 Worker 23341295
123 123 4 Worker 108145675
124 124 4 Worker 459074467
125 125 4 Worker 110668030
126 126 4 Worker 304660401
127 127 4 Worker 56695586
