0 0 -1 Splicer 643964128
1 1 0 Worker 300146668
2 2 -1 PersistentDB 932486760
3 3 -1 InMemoryDB 346430419
4 4 -1 WorkManager 506405193
5 5 4 Worker 822554820
6 6 4 Worker 697029500
7 7 4 Worker 497822409
8 8 4 Worker 746002476
9 9 4 Worker 604662688
10 10 4 Worker 937529388
11 11 4 Worker 94693501
12 12 4 Worker 898434688
13 13 4 Worker 106148428
14 14 4 Worker 370213507
15 15 4 Worker 552513835
16 16 4 Worker 920987901
17 17 4 Worker 53979162
18 18 4 Worker 694437704
19 19 4 Worker 944256370
20 20 4 Worker 974830407
21 21 4 Worker 95670825
22 22 4 Worker 729630050
23 23 4 Worker 272050411
24 24 4 Worker 946213862
25 25 4 Worker 462448694
26 26 4 Worker 78416084
27 27 4 Worker 118085929
28 28 4 Worker 61021844
29 29 4 Worker 153043695
30 30 4 Worker 524888201
31 31 4 Worker 830595047
