0 0 -1 Splicer 390263997
1 1 0 Worker 815815829
2 2 -1 PersistentDB 621273292
3 3 -1 InMemoryDB 474993150
4 4 -1 WorkManager 424077158
5 5 4 Worker 40142275
6 6 4 Worker 242210894
7 7 4 Worker 770377584
8 8 4 Worker 890374091
9 9 4 Worker 678957188
10 10 4 Worker 723925725
11 11 4 Worker 918146009
12 12 4 Worker 971945092
13 13 4 Worker 28962919
14 14 4 Worker 440352771
15 15 4 Worker 958197331
16 16 4 Worker 900671452
17 17 4 Worker 11054777
18 18 4 Worker 542994701
19 19 4 Worker 749856848
20 20 4 Worker 949998164
21 21 4 Worker 653818155
22 22 4 Worker 514390250
23 23 4 Worker 267206990
24 24 4 Worker 515065915
25 25 4 Worker 541227666
26 26 4 Worker 739843152
27 27 4 Worker 595836928
28 28 4 Worker 804168291
29 29 4 Worker 298941890
30 30 4 Worker 598439331
31 31 4 Worker 40989458
32 32 4 Worker 688134653
33 33 4 Worker 492374181
34 34 4 Worker 233242062
35 35 4 Worker 82332751
36 36 4 Worker 104430574
37 37 4 Worker 686131012
38 38 4 Worker 812149265
39 39 4 Worker 740759289
40 40 4 Worker 398049481
41 41 4 Worker 745737721
42 42 4 Worker 166512370
43 43 4 Worker 126544472
44 44 4 Worker 619567842
45 45 4 Worker 259851175
46 46 4 Worker 758287969
47 47 4 Worker 783283639
48 48 4 Worker 470460
49 49 4 Worker 40755875
50 50 4 Worker 647834120
51 51 4 Worker 397297591
52 52 4 Worker 949807448
53 53 4 Worker 478448462
54 54 4 Worker 451234653
55 55 4 Worker 789930907
56 56 4 Worker 297601822
57 57 4 Worker 559470437
58 58 4 Worker 322001219
59 59 4 Worker 606138651
60 60 4 Worker 487598214
61 61 4 Worker 816926065
62 62 4 Worker 567104848
63 63 4 Worker 911862988
64 64 4 Worker 963273415
65 65 4 Worker 641803993
66 66 4 Worker 86179758
67 67 4 Worker 607970989
68 68 4 Worker 767266934
69 69 4 Worker 788166555
70 70 4 Worker 344649689
71 71 4 Worker 494716900
72 72 4 Worker 841606772
73 73 4 Worker 30160380
74 74 4 Worker 989400682
75 75 4 Worker 648473331
76 76 4 Worker 174771230
77 77 4 Worker 77136136
78 78 4 Worker 619041240
79 79 4 Worker 370192018
80 80 4 Worker 935649428
81 81 4 Worker 555596432
82 82 4 Worker 482167299
83 83 4 Worker 438966050
84 84 4 Worker 138447779
85 85 4 Worker 798065354
86 86 4 Worker 813036715
87 87 4 Worker 686221268
88 88 4 Worker 594129082
89 89 4 Worker 355287168
90 90 4 Worker 792900402
91 91 4 Worker 290109015
92 92 4 Worker 578622153
93 93 4 Worker 635565534
94 94 4 Worker 689090396
95 95 4 Worker 32943243
96 96 4 Worker 540034809
97 97 4 Worker 754170207
98 98 4 Worker 518952825
99 99 4 Worker 780888741
100 100 4 Worker 238322762
101 101 4 Worker 703112868
102 102 4 Worker 173413564
103 103 4 Worker 260760392
104 104 4 Worker 70759804
105 105 4 Worker 568557833
106 106 4 Worker 550408236
107 107 4 Worker 562201509
108 108 4 Worker 852116378
109 109 4 Worker 382425155
110 110 4 Worker 785499512
111 111 4 Worker 91814634
112 112 4 Worker 394886179
113 113 4 Worker 674619817
114 114 4 Worker 663177788
115 115 4 Worker 150248318
116 116 4 Worker 431249155
117 117 4 Worker 723324288
118 118 4 Worker 189755964
119 119 4 Worker 964723137
120 120 4 Worker 546081285
121 121 4 Worker 732372972
122 122 4 Worker 435539337
123 123 4 Worker 458967598
124 124 4 Worker 849601582
125 125 4 Worker 136618675
126 126 4 Worker 954490094
127 127 4 Worker 607830678
128 128 4 Worker 911731312
129 129 4 Worker 162980871
130 130 4 Worker 852130995
131 131 4 Worker 797687555
132 132 4 Worker 192434620
133 133 4 Worker 916580992
134 134 4 Worker 81409740
135 135 4 Worker 326105164
136 136 4 Worker 64876901
137 137 4 Worker 476882744
138 138 4 Worker 572235011
139 139 4 Worker 266407144
140 140 4 Worker 612590214
141 141 4 Worker 73648650
142 142 4 Worker 287189563
143 143 4 Worker 346344805
144 144 4 Worker 196065209
145 145 4 Worker 119571783
146 146 4 Worker 361415754
147 147 4 Worker 199648501
148 148 4 Worker 420596729
149 149 4 Worker 595326932
150 150 4 Worker 900603387
151 151 4 Worker 771499484
152 152 4 Worker 756738643
153 153 4 Worker 274170303
154 154 4 Worker 775067408
155 155 4 Worker 904718630
156 156 4 Worker 324872248
157 157 4 Worker 594905118
158 158 4 Worker 10250961
159 159 4 Worker 399674110
160 160 4 Worker 824290549
161 161 4 Worker 795366396
162 162 4 Worker 988473950
163 163 4 Worker 154572576
164 164 4 Worker 57839914
165 165 4 Worker 569458623
166 166 4 Worker 404743545
167 167 4 Worker 597412677
168 168 4 Worker 107805202
169 169 4 Worker 681470786
170 170 4 Worker 644648658
171 171 4 Worker 198650849
172 172 4 Worker 149235642
173 173 4 Worker 546366820
174 174 4 Worker 738689578
175 175 4 Worker 12960085
176 176 4 Worker 708782131
177 177 4 Worker 543587442
178 178 4 Worker 103518578
179 179 4 Worker 168699503
180 180 4 Worker 610120501
181 181 4 Worker 177575273
182 182 4 Worker 853032929
183 183 4 Worker 921595123
184 184 4 Worker 76321423
185 185 4 Worker 663887764
186 186 4 Worker 352368897
187 187 4 Worker 96969437
188 188 4 Worker 790428039
189 189 4 Worker 393137612
190 190 4 Worker 540137081
191 191 4 Worker 609551294
192 192 4 Worker 948682497
193 193 4 Worker 646590473
194 194 4 Worker 846344073
195 195 4 Worker 131252117
196 196 4 Worker 803792473
197 197 4 Worker 872134690
198 198 4 Worker 705233050
199 199 4 Worker 842071219
200 200 4 Worker 413730710
201 201 4 Worker 824396446
202 202 4 Worker 801059655
203 203 4 Worker 192277421
204 204 4 Worker 22519836
205 205 4 Worker 300588181
206 206 4 Worker 239843747
207 207 4 Worker 522399202
208 208 4 Worker 192059587
209 209 4 Worker 952609090
210 210 4 Worker 455723185
211 211 4 Worker 22789533
212 212 4 Worker 208187846
213 213 4 Worker 835491207
214 214 4 Worker 872940064
215 215 4 Worker 793763175
216 216 4 Worker 633454222
217 217 4 Worker 924898612
218 218 4 Worker 381360528
219 219 4 Worker 233590141
220 220 4 Worker 50123032
221 221 4 Worker 1547242
222 222 4 Worker 240068529
223 223 4 Worker 862339745
224 224 4 Worker 595420771
225 225 4 Worker 312917805
226 226 4 Worker 743305792
227 227 4 Worker 991196451
228 228 4 Worker 238678827
229 229 4 Worker 655346164
230 230 4 Worker 221236328
231 231 4 Worker 881480670
232 232 4 Worker 857660684
233 233 4 Worker 948359445
234 234 4 Worker 673205183
235 235 4 Worker 177009923
236 236 4 Worker 859053816
237 237 4 Worker 970832181
238 238 4 Worker 418661186
239 239 4 Worker 428439539
240 240 4 Worker 537738176
241 241 4 Worker 531147432
242 242 4 Worker 743545752
243 243 4 Worker 685665372
244 244 4 Worker 868312336
245 245 4 Worker 288500451
246 246 4 Worker 262728516
247 247 4 Worker 49478139
248 248 4 Worker 240040726
249 249 4 Worker 800356891
250 250 4 Worker 503238554
251 251 4 Worker 523713620
252 252 4 Worker 964690563
253 253 4 Worker 346524815
254 254 4 Worker 501596266
255 255 4 Worker 710237635
