0 0 -1 Splicer 682907688
1 1 0 Worker 861662952
2 2 -1 PersistentDB 366886370
3 3 -1 InMemoryDB 517735454
4 4 -1 WorkManager 712184005
5 5 4 Worker 520485283
6 6 4 Worker 469841881
7 7 4 Worker 791490627
8 8 4 Worker 361805747
9 9 4 Worker 900653131
10 10 4 Worker 154146373
11 11 4 Worker 614226894
12 12 4 Worker 429181360
13 13 4 Worker 87415963
14 14 4 Worker 746442155
15 15 4 Worker 901332904
16 16 4 Worker 177750581
17 17 4 Worker 612482267
18 18 4 Worker 760408271
19 19 4 Worker 959658700
20 20 4 Worker 534389782
21 21 4 Worker 938890164
22 22 4 Worker 139518726
23 23 4 Worker 778460154
24 24 4 Worker 685267898
25 25 4 Worker 164851375
26 26 4 Worker 795361394
27 27 4 Worker 393035704
28 28 4 Worker 36179696
29 29 4 Worker 718500132
30 30 4 Worker 738845319
31 31 4 Worker 354226445
32 32 4 Worker 155502493
33 33 4 Worker 489496365
34 34 4 Worker 742402954
35 35 4 Worker 299753573
36 36 4 Worker 309163758
37 37 4 Worker 12666305
38 38 4 Worker 344138217
39 39 4 Worker 780136985
40 40 4 Worker 904013026
41 41 4 Worker 718636119
42 42 4 Worker 535241112
43 43 4 Worker 193581217
44 44 4 Worker 658358924
45 45 4 Worker 731595975
46 46 4 Worker 819944397
47 47 4 Worker 600054583
48 48 4 Worker 166386265
49 49 4 Worker 169810158
50 50 4 Worker 992242422
51 51 4 Worker 451750021
52 52 4 Worker 289228983
53 53 4 Worker 988543321
54 54 4 Worker 331817293
55 55 4 Worker 2388000
56 56 4 Worker 912135663
57 57 4 Worker 399882334
58 58 4 Worker 249093537
59 59 4 Worker 643066327
60 60 4 Worker 57096206
61 61 4 Worker 963487093
62 62 4 Worker 343948440
63 63 4 Worker 540227290
64 64 4 Worker 623879829
65 65 4 Worker 439024396
66 66 4 Worker 30785036
67 67 4 Worker 681672902
68 68 4 Worker 755553554
69 69 4 Worker 408815487
70 70 4 Worker 387421854
71 71 4 Worker 914629492
72 72 4 Worker 865684497
73 73 4 Worker 893768237
74 74 4 Worker 989240290
75 75 4 Worker 497061509
76 76 4 Worker 201871259
77 77 4 Worker 152858690
78 78 4 Worker 859432984
79 79 4 Worker 950093052
80 80 4 Worker 760461589
81 81 4 Worker 60592604
82 82 4 Worker 793767564
83 83 4 Worker 914770790
84 84 4 Worker 913063752
85 85 4 Worker 645849759
86 86 4 Worker 707246887
87 87 4 Worker 101816860
88 88 4 Worker 14322165
89 89 4 Worker 731214505
90 90 4 Worker 638955453
91 91 4 Worker 164835585
92 92 4 Worker 364896395
93 93 4 Worker 347802340
94 94 4 Worker 689208418
95 95 4 Worker 984306247
96 96 4 Worker 465736819
97 97 4 Worker 460182414
98 98 4 Worker 656190167
99 99 4 Worker 711510306
100 100 4 Worker 998823370
101 101 4 Worker 82012589
102 102 4 Worker 707575185
103 103 4 Worker 137964281
104 104 4 Worker 712706087
105 105 4 Worker 606339934
106 106 4 Worker 258713634
107 107 4 Worker 93767711
108 108 4 Worker 534034453
109 109 4 Worker 915998167
110 110 4 Worker 760219146
111 111 4 Worker 874119556
112 112 4 Worker 175641019
113 113 4 Worker 53916219
114 114 4 Worker 789990274
115 115 4 Worker 108309953
116 116 4 Worker 712177804
117 117 4 Worker 48518982
118 118 4 Worker 747297223
119 119 4 Worker 72164368
120 120 4 Worker 908635160
121 121 4 Worker 671679422
122 122 4 Worker 430729460
123 123 4 Worker 325710801
124 124 4 Worker 409298214
125 125 4 Worker 651761565
126 126 4 Worker 711506923
127 127 4 Worker 881346239
