0 0 -1 Splicer 156748381
1 1 0 Worker 837610119
2 2 -1 PersistentDB 639072274
3 3 -1 InMemoryDB 585363531
4 4 -1 WorkManager 234342631
5 5 4 Worker 282904081
6 6 4 Worker 766098784
7 7 4 Worker 461559778
8 8 4 Worker 842790393
9 9 4 Worker 38034641
10 10 4 Worker 858653258
11 11 4 Worker 411094340
12 12 4 Worker 710279043
13 13 4 Worker 822264878
14 14 4 Worker 184053305
15 15 4 Worker 351924764
16 16 4 Worker 915166884
17 17 4 Worker 280572184
18 18 4 Worker 323853889
19 19 4 Worker 112883105
20 20 4 Worker 56351670
21 21 4 Worker 823855075
22 22 4 Worker 696815872
23 23 4 Worker 549422619
24 24 4 Worker 174942342
25 25 4 Worker 479181543
26 26 4 Worker 896120063
27 27 4 Worker 889886888
28 28 4 Worker 256947682
29 29 4 Worker 163222432
30 30 4 Worker 194877829
31 31 4 Worker 330313178
