0 0 -1 Splicer 943203138
1 1 0 Worker 800554329
2 2 -1 PersistentDB 965087740
3 3 -1 InMemoryDB 711402304
4 4 -1 WorkManager 534343037
5 5 4 Worker 727759272
6 6 4 Worker 886456547
7 7 4 Worker 359475114
8 8 4 Worker 6217861
9 9 4 Worker 755886177
10 10 4 Worker 959526938
11 11 4 Worker 809754798
12 12 4 Worker 434896400
13 13 4 Worker 472427883
14 14 4 Worker 998904039
15 15 4 Worker 47850798
16 16 4 Worker 19170346
17 17 4 Worker 290627087
18 18 4 Worker 333816297
19 19 4 Worker 771090896
20 20 4 Worker 908307457
21 21 4 Worker 870019217
22 22 4 Worker 648850506
23 23 4 Worker 839382563
24 24 4 Worker 497729698
25 25 4 Worker 194927478
26 26 4 Worker 163872635
27 27 4 Worker 557028072
28 28 4 Worker 522727820
29 29 4 Worker 880497455
30 30 4 Worker 262735961
31 31 4 Worker 392377127
32 32 4 Worker 532958430
33 33 4 Worker 431726340
34 34 4 Worker 889372051
35 35 4 Worker 877123207
36 36 4 Worker 610152052
37 37 4 Worker 365390486
38 38 4 Worker 680377677
39 39 4 Worker 276743078
40 40 4 Worker 527540111
41 41 4 Worker 994849053
42 42 4 Worker 857044282
43 43 4 Worker 314432876
44 44 4 Worker 922733643
45 45 4 Worker 809282982
46 46 4 Worker 448440810
47 47 4 Worker 872497232
48 48 4 Worker 117466110
49 49 4 Worker 610283717
50 50 4 Worker 426549274
51 51 4 Worker 482510535
52 52 4 Worker 605785405
53 53 4 Worker 236575676
54 54 4 Worker 48703431
55 55 4 Worker 164257489
56 56 4 Worker 541910426
57 57 4 Worker 605989554
58 58 4 Worker 890564678
59 59 4 Worker 283317230
60 60 4 Worker 742799171
61 61 4 Worker 755028459
62 62 4 Worker 868230058
63 63 4 Worker 549967089
64 64 4 Worker 732131587
65 65 4 Worker 414717038
66 66 4 Worker 984407601
67 67 4 Worker 931716527
68 68 4 Worker 375080375
69 69 4 Worker 911318041
70 70 4 Worker 375679427
71 71 4 Worker 64901892
72 72 4 Worker 73109400
73 73 4 Worker 217690874
74 74 4 Worker 945912173
75 75 4 Worker 463072687
76 76 4 Worker 92959981
77 77 4 Worker 242874515
78 78 4 Worker 758867320
79 79 4 Worker 134728715
80 80 4 Worker 967311465
81 81 4 Worker 360811198
82 82 4 Worker 408067244
83 83 4 Worker 875915405
84 84 4 Worker 830004882
85 85 4 Worker 317049196
86 86 4 Worker 112508359
87 87 4 Worker 704294690
88 88 4 Worker 949970140
89 89 4 Worker 565753284
90 90 4 Worker 660757457
91 91 4 Worker 468049152
92 92 4 Worker 768197357
93 93 4 Worker 558756949
94 94 4 Worker 340372505
95 95 4 Worker 793487134
96 96 4 Worker 232782718
97 97 4 Worker 63460448
98 98 4 Worker 266493919
99 99 4 Worker 55025623
100 100 4 Worker 261942537
101 101 4 Worker 562364421
102 102 4 Worker 275996890
103 103 4 Worker 989453243
104 104 4 Worker 244188334
105 105 4 Worker 242971173
106 106 4 Worker 803199985
107 107 4 Worker 511407994
108 108 4 Worker 283856271
109 109 4 Worker 123208439
110 110 4 Worker 137135593
111 111 4 Worker 857119006
112 112 4 Worker 460414981
113 113 4 Worker 378681266
114 114 4 Worker 103359040
115 115 4 Worker 916966377
116 116 4 Worker 387859621
117 117 4 Worker 581726421
118 118 4 Worker 315925981
119 119 4 Worker 59707261
120 120 4 Worker 672163895
121 121 4 Worker 925151919
122 122 4 Worker 896281040
123 123 4 Worker 700894055
124 124 4 Worker 353625297
125 125 4 Worker 272913581
126 126 4 Worker 178205830
127 127 4 Worker 79901616
128 128 4 Worker 278349626
129 129 4 Worker 677610558
130 130 4 Worker 318658728
131 131 4 Worker 922249977
132 132 4 Worker 891354531
133 133 4 Worker 50027426
134 134 4 Worker 250808575
135 135 4 Worker 830397185
136 136 4 Worker 295108379
137 137 4 Worker 77682819
138 138 4 Worker 298880541
139 139 4 Worker 666028151
140 140 4 Worker 11001608
141 141 4 Worker 331267399
142 142 4 Worker 30922750
143 143 4 Worker 102496585
144 144 4 Worker 312202293
145 145 4 Worker 224161515
146 146 4 Worker 295070817
147 147 4 Worker 863358476
148 148 4 Worker 78404716
149 149 4 Worker 546297895
150 150 4 Worker 801772660
151 151 4 Worker 651189129
152 152 4 Worker 816162314
153 153 4 Worker 319153288
154 154 4 Worker 960877124
155 155 4 Worker 181248318
156 156 4 Worker 936436194
157 157 4 Worker 585642256
158 158 4 Worker 603066268
159 159 4 Worker 666143553
160 160 4 Worker 18827776
161 161 4 Worker 339316228
162 162 4 Worker 893826409
163 163 4 Worker 467274167
164 164 4 Worker 74170204
165 165 4 Worker 289331671
166 166 4 Worker 263378755
167 167 4 Worker 6571866
168 168 4 Worker 581237095
169 169 4 Worker 801021757
170 170 4 Worker 545082294
171 171 4 Worker 111744429
172 172 4 Worker 302481206
173 173 4 Worker 217559501
174 174 4 Worker 607156638
175 175 4 Worker 169734243
176 176 4 Worker 625304157
177 177 4 Worker 627913739
178 178 4 Worker 263285060
179 179 4 Worker 862853831
180 180 4 Worker 500463508
181 181 4 Worker 118396895
182 182 4 Worker 619667066
183 183 4 Worker 836075320
184 184 4 Worker 940741031
185 185 4 Worker 970057313
186 186 4 Worker 695098856
187 187 4 Worker 90555844
188 188 4 Worker 301290403
189 189 4 Worker 800462595
190 190 4 Worker 895561421
191 191 4 Worker 440638441
192 192 4 Worker 554201083
193 193 4 Worker 785679313
194 194 4 Worker 60674063
195 195 4 Worker 20691886
196 196 4 Worker 122491618
197 197 4 Worker 760873067
198 198 4 Worker 833910643
199 199 4 Worker 990400313
200 200 4 Worker 909758679
201 201 4 Worker 205896555
202 202 4 Worker 899201477
203 203 4 Worker 788305434
204 204 4 Worker 734252769
205 205 4 Worker 868449446
206 206 4 Worker 269373030
207 207 4 Worker 332749974
208 208 4 Worker 157229561
209 209 4 Worker 918836352
210 210 4 Worker 853155141
211 211 4 Worker 38917856
212 212 4 Worker 567281304
213 213 4 Worker 400587010
214 214 4 Worker 478647303
215 215 4 Worker 514686199
216 216 4 Worker 167914071
217 217 4 Worker 574926878
218 218 4 Worker 69508757
219 219 4 Worker 79234024
220 220 4 Worker 567015020
221 221 4 Worker 908373418
222 222 4 Worker 58514025
223 223 4 Worker 794427167
224 224 4 Worker 144711537
225 225 4 Worker 346489864
226 226 4 Worker 897434280
227 227 4 Worker 887425944
228 228 4 Worker 175265166
229 229 4 Worker 328660323
230 230 4 Worker 307824577
231 231 4 Worker 39686894
232 232 4 Worker 200867648
233 233 4 Worker 268790547
234 234 4 Worker 862975483
235 235 4 Worker 945824140
236 236 4 Worker 861746373
237 237 4 Worker 975202034
238 238 4 Worker 46782301
239 239 4 Worker 223810297
240 240 4 Worker 514440270
241 241 4 Worker 543421973
242 242 4 Worker 385570246
243 243 4 Worker 769248723
244 244 4 Worker 669407723
245 245 4 Worker 7587145
246 246 4 Worker 355168990
247 247 4 Worker 400650447
248 248 4 Worker 577342512
249 249 4 Worker 133762854
250 250 4 Worker 599713809
251 251 4 Worker 45709573
252 252 4 Worker 654922906
253 253 4 Worker 749515753
254 254 4 Worker 66099761
255 255 4 Worker 868044153
