0 0 -1 Splicer 401673378
1 1 0 Worker 68007184
2 2 -1 PersistentDB 857983292
3 3 -1 InMemoryDB 110895216
4 4 -1 WorkManager 490799349
5 5 4 Worker 965842407
6 6 4 Worker 138478867
7 7 4 Worker 265570433
8 8 4 Worker 496352440
9 9 4 Worker 10915873
10 10 4 Worker 357495238
11 11 4 Worker 75385834
12 12 4 Worker 100952812
13 13 4 Worker 25362367
14 14 4 Worker 95189597
15 15 4 Worker 341154068
16 16 4 Worker 114208883
17 17 4 Worker 226471961
18 18 4 Worker 835327348
19 19 4 Worker 878908976
20 20 4 Worker 148723352
21 21 4 Worker 412550091
22 22 4 Worker 355021271
23 23 4 Worker 770336352
24 24 4 Worker 228718155
25 25 4 Worker 723571265
26 26 4 Worker 240248627
27 27 4 Worker 176906331
28 28 4 Worker 475269565
29 29 4 Worker 111224674
30 30 4 Worker 136909819
31 31 4 Worker 345709442
32 32 4 Worker 413876412
33 33 4 Worker 897150678
34 34 4 Worker 732153334
35 35 4 Worker 463772422
36 36 4 Worker 301595375
37 37 4 Worker 526393802
38 38 4 Worker 605093838
39 39 4 Worker 554953508
40 40 4 Worker 257341798
41 41 4 Worker 948182579
42 42 4 Worker 575371720
43 43 4 Worker 102163150
44 44 4 Worker 452879942
45 45 4 Worker 509436856
46 46 4 Worker 661938176
47 47 4 Worker 859538001
48 48 4 Worker 984742828
49 49 4 Worker 129582991
50 50 4 Worker 258413299
51 51 4 Worker 275554003
52 52 4 Worker 830724368
53 53 4 Worker 131932016
54 54 4 Worker 229523775
55 55 4 Worker 978892322
56 56 4 Worker 532337662
57 57 4 Worker 56262726
58 58 4 Worker 736065839
59 59 4 Worker 711738777
60 60 4 Worker 389237449
61 61 4 Worker 781135879
62 62 4 Worker 249865080
63 63 4 Worker 261634410
64 64 4 Worker 708291311
65 65 4 Worker 158326879
66 66 4 Worker 926123893
67 67 4 Worker 470166683
68 68 4 Worker 988363597
69 69 4 Worker 981575298
70 70 4 Worker 304248031
71 71 4 Worker 779751878
72 72 4 Worker 307983237
73 73 4 Worker 968242
74 74 4 Worker 156395234
75 75 4 Worker 536661231
76 76 4 Worker 622389187
77 77 4 Worker 741459334
78 78 4 Worker 357335342
79 79 4 Worker 666579750
80 80 4 Worker 886581747
81 81 4 Worker 697237378
82 82 4 Worker 306514470
83 83 4 Worker 713900497
84 84 4 Worker 717445077
85 85 4 Worker 319995639
86 86 4 Worker 586881013
87 87 4 Worker 646125011
88 88 4 Worker 860865657
89 89 4 Worker 129053762
90 90 4 Worker 509230871
91 91 4 Worker 844921366
92 92 4 Worker 365261301
93 93 4 Worker 63738240
94 94 4 Worker 345276544
95 95 4 Worker 580700479
96 96 4 Worker 990917916
97 97 4 Worker 100504351
98 98 4 Worker 707771355
99 99 4 Worker 727426031
100 100 4 Worker 279439241
101 101 4 Worker 715167209
102 102 4 Worker 208948055
103 103 4 Worker 2676987
104 104 4 Worker 590615630
105 105 4 Worker 657446475
106 106 4 Worker 213441854
107 107 4 Worker 932826107
108 108 4 Worker 604183491
109 109 4 Worker 215600387
110 110 4 Worker 832413737
111 111 4 Worker 129594155
112 112 4 Worker 990221923
113 113 4 Worker 69616234
114 114 4 Worker 202400795
115 115 4 Worker 215878630
116 116 4 Worker 783899793
117 117 4 Worker 581608175
118 118 4 Worker 713284012
119 119 4 Worker 933394134
120 120 4 Worker 764108780
121 121 4 Worker 902957735
122 122 4 Worker 965682850
123 123 4 Worker 208863508
124 124 4 Worker 173917459
125 125 4 Worker 411204844
126 126 4 Worker 801756970
127 127 4 Worker 259379956
128 128 4 Worker 654285214
129 129 4 Worker 837943509
130 130 4 Worker 905218870
131 131 4 Worker 595230646
132 132 4 Worker 853473637
133 133 4 Worker 378207534
134 134 4 Worker 741866426
135 135 4 Worker 958932638
136 136 4 Worker 133087043
137 137 4 Worker 269456151
138 138 4 Worker 864277569
139 139 4 Worker 767661432
140 140 4 Worker 824092298
141 141 4 Worker 833670308
142 142 4 Worker 376858269
143 143 4 Worker 703961113
144 144 4 Worker 406709745
145 145 4 Worker 549243557
146 146 4 Worker 400089511
147 147 4 Worker 958534176
148 148 4 Worker 862114906
149 149 4 Worker 749687136
150 150 4 Worker 398328468
151 151 4 Worker 716827850
152 152 4 Worker 912241743
153 153 4 Worker 239837082
154 154 4 Worker 92239919
155 155 4 Worker 97218581
156 156 4 Worker 421035703
157 157 4 Worker 497159940
158 158 4 Worker 531884477
159 159 4 Worker 4891119
160 160 4 Worker 362140684
161 161 4 Worker 135343981
162 162 4 Worker 505639330
163 163 4 Worker 596836897
164 164 4 Worker 923675346
165 165 4 Worker 480641787
166 166 4 Worker 428900018
167 167 4 Worker 958077606
168 168 4 Worker 485719273
169 169 4 Worker 398661629
170 170 4 Worker 606592897
171 171 4 Worker 474993675
172 172 4 Worker 126754741
173 173 4 Worker 712231119
174 174 4 Worker 300806897
175 175 4 Worker 315831139
176 176 4 Worker 73882228
177 177 4 Worker 848104533
178 178 4 Worker 93733440
179 179 4 Worker 977277689
180 180 4 Worker 718950075
181 181 4 Worker 943089300
182 182 4 Worker 665209560
183 183 4 Worker 861995561
184 184 4 Worker 651147878
185 185 4 Worker 771393153
186 186 4 Worker 183504369
187 187 4 Worker 582665693
188 188 4 Worker 386758534
189 189 4 Worker 63829416
190 190 4 Worker 724404208
191 191 4 Worker 908570860
192 192 4 Worker 174206115
193 193 4 Worker 86742901
194 194 4 Worker 726566735
195 195 4 Worker 458199768
196 196 4 Worker 834549099
197 197 4 Worker 260533669
198 198 4 Worker 434479799
199 199 4 Worker 351890087
200 200 4 Worker 473071527
201 201 4 Worker 192944281
202 202 4 Worker 69414008
203 203 4 Worker 208310688
204 204 4 Worker 551413628
205 205 4 Worker 850217038
206 206 4 Worker 839861234
207 207 4 Worker 809852541
208 208 4 Worker 467583460
209 209 4 Worker 145788314
210 210 4 Worker 903075684
211 211 4 Worker 36096511
212 212 4 Worker 176595590
213 213 4 Worker 600252611
214 214 4 Worker 26888728
215 215 4 Worker 464572585
216 216 4 Worker 706508046
217 217 4 Worker 734088156
218 218 4 Worker 347212508
219 219 4 Worker 510230250
220 220 4 Worker 992950615
221 221 4 Worker 67464753
222 222 4 Worker 614129375
223 223 4 Worker 355145524
224 224 4 Worker 219986536
225 225 4 Worker 317191457
226 226 4 Worker 2868501
227 227 4 Worker 126505154
228 228 4 Worker 827453578
229 229 4 Worker 217834638
230 230 4 Worker 379170000
231 231 4 Worker 563169782
232 232 4 Worker 314821948
233 233 4 Worker 300560400
234 234 4 Worker 769067492
235 235 4 Worker 79056708
236 236 4 Worker 482921487
237 237 4 Worker 542258715
238 238 4 Worker 18560383
239 239 4 Worker 968130481
240 240 4 Worker 585970595
241 241 4 Worker 893758836
242 242 4 Worker 548497427
243 243 4 Worker 449500123
244 244 4 Worker 691922886
245 245 4 Worker 710551091
246 246 4 Worker 568073360
247 247 4 Worker 819924121
248 248 4 Worker 489845709
249 249 4 Worker 304051679
250 250 4 Worker 975519399
251 251 4 Worker 483177259
252 252 4 Worker 400073238
253 253 4 Worker 86845138
254 254 4 Worker 168772185
255 255 4 Worker 921473797
