0 0 -1 Splicer 962550604
1 1 0 Worker 675883290
2 2 -1 PersistentDB 622461535
3 3 -1 InMemoryDB 40184650
4 4 -1 WorkManager 19744254
5 5 4 Worker 239601831
6 6 4 Worker 33903317
7 7 4 Worker 753091209
8 8 4 Worker 995618047
9 9 4 Worker 272327740
10 10 4 Worker 735663550
11 11 4 Worker 875409106
12 12 4 Worker 915620461
13 13 4 Worker 840081762
14 14 4 Worker 400290618
15 15 4 Worker 677424437
16 16 4 Worker 520782044
17 17 4 Worker 807488859
18 18 4 Worker 494567384
19 19 4 Worker 218508265
20 20 4 Worker 881810205
21 21 4 Worker 14185851
22 22 4 Worker 381722812
23 23 4 Worker 794431106
24 24 4 Worker 368918170
25 25 4 Worker 870991719
26 26 4 Worker 758851010
27 27 4 Worker 767026176
28 28 4 Worker 969355088
29 29 4 Worker 933426044
30 30 4 Worker 845993458
31 31 4 Worker 109715372
