0 0 -1 Splicer 900384875
1 1 0 Worker 69527655
2 2 -1 PersistentDB 635565084
3 3 -1 InMemoryDB 733213308
4 4 -1 WorkManager 701312325
5 5 4 Worker 98221069
6 6 4 Worker 110912321
7 7 4 Worker 200415883
8 8 4 Worker 935128021
9 9 4 Worker 121341971
10 10 4 Worker 118108702
11 11 4 Worker 699533800
12 12 4 Worker 209996016
13 13 4 Worker 979389394
14 14 4 Worker 622898693
15 15 4 Worker 866006233
16 16 4 Worker 829129560
17 17 4 Worker 747588722
18 18 4 Worker 862013703
19 19 4 Worker 889818024
20 20 4 Worker 725497493
21 21 4 Worker 404154333
22 22 4 Worker 927966919
23 23 4 Worker 241101604
24 24 4 Worker 297840749
25 25 4 Worker 991469950
26 26 4 Worker 611595819
27 27 4 Worker 710988743
28 28 4 Worker 363768754
29 29 4 Worker 117175814
30 30 4 Worker 93369876
31 31 4 Worker 148442701
32 32 4 Worker 616505215
33 33 4 Worker 591350794
34 34 4 Worker 47413511
35 35 4 Worker 80446487
36 36 4 Worker 679408931
37 37 4 Worker 804457432
38 38 4 Worker 414297024
39 39 4 Worker 950088871
40 40 4 Worker 925366190
41 41 4 Worker 104095358
42 42 4 Worker 935979695
43 43 4 Worker 607684688
44 44 4 Worker 969014935
45 45 4 Worker 307438070
46 46 4 Worker 206232386
47 47 4 Worker 260471554
48 48 4 Worker 484808060
49 49 4 Worker 883664464
50 50 4 Worker 269241812
51 51 4 Worker 482079583
52 52 4 Worker 78479130
53 53 4 Worker 92413568
54 54 4 Worker 287059144
55 55 4 Worker 867020644
56 56 4 Worker 311886150
57 57 4 Worker 108126524
58 58 4 Worker 340254053
59 59 4 Worker 604983450
60 60 4 Worker 312523881
61 61 4 Worker 349174436
62 62 4 Worker 198595997
63 63 4 Worker 816600569
64 64 4 Worker 96107548
65 65 4 Worker 707182544
66 66 4 Worker 362203294
67 67 4 Worker 406031763
68 68 4 Worker 244781240
69 69 4 Worker 687269072
70 70 4 Worker 183301566
71 71 4 Worker 18956111
72 72 4 Worker 192186434
73 73 4 Worker 510220199
74 74 4 Worker 141363861
75 75 4 Worker 474647165
76 76 4 Worker 955455738
77 77 4 Worker 690716679
78 78 4 Worker 966837863
79 79 4 Worker 780649536
80 80 4 Worker 440862896
81 81 4 Worker 928462355
82 82 4 Worker 326269926
83 83 4 Worker 670663083
84 84 4 Worker 671625318
85 85 4 Worker 934236254
86 86 4 Worker 82397947
87 87 4 Worker 822985530
88 88 4 Worker 310652732
89 89 4 Worker 135585030
90 90 4 Worker 234725560
91 91 4 Worker 855390538
92 92 4 Worker 699856282
93 93 4 Worker 881693333
94 94 4 Worker 188147538
95 95 4 Worker 387348876
96 96 4 Worker 838844897
97 97 4 Worker 149927236
98 98 4 Worker 814728026
99 99 4 Worker 116813195
100 100 4 Worker 325055500
101 101 4 Worker 198832527
102 102 4 Worker 326483743
103 103 4 Worker 115627090
104 104 4 Worker 378006154
105 105 4 Worker 363148975
106 106 4 Worker 690321879
107 107 4 Worker 214554636
108 108 4 Worker 878791580
109 109 4 Worker 383523450
110 110 4 Worker 842896848
111 111 4 Worker 425138837
112 112 4 Worker 494435026
113 113 4 Worker 766151937
114 114 4 Worker 193271160
115 115 4 Worker 444654818
116 116 4 Worker 525036070
117 117 4 Worker 663500741
118 118 4 Worker 246561818
119 119 4 Worker 359659157
120 120 4 Worker 427035713
121 121 4 Worker 109344471
122 122 4 Worker 36811402
123 123 4 Worker 309080755
124 124 4 Worker 124656626
125 125 4 Worker 591219887
126 126 4 Worker 29200018
127 127 4 Worker 636474860
128 128 4 Worker 517134312
129 129 4 Worker 354832040
130 130 4 Worker 210526208
131 131 4 Worker 694266010
132 132 4 Worker 785606190
133 133 4 Worker 602776381
134 134 4 Worker 890981906
135 135 4 Worker 507017131
136 136 4 Worker 273163263
137 137 4 Worker 603548966
138 138 4 Worker 185617229
139 139 4 Worker 119470707
140 140 4 Worker 623853948
141 141 4 Worker 575528133
142 142 4 Worker 452682450
143 143 4 Worker 833680231
144 144 4 Worker 114623234
145 145 4 Worker 880566636
146 146 4 Worker 508058990
147 147 4 Worker 509398452
148 148 4 Worker 260700628
149 149 4 Worker 192987259
150 150 4 Worker 922279094
151 151 4 Worker 928574424
152 152 4 Worker 660245165
153 153 4 Worker 125547631
154 154 4 Worker 963783356
155 155 4 Worker 90979431
156 156 4 Worker 537114660
157 157 4 Worker 743918446
158 158 4 Worker 309193528
159 159 4 Worker 123799477
160 160 4 Worker 731727863
161 161 4 Worker 870409770
162 162 4 Worker 192914760
163 163 4 Worker 281491131
164 164 4 Worker 333095363
165 165 4 Worker 903228495
166 166 4 Worker 445613762
167 167 4 Worker 689691731
168 168 4 Worker 368446194
169 169 4 Worker 791016526
170 170 4 Worker 863318301
171 171 4 Worker 506932672
172 172 4 Worker 922581765
173 173 4 Worker 384125117
174 174 4 Worker 740035997
175 175 4 Worker 479142054
176 176 4 Worker 703530829
177 177 4 Worker 567374205
178 178 4 Worker 837477570
179 179 4 Worker 130037894
180 180 4 Worker 919607155
181 181 4 Worker 996781719
182 182 4 Worker 125180355
183 183 4 Worker 331531610
184 184 4 Worker 48341648
185 185 4 Worker 422233642
186 186 4 Worker 982031695
187 187 4 Worker 132215055
188 188 4 Worker 123073359
189 189 4 Worker 598087135
190 190 4 Worker 934945967
191 191 4 Worker 768315347
192 192 4 Worker 172077664
193 193 4 Worker 104817898
194 194 4 Worker 539937508
195 195 4 Worker 980506035
196 196 4 Worker 644669145
197 197 4 Worker 321934022
198 198 4 Worker 215573808
199 199 4 Worker 518517783
200 200 4 Worker 925014916
201 201 4 Worker 227856839
202 202 4 Worker 508231915
203 203 4 Worker 575255630
204 204 4 Worker 724972407
205 205 4 Worker 303605897
206 206 4 Worker 429995370
207 207 4 Worker 874905850
208 208 4 Worker 902050777
209 209 4 Worker 206117026
210 210 4 Worker 610320088
211 211 4 Worker 345017131
212 212 4 Worker 64091821
213 213 4 Worker 228693861
214 214 4 Worker 26120156
215 215 4 Worker 622379919
216 216 4 Worker 16116628
217 217 4 Worker 475592531
218 218 4 Worker 409567728
219 219 4 Worker 278728115
220 220 4 Worker 155962288
221 221 4 Worker 714917944
222 222 4 Worker 927332181
223 223 4 Worker 131004053
224 224 4 Worker 225264378
225 225 4 Worker 990338872
226 226 4 Worker 928535746
227 227 4 Worker 793211037
228 228 4 Worker 632323191
229 229 4 Worker 25674472
230 230 4 Worker 810103105
231 231 4 Worker 180201153
232 232 4 Worker 904985806
233 233 4 Worker 885196932
234 234 4 Worker 127102800
235 235 4 Worker 687349279
236 236 4 Worker 93383257
237 237 4 Worker 356696611
238 238 4 Worker 486725057
239 239 4 Worker 615532438
240 240 4 Worker 274789219
241 241 4 Worker 735506291
242 242 4 Worker 517005325
243 243 4 Worker 523786998
244 244 4 Worker 754304569
245 245 4 Worker 798354112
246 246 4 Worker 7735986
247 247 4 Worker 70350105
248 248 4 Worker 1002059
249 249 4 Worker 256689257
250 250 4 Worker 649291090
251 251 4 Worker 593188763
252 252 4 Worker 586290409
253 253 4 Worker 578980742
254 254 4 Worker 418144648
255 255 4 Worker 755937331
