0 0 -1 Splicer 660110611
1 1 0 Worker 602360955
2 2 -1 PersistentDB 49669473
3 3 -1 InMemoryDB 302628739
4 4 -1 WorkManager 666410301
5 5 4 Worker 581704036
6 6 4 Worker 92550554
7 7 4 Worker 267970465
8 8 4 Worker 159736152
9 9 4 Worker 205631026
10 10 4 Worker 647740838
11 11 4 Worker 428783823
12 12 4 Worker 87719573
13 13 4 Worker 233834723
14 14 4 Worker 946227576
15 15 4 Worker 949947999
16 16 4 Worker 770402853
17 17 4 Worker 177414032
18 18 4 Worker 117105524
19 19 4 Worker 281264227
20 20 4 Worker 967560352
21 21 4 Worker 408153876
22 22 4 Worker 452177693
23 23 4 Worker 882447433
24 24 4 Worker 120861728
25 25 4 Worker 407440378
26 26 4 Worker 555180011
27 27 4 Worker 119677007
28 28 4 Worker 399212115
29 29 4 Worker 385273849
30 30 4 Worker 217317530
31 31 4 Worker 459574472
32 32 4 Worker 516844678
33 33 4 Worker 909202872
34 34 4 Worker 256730587
35 35 4 Worker 619737549
36 36 4 Worker 975025304
37 37 4 Worker 189020766
38 38 4 Worker 13938694
39 39 4 Worker 993138005
40 40 4 Worker 266720131
41 41 4 Worker 555211773
42 42 4 Worker 847588991
43 43 4 Worker 426797191
44 44 4 Worker 428291749
45 45 4 Worker 685080145
46 46 4 Worker 192824600
47 47 4 Worker 567243483
48 48 4 Worker 66646272
49 49 4 Worker 616572588
50 50 4 Worker 339357194
51 51 4 Worker 203714071
52 52 4 Worker 188533664
53 53 4 Worker 171004821
54 54 4 Worker 975713944
55 55 4 Worker 138460192
56 56 4 Worker 150679555
57 57 4 Worker 177266918
58 58 4 Worker 867652542
59 59 4 Worker 595490838
60 60 4 Worker 769340175
61 61 4 Worker 692317274
62 62 4 Worker 597756822
63 63 4 Worker 864372476
64 64 4 Worker 869766173
65 65 4 Worker 823624771
66 66 4 Worker 912789315
67 67 4 Worker 284959486
68 68 4 Worker 354227146
69 69 4 Worker 368044705
70 70 4 Worker 12920963
71 71 4 Worker 637927829
72 72 4 Worker 987245607
73 73 4 Worker 616665158
74 74 4 Worker 343978040
75 75 4 Worker 376224834
76 76 4 Worker 355441337
77 77 4 Worker 115950142
78 78 4 Worker 32563822
79 79 4 Worker 401776384
80 80 4 Worker 244168368
81 81 4 Worker 226693031
82 82 4 Worker 528566913
83 83 4 Worker 644534513
84 84 4 Worker 810245794
85 85 4 Worker 813319881
86 86 4 Worker 628180633
87 87 4 Worker 677152240
88 88 4 Worker 267378180
89 89 4 Worker 492560866
90 90 4 Worker 82877447
91 91 4 Worker 243326272
92 92 4 Worker 218811466
93 93 4 Worker 6317658
94 94 4 Worker 655435191
95 95 4 Worker 988077864
96 96 4 Worker 915603791
97 97 4 Worker 822843473
98 98 4 Worker 883418733
99 99 4 Worker 762339906
100 100 4 Worker 215518447
101 101 4 Worker 759049909
102 102 4 Worker 572366183
103 103 4 Worker 607823460
104 104 4 Worker 643053539
105 105 4 Worker 485197528
106 106 4 Worker 265964267
107 107 4 Worker 72727188
108 108 4 Worker 782470036
109 109 4 Worker 640235550
110 110 4 Worker 753065170
111 111 4 Worker 327210568
112 112 4 Worker 228957085
113 113 4 Worker 586967596
114 114 4 Worker 394716367
115 115 4 Worker 998599212
116 116 4 Worker 325355162
117 117 4 Worker 616681620
118 118 4 Worker 930059777
119 119 4 Worker 460706617
120 120 4 Worker 571071349
121 121 4 Worker 714184858
122 122 4 Worker 544524770
123 123 4 Worker 29093537
124 124 4 Worker 195826565
125 125 4 Worker 714627286
126 126 4 Worker 727162608
127 127 4 Worker 970414208
