0 0 -1 Splicer 996531542
1 1 0 Worker 910221956
2 2 -1 PersistentDB 763834252
3 3 -1 InMemoryDB 637152575
4 4 -1 WorkManager 6177471
5 5 4 Worker 387704809
6 6 4 Worker 368923141
7 7 4 Worker 981387736
8 8 4 Worker 357525532
9 9 4 Worker 946714753
10 10 4 Worker 418708809
11 11 4 Worker 367927418
12 12 4 Worker 595503047
13 13 4 Worker 696178826
14 14 4 Worker 712427023
15 15 4 Worker 762965920
16 16 4 Worker 422354823
17 17 4 Worker 857395031
18 18 4 Worker 57460240
19 19 4 Worker 666645243
20 20 4 Worker 470100703
21 21 4 Worker 970965206
22 22 4 Worker 104695475
23 23 4 Worker 657935081
24 24 4 Worker 954584565
25 25 4 Worker 415336537
26 26 4 Worker 282098886
27 27 4 Worker 887716067
28 28 4 Worker 90143804
29 29 4 Worker 39794324
30 30 4 Worker 132285232
31 31 4 Worker 881761324
32 32 4 Worker 232791372
33 33 4 Worker 660106928
34 34 4 Worker 376802140
35 35 4 Worker 850098981
36 36 4 Worker 126955071
37 37 4 Worker 951671940
38 38 4 Worker 782409546
39 39 4 Worker 577620485
40 40 4 Worker 352987579
41 41 4 Worker 937424792
42 42 4 Worker 619730119
43 43 4 Worker 652784990
44 44 4 Worker 372644461
45 45 4 Worker 765709799
46 46 4 Worker 210888371
47 47 4 Worker 311141343
48 48 4 Worker 348425639
49 49 4 Worker 389989649
50 50 4 Worker 452317131
51 51 4 Worker 562639420
52 52 4 Worker 618214760
53 53 4 Worker 188312831
54 54 4 Worker 853893459
55 55 4 Worker 969740121
56 56 4 Worker 340675488
57 57 4 Worker 606850666
58 58 4 Worker 392584651
59 59 4 Worker 442735894
60 60 4 Worker 238541255
61 61 4 Worker 423354319
62 62 4 Worker 960104454
63 63 4 Worker 224061180
64 64 4 Worker 626376887
65 65 4 Worker 183343841
66 66 4 Worker 417473835
67 67 4 Worker 923487805
68 68 4 Worker 888521894
69 69 4 Worker 441114998
70 70 4 Worker 538756724
71 71 4 Worker 500982094
72 72 4 Worker 829223741
73 73 4 Worker 261178147
74 74 4 Worker 184614696
75 75 4 Worker 536860967
76 76 4 Worker 41019592
77 77 4 Worker 740085224
78 78 4 Worker 884203009
79 79 4 Worker 970841823
80 80 4 Worker 176943910
81 81 4 Worker 456832103
82 82 4 Worker 572208187
83 83 4 Worker 748930639
84 84 4 Worker 425383189
85 85 4 Worker 662847777
86 86 4 Worker 632027409
87 87 4 Worker 627131446
88 88 4 Worker 267121475
89 89 4 Worker 935669385
90 90 4 Worker 206527595
91 91 4 Worker 737667204
92 92 4 Worker 707193810
93 93 4 Worker 613421644
94 94 4 Worker 390351638
95 95 4 Worker 694484332
96 96 4 Worker 891703948
97 97 4 Worker 754811359
98 98 4 Worker 593033055
99 99 4 Worker 735197317
100 100 4 Worker 102888853
101 101 4 Worker 50266129
102 102 4 Worker 457665046
103 103 4 Worker 616895631
104 104 4 Worker 272928638
105 105 4 Worker 900902256
106 106 4 Worker 303188866
107 107 4 Worker 855184291
108 108 4 Worker 280537126
109 109 4 Worker 888842387
110 110 4 Worker 92443426
111 111 4 Worker 236349578
112 112 4 Worker 68933280
113 113 4 Worker 971280554
114 114 4 Worker 818094263
115 115 4 Worker 110049828
116 116 4 Worker 889759311
117 117 4 Worker 456734947
118 118 4 Worker 671871852
119 119 4 Worker 24118458
120 120 4 Worker 177523170
121 121 4 Worker 817802838
122 122 4 Worker 339119018
123 123 4 Worker 157187602
124 124 4 Worker 320168313
125 125 4 Worker 333386256
126 126 4 Worker 360947181
127 127 4 Worker 243771971
128 128 4 Worker 27070673
129 129 4 Worker 763209478
130 130 4 Worker 919120529
131 131 4 Worker 493410167
132 132 4 Worker 877513085
133 133 4 Worker 175722413
134 134 4 Worker 681801831
135 135 4 Worker 727180393
136 136 4 Worker 59237113
137 137 4 Worker 357667373
138 138 4 Worker 274671017
139 139 4 Worker 775696185
140 140 4 Worker 565987404
141 141 4 Worker 584324223
142 142 4 Worker 45253701
143 143 4 Worker 273763508
144 144 4 Worker 465231372
145 145 4 Worker 616344282
146 146 4 Worker 448618410
147 147 4 Worker 343466214
148 148 4 Worker 932277025
149 149 4 Worker 674594934
150 150 4 Worker 556198379
151 151 4 Worker 709832454
152 152 4 Worker 88666561
153 153 4 Worker 556461029
154 154 4 Worker 92480182
155 155 4 Worker 309994906
156 156 4 Worker 534036224
157 157 4 Worker 958482057
158 158 4 Worker 718542047
159 159 4 Worker 617674562
160 160 4 Worker 31316292
161 161 4 Worker 454276447
162 162 4 Worker 78975156
163 163 4 Worker 614385717
164 164 4 Worker 298280402
165 165 4 Worker 601356841
166 166 4 Worker 734471668
167 167 4 Worker 195864852
168 168 4 Worker 679232170
169 169 4 Worker 713322009
170 170 4 Worker 699479689
171 171 4 Worker 466276090
172 172 4 Worker 155890048
173 173 4 Worker 277567647
174 174 4 Worker 26283218
175 175 4 Worker 433989352
176 176 4 Worker 184667436
177 177 4 Worker 847001869
178 178 4 Worker 890177938
179 179 4 Worker 537458920
180 180 4 Worker 728336768
181 181 4 Worker 674627823
182 182 4 Worker 107300779
183 183 4 Worker 927696008
184 184 4 Worker 666746267
185 185 4 Worker 49023241
186 186 4 Worker 691666417
187 187 4 Worker 121142479
188 188 4 Worker 952083029
189 189 4 Worker 742194743
190 190 4 Worker 812458102
191 191 4 Worker 296924451
192 192 4 Worker 248417694
193 193 4 Worker 97942993
194 194 4 Worker 591850870
195 195 4 Worker 168672512
196 196 4 Worker 604316255
197 197 4 Worker 224940320
198 198 4 Worker 30937948
199 199 4 Worker 402736145
200 200 4 Worker 444758671
201 201 4 Worker 2802092
202 202 4 Worker 906118496
203 203 4 Worker 295688251
204 204 4 Worker 573968617
205 205 4 Worker 927910041
206 206 4 Worker 476686494
207 207 4 Worker 601958521
208 208 4 Worker 137659566
209 209 4 Worker 780872277
210 210 4 Worker 258135808
211 211 4 Worker 812480235
212 212 4 Worker 40599536
213 213 4 Worker 276198490
214 214 4 Worker 548566259
215 215 4 Worker 96640930
216 216 4 Worker 84816860
217 217 4 Worker 974526200
218 218 4 Worker 787117242
219 219 4 Worker 262368585
220 220 4 Worker 981342177
221 221 4 Worker 139894793
222 222 4 Worker 612641422
223 223 4 Worker 761704015
224 224 4 Worker 297679784
225 225 4 Worker 34748319
226 226 4 Worker 106113005
227 227 4 Worker 238409896
228 228 4 Worker 76414633
229 229 4 Worker 702882195
230 230 4 Worker 873821960
231 231 4 Worker 901564718
232 232 4 Worker 576766345
233 233 4 Worker 339641858
234 234 4 Worker 707450358
235 235 4 Worker 823855564
236 236 4 Worker 248977590
237 237 4 Worker 877536999
238 238 4 Worker 285170976
239 239 4 Worker 585524035
240 240 4 Worker 728541681
241 241 4 Worker 927855570
242 242 4 Worker 842347672
243 243 4 Worker 989856311
244 244 4 Worker 869190147
245 245 4 Worker 493877312
246 246 4 Worker 892705370
247 247 4 Worker 816512121
248 248 4 Worker 13031527
249 249 4 Worker 885130491
250 250 4 Worker 588596532
251 251 4 Worker 377759595
252 252 4 Worker 700229920
253 253 4 Worker 197677692
254 254 4 Worker 55546116
255 255 4 Worker 698255518
