0 0 -1 Splicer 702106374
1 1 0 Worker 982513724
2 2 -1 PersistentDB 516958307
3 3 -1 InMemoryDB 650711295
4 4 -1 WorkManager 635165903
5 5 4 Worker 631625336
6 6 4 Worker 252767280
7 7 4 Worker 291300699
8 8 4 Worker 507502398
9 9 4 Worker 780328987
10 10 4 Worker 42479073
11 11 4 Worker 168909487
12 12 4 Worker 116714632
13 13 4 Worker 744094666
14 14 4 Worker 889499044
15 15 4 Worker 924987685
16 16 4 Worker 351482721
17 17 4 Worker 683186549
18 18 4 Worker 230776589
19 19 4 Worker 695359216
20 20 4 Worker 488741354
21 21 4 Worker 824149653
22 22 4 Worker 279593323
23 23 4 Worker 119047690
24 24 4 Worker 243962921
25 25 4 Worker 437530355
26 26 4 Worker 420590161
27 27 4 Worker 309817863
28 28 4 Worker 922433959
29 29 4 Worker 946337621
30 30 4 Worker 67903347
31 31 4 Worker 368083123
32 32 4 Worker 531038938
33 33 4 Worker 813765358
34 34 4 Worker 146596754
35 35 4 Worker 434885046
36 36 4 Worker 118312916
37 37 4 Worker 115845442
38 38 4 Worker 152786950
39 39 4 Worker 517141205
40 40 4 Worker 743069328
41 41 4 Worker 411467905
42 42 4 Worker 186780059
43 43 4 Worker 469742488
44 44 4 Worker 311835411
45 45 4 Worker 486238266
46 46 4 Worker 477229007
47 47 4 Worker 498438025
48 48 4 Worker 564375108
49 49 4 Worker 849285495
50 50 4 Worker 577614024
51 51 4 Worker 168083994
52 52 4 Worker 85665475
53 53 4 Worker 520335350
54 54 4 Worker 645488202
55 55 4 Worker 51613217
56 56 4 Worker 75524255
57 57 4 Worker 933141638
58 58 4 Worker 630163259
59 59 4 Worker 361757047
60 60 4 Worker 282118462
61 61 4 Worker 592302126
62 62 4 Worker 290576532
63 63 4 Worker 289844745
64 64 4 Worker 247210821
65 65 4 Worker 146043082
66 66 4 Worker 596430676
67 67 4 Worker 423661504
68 68 4 Worker 781886645
69 69 4 Worker 883109294
70 70 4 Worker 989419907
71 71 4 Worker 823666574
72 72 4 Worker 699246034
73 73 4 Worker 58785608
74 74 4 Worker 800778388
75 75 4 Worker 570808819
76 76 4 Worker 805648774
77 77 4 Worker 243016074
78 78 4 Worker 137195989
79 79 4 Worker 960615871
80 80 4 Worker 154122374
81 81 4 Worker 693892293
82 82 4 Worker 747275694
83 83 4 Worker 940087467
84 84 4 Worker 722511589
85 85 4 Worker 56618032
86 86 4 Worker 626952158
87 87 4 Worker 846135164
88 88 4 Worker 26133093
89 89 4 Worker 240441887
90 90 4 Worker 886558134
91 91 4 Worker 62025736
92 92 4 Worker 539568851
93 93 4 Worker 876043400
94 94 4 Worker 287437021
95 95 4 Worker 991637498
96 96 4 Worker 938303707
97 97 4 Worker 770848308
98 98 4 Worker 254351983
99 99 4 Worker 429386852
100 100 4 Worker 574984252
101 101 4 Worker 940010323
102 102 4 Worker 655815214
103 103 4 Worker 825911276
104 104 4 Worker 542822850
105 105 4 Worker 941623668
106 106 4 Worker 843778733
107 107 4 Worker 549465615
108 108 4 Worker 858714171
109 109 4 Worker 914961238
110 110 4 Worker 211879130
111 111 4 Worker 403889413
112 112 4 Worker 993522919
113 113 4 Worker 205284430
114 114 4 Worker 920513598
115 115 4 Worker 903183868
116 116 4 Worker 393546727
117 117 4 Worker 703901123
118 118 4 Worker 790135562
119 119 4 Worker 925738587
120 120 4 Worker 960770242
121 121 4 Worker 583405522
122 122 4 Worker 515503706
123 123 4 Worker 548957967
124 124 4 Worker 773400703
125 125 4 Worker 361995693
126 126 4 Worker 517775161
127 127 4 Worker 620262400
128 128 4 Worker 167252693
129 129 4 Worker 543386820
130 130 4 Worker 438002590
131 131 4 Worker 200257508
132 132 4 Worker 17149631
133 133 4 Worker 648615000
134 134 4 Worker 198482176
135 135 4 Worker 336668384
136 136 4 Worker 608390515
137 137 4 Worker 248854856
138 138 4 Worker 759347624
139 139 4 Worker 467272507
140 140 4 Worker 209706908
141 141 4 Worker 672676014
142 142 4 Worker 283090255
143 143 4 Worker 422473865
144 144 4 Worker 523765827
145 145 4 Worker 444850771
146 146 4 Worker 282688402
147 147 4 Worker 546535190
148 148 4 Worker 49708553
149 149 4 Worker 174334945
150 150 4 Worker 223257865
151 151 4 Worker 90050339
152 152 4 Worker 637915813
153 153 4 Worker 581605267
154 154 4 Worker 103224204
155 155 4 Worker 305461334
156 156 4 Worker 543136185
157 157 4 Worker 862584283
158 158 4 Worker 141117733
159 159 4 Worker 382126522
160 160 4 Worker 619223389
161 161 4 Worker 350777180
162 162 4 Worker 330452093
163 163 4 Worker 587847057
164 164 4 Worker 254564431
165 165 4 Worker 789630485
166 166 4 Worker 795013259
167 167 4 Worker 657823658
168 168 4 Worker 325128518
169 169 4 Worker 796403510
170 170 4 Worker 236484964
171 171 4 Worker 491529637
172 172 4 Worker 176759758
173 173 4 Worker 329328171
174 174 4 Worker 116175017
175 175 4 Worker 432669370
176 176 4 Worker 22624135
177 177 4 Worker 291379839
178 178 4 Worker 706619670
179 179 4 Worker 535351437
180 180 4 Worker 59784724
181 181 4 Worker 143796355
182 182 4 Worker 518513327
183 183 4 Worker 366246993
184 184 4 Worker 121248908
185 185 4 Worker 553478772
186 186 4 Worker 268165729
187 187 4 Worker 747779707
188 188 4 Worker 470098301
189 189 4 Worker 313341959
190 190 4 Worker 716466891
191 191 4 Worker 853091758
192 192 4 Worker 438442183
193 193 4 Worker 323822134
194 194 4 Worker 439010795
195 195 4 Worker 365038274
196 196 4 Worker 342651180
197 197 4 Worker 751477821
198 198 4 Worker 82705722
199 199 4 Worker 460399648
200 200 4 Worker 84327135
201 201 4 Worker 853954550
202 202 4 Worker 330328003
203 203 4 Worker 873515330
204 204 4 Worker 580983776
205 205 4 Worker 332976096
206 206 4 Worker 818625266
207 207 4 Worker 780835388
208 208 4 Worker 475513018
209 209 4 Worker 764220571
210 210 4 Worker 635013661
211 211 4 Worker 927121583
212 212 4 Worker 947226086
213 213 4 Worker 313242715
214 214 4 Worker 642530138
215 215 4 Worker 738182616
216 216 4 Worker 589887526
217 217 4 Worker 293383399
218 218 4 Worker 979671691
219 219 4 Worker 975399083
220 220 4 Worker 264935679
221 221 4 Worker 261879939
222 222 4 Worker 402766788
223 223 4 Worker 391284285
224 224 4 Worker 218146568
225 225 4 Worker 421045541
226 226 4 Worker 525090732
227 227 4 Worker 58353990
228 228 4 Worker 691765104
229 229 4 Worker 247487185
230 230 4 Worker 27487554
231 231 4 Worker 532367795
232 232 4 Worker 768311493
233 233 4 Worker 364257232
234 234 4 Worker 795131659
235 235 4 Worker 409715393
236 236 4 Worker 425125967
237 237 4 Worker 453241159
238 238 4 Worker 116431532
239 239 4 Worker 84740713
240 240 4 Worker 206327553
241 241 4 Worker 211970982
242 242 4 Worker 730113329
243 243 4 Worker 453289278
244 244 4 Worker 249582464
245 245 4 Worker 475391646
246 246 4 Worker 758174071
247 247 4 Worker 972949899
248 248 4 Worker 1905191
249 249 4 Worker 471466379
250 250 4 Worker 70090754
251 251 4 Worker 254276877
252 252 4 Worker 69799774
253 253 4 Worker 407149737
254 254 4 Worker 512645235
255 255 4 Worker 1114030
