0 0 -1 Splicer 472424424
1 1 0 Worker 507058442
2 2 -1 PersistentDB 320690985
3 3 -1 InMemoryDB 515672374
4 4 -1 WorkManager 645227065
5 5 4 Worker 507338346
6 6 4 Worker 367413900
7 7 4 Worker 662240787
8 8 4 Worker 422203052
9 9 4 Worker 246948936
10 10 4 Worker 980279723
11 11 4 Worker 596222784
12 12 4 Worker 378785960
13 13 4 Worker 526351522
14 14 4 Worker 769212848
15 15 4 Worker 257046774
16 16 4 Worker 717076898
17 17 4 Worker 51966283
18 18 4 Worker 338060282
19 19 4 Worker 505561161
20 20 4 Worker 188508617
21 21 4 Worker 178371557
22 22 4 Worker 383791910
23 23 4 Worker 467706507
24 24 4 Worker 250682686
25 25 4 Worker 670945975
26 26 4 Worker 128647617
27 27 4 Worker 104787117
28 28 4 Worker 789271878
29 29 4 Worker 197154776
30 30 4 Worker 239467123
31 31 4 Worker 417664350
32 32 4 Worker 216416998
33 33 4 Worker 540231382
34 34 4 Worker 910838441
35 35 4 Worker 469533318
36 36 4 Worker 443957327
37 37 4 Worker 24389294
38 38 4 Worker 35712289
39 39 4 Worker 799807482
40 40 4 Worker 595679238
41 41 4 Worker 978721905
42 42 4 Worker 269252445
43 43 4 Worker 300950654
44 44 4 Worker 927552747
45 45 4 Worker 436944757
46 46 4 Worker 950146047
47 47 4 Worker 169300499
48 48 4 Worker 902268590
49 49 4 Worker 981146828
50 50 4 Worker 920880612
51 51 4 Worker 705793697
52 52 4 Worker 82375732
53 53 4 Worker 633498233
54 54 4 Worker 363374376
55 55 4 Worker 729933392
56 56 4 Worker 912041496
57 57 4 Worker 47531340
58 58 4 Worker 174514820
59 59 4 Worker 552224310
60 60 4 Worker 204994344
61 61 4 Worker 190189720
62 62 4 Worker 116833383
63 63 4 Worker 550470988
64 64 4 Worker 419142929
65 65 4 Worker 873442201
66 66 4 Worker 176192894
67 67 4 Worker 562022103
68 68 4 Worker 481590670
69 69 4 Worker 21006886
70 70 4 Worker 570856291
71 71 4 Worker 149267161
72 72 4 Worker 272036658
73 73 4 Worker 413260581
74 74 4 Worker 848519292
75 75 4 Worker 217194035
76 76 4 Worker 99085378
77 77 4 Worker 147999259
78 78 4 Worker 671151474
79 79 4 Worker 413706300
80 80 4 Worker 582905759
81 81 4 Worker 136506503
82 82 4 Worker 2028196
83 83 4 Worker 750156965
84 84 4 Worker 640344356
85 85 4 Worker 240979676
86 86 4 Worker 140285257
87 87 4 Worker 163509212
88 88 4 Worker 783050902
89 89 4 Worker 937601182
90 90 4 Worker 483106407
91 91 4 Worker 965441389
92 92 4 Worker 623715255
93 93 4 Worker 678999005
94 94 4 Worker 522435318
95 95 4 Worker 390067461
96 96 4 Worker 942181878
97 97 4 Worker 375263044
98 98 4 Worker 436137943
99 99 4 Worker 716722339
100 100 4 Worker 299742345
101 101 4 Worker 178075313
102 102 4 Worker 332701344
103 103 4 Worker 259140961
104 104 4 Worker 44474650
105 105 4 Worker 779757529
106 106 4 Worker 988191099
107 107 4 Worker 759797708
108 108 4 Worker 981302716
109 109 4 Worker 737705418
110 110 4 Worker 792155326
111 111 4 Worker 439418456
112 112 4 Worker 395908013
113 113 4 Worker 170764513
114 114 4 Worker 857486372
115 115 4 Worker 140088837
116 116 4 Worker 573206403
117 117 4 Worker 67346468
118 118 4 Worker 347420840
119 119 4 Worker 619875981
120 120 4 Worker 526289788
121 121 4 Worker 314135052
122 122 4 Worker 474617554
123 123 4 Worker 280693714
124 124 4 Worker 634033522
125 125 4 Worker 793047510
126 126 4 Worker 431362295
127 127 4 Worker 6346822
