0 0 -1 Splicer 642796162
1 1 0 Worker 518668497
2 2 -1 PersistentDB 484802413
3 3 -1 InMemoryDB 528896006
4 4 -1 WorkManager 737302438
5 5 4 Worker 352700534
6 6 4 Worker 374513841
7 7 4 Worker 663069170
8 8 4 Worker 312320478
9 9 4 Worker 226317737
10 10 4 Worker 533826361
11 11 4 Worker 832276171
12 12 4 Worker 980929150
13 13 4 Worker 940294665
14 14 4 Worker 102839523
15 15 4 Worker 677487792
16 16 4 Worker 475921530
17 17 4 Worker 582463473
18 18 4 Worker 117792588
19 19 4 Worker 24730027
20 20 4 Worker 249612592
21 21 4 Worker 753503044
22 22 4 Worker 468086919
23 23 4 Worker 760096444
24 24 4 Worker 321438206
25 25 4 Worker 100257057
26 26 4 Worker 765756865
27 27 4 Worker 207461835
28 28 4 Worker 170893033
29 29 4 Worker 576473934
30 30 4 Worker 153419260
31 31 4 Worker 178575164
