0 0 -1 Splicer 384447111
1 1 0 Worker 828681019
2 2 -1 PersistentDB 520207306
3 3 -1 InMemoryDB 562380837
4 4 -1 WorkManager 503795847
5 5 4 Worker 674503243
6 6 4 Worker 487214497
7 7 4 Worker 743093663
8 8 4 Worker 111449105
9 9 4 Worker 716590126
10 10 4 Worker 661652736
11 11 4 Worker 485447283
12 12 4 Worker 748597620
13 13 4 Worker 394294750
14 14 4 Worker 511089132
15 15 4 Worker 748843846
16 16 4 Worker 114833519
17 17 4 Worker 723414623
18 18 4 Worker 440025576
19 19 4 Worker 286568136
20 20 4 Worker 902745424
21 21 4 Worker 958385694
22 22 4 Worker 957214587
23 23 4 Worker 976028014
24 24 4 Worker 306343873
25 25 4 Worker 458154343
26 26 4 Worker 286419556
27 27 4 Worker 26266294
28 28 4 Worker 236691974
29 29 4 Worker 922026093
30 30 4 Worker 739915038
31 31 4 Worker 188295162
