0 0 -1 Splicer 637114387
1 1 0 Worker 581894894
2 2 -1 PersistentDB 998025065
3 3 -1 InMemoryDB 474905144
4 4 -1 WorkManager 114093415
5 5 4 Worker 242595620
6 6 4 Worker 529109265
7 7 4 Worker 177206451
8 8 4 Worker 393839587
9 9 4 Worker 760801206
10 10 4 Worker 778090277
11 11 4 Worker 276221720
12 12 4 Worker 473791929
13 13 4 Worker 905138659
14 14 4 Worker 516700334
15 15 4 Worker 690020448
16 16 4 Worker 54006155
17 17 4 Worker 389339261
18 18 4 Worker 352374931
19 19 4 Worker 416795898
20 20 4 Worker 349844233
21 21 4 Worker 138644608
22 22 4 Worker 471419509
23 23 4 Worker 978680032
24 24 4 Worker 203830733
25 25 4 Worker 19459015
26 26 4 Worker 445366441
27 27 4 Worker 751719254
28 28 4 Worker 856265537
29 29 4 Worker 575541730
30 30 4 Worker 924156069
31 31 4 Worker 361462661
32 32 4 Worker 309604034
33 33 4 Worker 417003090
34 34 4 Worker 988203605
35 35 4 Worker 858312063
36 36 4 Worker 730627522
37 37 4 Worker 703013878
38 38 4 Worker 444296237
39 39 4 Worker 722389882
40 40 4 Worker 378856527
41 41 4 Worker 590683390
42 42 4 Worker 268587171
43 43 4 Worker 898066685
44 44 4 Worker 541390836
45 45 4 Worker 282098249
46 46 4 Worker 378689089
47 47 4 Worker 46026232
48 48 4 Worker 90495993
49 49 4 Worker 272728815
50 50 4 Worker 45628282
51 51 4 Worker 433817761
52 52 4 Worker 557765024
53 53 4 Worker 203741131
54 54 4 Worker 411303013
55 55 4 Worker 438520773
56 56 4 Worker 968855011
57 57 4 Worker 885747491
58 58 4 Worker 532430546
59 59 4 Worker 798566974
60 60 4 Worker 844718369
61 61 4 Worker 58863814
62 62 4 Worker 406342065
63 63 4 Worker 128856994
64 64 4 Worker 795420064
65 65 4 Worker 573750608
66 66 4 Worker 430286844
67 67 4 Worker 579893063
68 68 4 Worker 550168715
69 69 4 Worker 925691840
70 70 4 Worker 487174109
71 71 4 Worker 367197516
72 72 4 Worker 471423669
73 73 4 Worker 258276125
74 74 4 Worker 460622474
75 75 4 Worker 154721485
76 76 4 Worker 327407704
77 77 4 Worker 826283179
78 78 4 Worker 131880624
79 79 4 Worker 72457489
80 80 4 Worker 483235368
81 81 4 Worker 178209615
82 82 4 Worker 157226637
83 83 4 Worker 109933447
84 84 4 Worker 608781867
85 85 4 Worker 228245576
86 86 4 Worker 852783063
87 87 4 Worker 420427504
88 88 4 Worker 925448036
89 89 4 Worker 221257371
90 90 4 Worker 224133705
91 91 4 Worker 955772308
92 92 4 Worker 965806696
93 93 4 Worker 693640368
94 94 4 Worker 1357322
95 95 4 Worker 148684516
96 96 4 Worker 162999181
97 97 4 Worker 96231945
98 98 4 Worker 448231308
99 99 4 Worker 168263739
100 100 4 Worker 682132887
101 101 4 Worker 650718252
102 102 4 Worker 223807248
103 103 4 Worker 318670449
104 104 4 Worker 67474020
105 105 4 Worker 854302328
106 106 4 Worker 414273801
107 107 4 Worker 752510325
108 108 4 Worker 580097653
109 109 4 Worker 768412953
110 110 4 Worker 180167983
111 111 4 Worker 681061875
112 112 4 Worker 7574649
113 113 4 Worker 61919750
114 114 4 Worker 515312270
115 115 4 Worker 376109753
116 116 4 Worker 698693390
117 117 4 Worker 531938272
118 118 4 Worker 99271251
119 119 4 Worker 675760790
120 120 4 Worker 136293141
121 121 4 Worker 405135403
122 122 4 Worker 706184175
123 123 4 Worker 185642489
124 124 4 Worker 132797499
125 125 4 Worker 261924432
126 126 4 Worker 17657183
127 127 4 Worker 228882173
