0 0 -1 Splicer 678406600
1 1 0 Worker 27896201
2 2 -1 PersistentDB 272973536
3 3 -1 InMemoryDB 526799435
4 4 -1 WorkManager 104420625
5 5 4 Worker 265302525
6 6 4 Worker 223520068
7 7 4 Worker 863624580
8 8 4 Worker 704192755
9 9 4 Worker 316466573
10 10 4 Worker 680053564
11 11 4 Worker 601369120
12 12 4 Worker 556810551
13 13 4 Worker 19010526
14 14 4 Worker 400749037
15 15 4 Worker 849433193
16 16 4 Worker 687491331
17 17 4 Worker 290519469
18 18 4 Worker 902895234
19 19 4 Worker 188795368
20 20 4 Worker 495933480
21 21 4 Worker 509555166
22 22 4 Worker 186764641
23 23 4 Worker 53524059
24 24 4 Worker 577078516
25 25 4 Worker 581135467
26 26 4 Worker 101920562
27 27 4 Worker 932229497
28 28 4 Worker 886114678
29 29 4 Worker 258982077
30 30 4 Worker 819045739
31 31 4 Worker 994977773
