0 0 -1 Splicer 491872678
1 1 0 Worker 283246321
2 2 -1 PersistentDB 244169192
3 3 -1 InMemoryDB 323205299
4 4 -1 WorkManager 254578066
5 5 4 Worker 551798842
6 6 4 Worker 962790440
7 7 4 Worker 250899008
8 8 4 Worker 94721956
9 9 4 Worker 963728732
10 10 4 Worker 698488951
11 11 4 Worker 375457999
12 12 4 Worker 21715173
13 13 4 Worker 867116830
14 14 4 Worker 992148457
15 15 4 Worker 551809621
16 16 4 Worker 776507076
17 17 4 Worker 339259977
18 18 4 Worker 357804619
19 19 4 Worker 951733758
20 20 4 Worker 538912903
21 21 4 Worker 141598219
22 22 4 Worker 277060486
23 23 4 Worker 352085555
24 24 4 Worker 430914503
25 25 4 Worker 536754648
26 26 4 Worker 386927181
27 27 4 Worker 749223708
28 28 4 Worker 164370936
29 29 4 Worker 292980361
30 30 4 Worker 463200890
31 31 4 Worker 914497533
32 32 4 Worker 200049880
33 33 4 Worker 253619348
34 34 4 Worker 318570888
35 35 4 Worker 573132879
36 36 4 Worker 554250384
37 37 4 Worker 148177339
38 38 4 Worker 475326719
39 39 4 Worker 786812435
40 40 4 Worker 515454670
41 41 4 Worker 803033663
42 42 4 Worker 537239542
43 43 4 Worker 744360730
44 44 4 Worker 290496864
45 45 4 Worker 735876885
46 46 4 Worker 636389798
47 47 4 Worker 253387456
48 48 4 Worker 130193303
49 49 4 Worker 725699233
50 50 4 Worker 127372437
51 51 4 Worker 576498266
52 52 4 Worker 421003737
53 53 4 Worker 707372775
54 54 4 Worker 284400683
55 55 4 Worker 97626612
56 56 4 Worker 556756171
57 57 4 Worker 151775465
58 58 4 Worker 201835620
59 59 4 Worker 566093048
60 60 4 Worker 293717909
61 61 4 Worker 345056154
62 62 4 Worker 683337129
63 63 4 Worker 263839700
64 64 4 Worker 563310551
65 65 4 Worker 343254438
66 66 4 Worker 344715814
67 67 4 Worker 981008737
68 68 4 Worker 146247703
69 69 4 Worker 410623277
70 70 4 Worker 157666957
71 71 4 Worker 996376742
72 72 4 Worker 983807268
73 73 4 Worker 728171514
74 74 4 Worker 709802049
75 75 4 Worker 51758386
76 76 4 Worker 187246555
77 77 4 Worker 812449344
78 78 4 Worker 505286649
79 79 4 Worker 515976149
80 80 4 Worker 930229959
81 81 4 Worker 388636005
82 82 4 Worker 895937428
83 83 4 Worker 264776941
84 84 4 Worker 819783270
85 85 4 Worker 878426706
86 86 4 Worker 824433585
87 87 4 Worker 380793873
88 88 4 Worker 396150430
89 89 4 Worker 909879387
90 90 4 Worker 291891238
91 91 4 Worker 676580672
92 92 4 Worker 546332956
93 93 4 Worker 958170927
94 94 4 Worker 502731133
95 95 4 Worker 9784686
96 96 4 Worker 420991183
97 97 4 Worker 18191825
98 98 4 Worker 302767773
99 99 4 Worker 135814338
100 100 4 Worker 888556318
101 101 4 Worker 775563669
102 102 4 Worker 260052336
103 103 4 Worker 308180371
104 104 4 Worker 283664299
105 105 4 Worker 382749703
106 106 4 Worker 617955722
107 107 4 Worker 457354278
108 108 4 Worker 472060025
109 109 4 Worker 114249969
110 110 4 Worker 650729312
111 111 4 Worker 94792322
112 112 4 Worker 111491098
113 113 4 Worker 358516474
114 114 4 Worker 706492891
115 115 4 Worker 401529388
116 116 4 Worker 491608588
117 117 4 Worker 226467293
118 118 4 Worker 693513758
119 119 4 Worker 119055376
120 120 4 Worker 632935798
121 121 4 Worker 515525140
122 122 4 Worker 162786950
123 123 4 Worker 399631387
124 124 4 Worker 381421876
125 125 4 Worker 692974293
126 126 4 Worker 338032075
127 127 4 Worker 297077105
128 128 4 Worker 735232128
129 129 4 Worker 513156522
130 130 4 Worker 816512223
131 131 4 Worker 745069911
132 132 4 Worker 580805667
133 133 4 Worker 188077923
134 134 4 Worker 128503221
135 135 4 Worker 400307329
136 136 4 Worker 232876017
137 137 4 Worker 212831435
138 138 4 Worker 894217003
139 139 4 Worker 427995959
140 140 4 Worker 940086847
141 141 4 Worker 115237536
142 142 4 Worker 306717357
143 143 4 Worker 674798909
144 144 4 Worker 935539902
145 145 4 Worker 492896388
146 146 4 Worker 989122756
147 147 4 Worker 208122281
148 148 4 Worker 673080787
149 149 4 Worker 501659504
150 150 4 Worker 921120495
151 151 4 Worker 6783819
152 152 4 Worker 808868486
153 153 4 Worker 955760382
154 154 4 Worker 444557596
155 155 4 Worker 318465732
156 156 4 Worker 465926239
157 157 4 Worker 210684365
158 158 4 Worker 168385086
159 159 4 Worker 673189922
160 160 4 Worker 362260299
161 161 4 Worker 864639056
162 162 4 Worker 464421000
163 163 4 Worker 399788227
164 164 4 Worker 706784460
165 165 4 Worker 310181855
166 166 4 Worker 74068581
167 167 4 Worker 292134151
168 168 4 Worker 461554408
169 169 4 Worker 832672797
170 170 4 Worker 554853308
171 171 4 Worker 460945120
172 172 4 Worker 777102253
173 173 4 Worker 905811269
174 174 4 Worker 629343908
175 175 4 Worker 50559962
176 176 4 Worker 664510846
177 177 4 Worker 684708810
178 178 4 Worker 312037778
179 179 4 Worker 581659825
180 180 4 Worker 179363713
181 181 4 Worker 402923656
182 182 4 Worker 279728999
183 183 4 Worker 312710221
184 184 4 Worker 557577709
185 185 4 Worker 537430383
186 186 4 Worker 833298670
187 187 4 Worker 109467881
188 188 4 Worker 515048384
189 189 4 Worker 421983941
190 190 4 Worker 317699416
191 191 4 Worker 459965527
192 192 4 Worker 781699632
193 193 4 Worker 532655494
194 194 4 Worker 216194546
195 195 4 Worker 209522219
196 196 4 Worker 973048166
197 197 4 Worker 954102895
198 198 4 Worker 636567527
199 199 4 Worker 865996303
200 200 4 Worker 588741952
201 201 4 Worker 713356094
202 202 4 Worker 782784184
203 203 4 Worker 238507225
204 204 4 Worker 2183851
205 205 4 Worker 271105122
206 206 4 Worker 401759241
207 207 4 Worker 184991038
208 208 4 Worker 188582690
209 209 4 Worker 931720187
210 210 4 Worker 450658249
211 211 4 Worker 267868603
212 212 4 Worker 504438569
213 213 4 Worker 427619617
214 214 4 Worker 786751271
215 215 4 Worker 511338637
216 216 4 Worker 324219268
217 217 4 Worker 492751964
218 218 4 Worker 612962465
219 219 4 Worker 958156063
220 220 4 Worker 990048768
221 221 4 Worker 444381994
222 222 4 Worker 773037907
223 223 4 Worker 212789830
224 224 4 Worker 187519986
225 225 4 Worker 703784193
226 226 4 Worker 535988637
227 227 4 Worker 135275105
228 228 4 Worker 28405522
229 229 4 Worker 640484210
230 230 4 Worker 861067685
231 231 4 Worker 932477146
232 232 4 Worker 715748117
233 233 4 Worker 451881249
234 234 4 Worker 800399516
235 235 4 Worker 119909153
236 236 4 Worker 174789029
237 237 4 Worker 300404568
238 238 4 Worker 599219080
239 239 4 Worker 243422871
240 240 4 Worker 433740896
241 241 4 Worker 484048113
242 242 4 Worker 846600581
243 243 4 Worker 449143451
244 244 4 Worker 459492081
245 245 4 Worker 480129534
246 246 4 Worker 59053816
247 247 4 Worker 827325711
248 248 4 Worker 154346355
249 249 4 Worker 845805721
250 250 4 Worker 944032625
251 251 4 Worker 340973564
252 252 4 Worker 267438685
253 253 4 Worker 178773670
254 254 4 Worker 458598596
255 255 4 Worker 961716664
