0 0 -1 Splicer 588159776
1 1 0 Worker 548478380
2 2 -1 PersistentDB 127971014
3 3 -1 InMemoryDB 335330688
4 4 -1 WorkManager 166225875
5 5 4 Worker 436887614
6 6 4 Worker 412281988
7 7 4 Worker 904895871
8 8 4 Worker 850099181
9 9 4 Worker 792741094
10 10 4 Worker 900081682
11 11 4 Worker 184820294
12 12 4 Worker 672787849
13 13 4 Worker 252194485
14 14 4 Worker 127065377
15 15 4 Worker 24752761
16 16 4 Worker 947284942
17 17 4 Worker 255219042
18 18 4 Worker 274333208
19 19 4 Worker 76654115
20 20 4 Worker 176011776
21 21 4 Worker 5938485
22 22 4 Worker 663712618
23 23 4 Worker 801454681
24 24 4 Worker 590810087
25 25 4 Worker 261341405
26 26 4 Worker 394245614
27 27 4 Worker 360022536
28 28 4 Worker 96728600
29 29 4 Worker 612535161
30 30 4 Worker 539413977
31 31 4 Worker 525135433
