0 0 -1 Splicer 871950672
1 1 0 Worker 20734653
2 2 -1 PersistentDB 972156025
3 3 -1 InMemoryDB 43381649
4 4 -1 WorkManager 267222396
5 5 4 Worker 436263189
6 6 4 Worker 911325029
7 7 4 Worker 938086685
8 8 4 Worker 166951200
9 9 4 Worker 82866574
10 10 4 Worker 507795485
11 11 4 Worker 127282263
12 12 4 Worker 837047020
13 13 4 Worker 4534807
14 14 4 Worker 653343960
15 15 4 Worker 453110237
16 16 4 Worker 168851092
17 17 4 Worker 598536128
18 18 4 Worker 87499207
19 19 4 Worker 252009562
20 20 4 Worker 314251649
21 21 4 Worker 960657072
22 22 4 Worker 608734962
23 23 4 Worker 702635959
24 24 4 Worker 165064096
25 25 4 Worker 868331283
26 26 4 Worker 502521830
27 27 4 Worker 369670272
28 28 4 Worker 529758928
29 29 4 Worker 324263615
30 30 4 Worker 200129735
31 31 4 Worker 706103821
