0 0 -1 Splicer 243083005
1 1 0 Worker 560404110
2 2 -1 PersistentDB 331001920
3 3 -1 InMemoryDB 238980417
4 4 -1 WorkManager 273278082
5 5 4 Worker 392735560
6 6 4 Worker 409977275
7 7 4 Worker 840223797
8 8 4 Worker 32677477
9 9 4 Worker 593842001
10 10 4 Worker 268589160
11 11 4 Worker 719005775
12 12 4 Worker 258856098
13 13 4 Worker 683339381
14 14 4 Worker 217643810
15 15 4 Worker 187533072
16 16 4 Worker 800794604
17 17 4 Worker 358613118
18 18 4 Worker 342742489
19 19 4 Worker 529336284
20 20 4 Worker 789097961
21 21 4 Worker 520705628
22 22 4 Worker 300737991
23 23 4 Worker 182189763
24 24 4 Worker 339724627
25 25 4 Worker 371897695
26 26 4 Worker 649156685
27 27 4 Worker 79343128
28 28 4 Worker 38327000
29 29 4 Worker 597647868
30 30 4 Worker 945295209
31 31 4 Worker 773169279
32 32 4 Worker 856437358
33 33 4 Worker 146798084
34 34 4 Worker 326510623
35 35 4 Worker 422392568
36 36 4 Worker 327530860
37 37 4 Worker 721162207
38 38 4 Worker 140801377
39 39 4 Worker 219040090
40 40 4 Worker 678642821
41 41 4 Worker 641037170
42 42 4 Worker 60138237
43 43 4 Worker 695553300
44 44 4 Worker 806915783
45 45 4 Worker 138789713
46 46 4 Worker 481279124
47 47 4 Worker 678717800
48 48 4 Worker 285299218
49 49 4 Worker 322967365
50 50 4 Worker 227206822
51 51 4 Worker 554078172
52 52 4 Worker 514591932
53 53 4 Worker 117984427
54 54 4 Worker 713501248
55 55 4 Worker 432009000
56 56 4 Worker 583838117
57 57 4 Worker 600196143
58 58 4 Worker 304678239
59 59 4 Worker 69599453
60 60 4 Worker 511347838
61 61 4 Worker 759794466
62 62 4 Worker 79811224
63 63 4 Worker 593908160
64 64 4 Worker 427319036
65 65 4 Worker 164951003
66 66 4 Worker 482891188
67 67 4 Worker 202826768
68 68 4 Worker 106956478
69 69 4 Worker 530556111
70 70 4 Worker 5253210
71 71 4 Worker 632813656
72 72 4 Worker 510207566
73 73 4 Worker 285390006
74 74 4 Worker 813630559
75 75 4 Worker 820720405
76 76 4 Worker 68924780
77 77 4 Worker 800879234
78 78 4 Worker 770301962
79 79 4 Worker 549024448
80 80 4 Worker 756190141
81 81 4 Worker 80425376
82 82 4 Worker 964007862
83 83 4 Worker 583336106
84 84 4 Worker 501086471
85 85 4 Worker 229718182
86 86 4 Worker 550050402
87 87 4 Worker 444757675
88 88 4 Worker 404430371
89 89 4 Worker 542863866
90 90 4 Worker 516530036
91 91 4 Worker 713812631
92 92 4 Worker 188276815
93 93 4 Worker 198822856
94 94 4 Worker 596266944
95 95 4 Worker 987674194
96 96 4 Worker 900810487
97 97 4 Worker 747808608
98 98 4 Worker 843509125
99 99 4 Worker 494483082
100 100 4 Worker 772661397
101 101 4 Worker 604373297
102 102 4 Worker 867747023
103 103 4 Worker 482392798
104 104 4 Worker 334582125
105 105 4 Worker 315864497
106 106 4 Worker 77650563
107 107 4 Worker 375716587
108 108 4 Worker 970115308
109 109 4 Worker 163013438
110 110 4 Worker 523837024
111 111 4 Worker 658435600
112 112 4 Worker 299253155
113 113 4 Worker 134479217
114 114 4 Worker 436286362
115 115 4 Worker 294164867
116 116 4 Worker 54915166
117 117 4 Worker 267566286
118 118 4 Worker 360365440
119 119 4 Worker 336914362
120 120 4 Worker 534275309
121 121 4 Worker 205273501
122 122 4 Worker 936960377
123 123 4 Worker 358334915
124 124 4 Worker 949592100
125 125 4 Worker 861992027
126 126 4 Worker 506858440
127 127 4 Worker 173765062
128 128 4 Worker 952597813
129 129 4 Worker 483081504
130 130 4 Worker 276756224
131 131 4 Worker 501840
132 132 4 Worker 991370024
133 133 4 Worker 249736197
134 134 4 Worker 618282337
135 135 4 Worker 577130203
136 136 4 Worker 983043280
137 137 4 Worker 772368457
138 138 4 Worker 776557572
139 139 4 Worker 727940046
140 140 4 Worker 400925935
141 141 4 Worker 862810698
142 142 4 Worker 252257987
143 143 4 Worker 278558425
144 144 4 Worker 565832467
145 145 4 Worker 772308333
146 146 4 Worker 707516827
147 147 4 Worker 80008882
148 148 4 Worker 199036584
149 149 4 Worker 523415096
150 150 4 Worker 584222456
151 151 4 Worker 648617572
152 152 4 Worker 944557408
153 153 4 Worker 794351695
154 154 4 Worker 78411465
155 155 4 Worker 66901369
156 156 4 Worker 299641211
157 157 4 Worker 981811811
158 158 4 Worker 837743682
159 159 4 Worker 528509522
160 160 4 Worker 722793632
161 161 4 Worker 735966119
162 162 4 Worker 736574425
163 163 4 Worker 823898831
164 164 4 Worker 923623848
165 165 4 Worker 597420940
166 166 4 Worker 905593595
167 167 4 Worker 775109813
168 168 4 Worker 850891830
169 169 4 Worker 673305343
170 170 4 Worker 879815082
171 171 4 Worker 515660243
172 172 4 Worker 651726011
173 173 4 Worker 915085887
174 174 4 Worker 351543492
175 175 4 Worker 179103949
176 176 4 Worker 162453498
177 177 4 Worker 493984121
178 178 4 Worker 10836550
179 179 4 Worker 80815267
180 180 4 Worker 87998834
181 181 4 Worker 473540829
182 182 4 Worker 23643333
183 183 4 Worker 286837030
184 184 4 Worker 982903282
185 185 4 Worker 410790890
186 186 4 Worker 290009118
187 187 4 Worker 107940125
188 188 4 Worker 488238480
189 189 4 Worker 288816869
190 190 4 Worker 746483634
191 191 4 Worker 654933949
192 192 4 Worker 969603096
193 193 4 Worker 126467976
194 194 4 Worker 385003394
195 195 4 Worker 227387348
196 196 4 Worker 344494148
197 197 4 Worker 86684502
198 198 4 Worker 742289721
199 199 4 Worker 973277312
200 200 4 Worker 972131183
201 201 4 Worker 769144840
202 202 4 Worker 998321636
203 203 4 Worker 716758795
204 204 4 Worker 725416743
205 205 4 Worker 198018606
206 206 4 Worker 263458107
207 207 4 Worker 930883112
208 208 4 Worker 325746400
209 209 4 Worker 623257179
210 210 4 Worker 367034989
211 211 4 Worker 44992730
212 212 4 Worker 815703396
213 213 4 Worker 346224504
214 214 4 Worker 556439254
215 215 4 Worker 212649789
216 216 4 Worker 71839268
217 217 4 Worker 117871364
218 218 4 Worker 211401480
219 219 4 Worker 92434666
220 220 4 Worker 803822141
221 221 4 Worker 198503586
222 222 4 Worker 400674587
223 223 4 Worker 217782018
224 224 4 Worker 928255683
225 225 4 Worker 672072196
226 226 4 Worker 189659824
227 227 4 Worker 10091426
228 228 4 Worker 949938319
229 229 4 Worker 332869488
230 230 4 Worker 496799699
231 231 4 Worker 41390484
232 232 4 Worker 420350998
233 233 4 Worker 56352369
234 234 4 Worker 858645267
235 235 4 Worker 565352004
236 236 4 Worker 327492600
237 237 4 Worker 875619789
238 238 4 Worker 656299050
239 239 4 Worker 64255718
240 240 4 Worker 890962522
241 241 4 Worker 181175499
242 242 4 Worker 757315958
243 243 4 Worker 72730231
244 244 4 Worker 59091827
245 245 4 Worker 107606829
246 246 4 Worker 160006158
247 247 4 Worker 275558609
248 248 4 Worker 541750146
249 249 4 Worker 142942519
250 250 4 Worker 234435941
251 251 4 Worker 902857308
252 252 4 Worker 520641126
253 253 4 Worker 509148428
254 254 4 Worker 950423630
255 255 4 Worker 78620954
