0 0 -1 Splicer 730703736
1 1 0 Worker 279350118
2 2 -1 PersistentDB 991225005
3 3 -1 InMemoryDB 310156674
4 4 -1 WorkManager 835294875
5 5 4 Worker 164769816
6 6 4 Worker 581196758
7 7 4 Worker 633528676
8 8 4 Worker 109097345
9 9 4 Worker 357843931
10 10 4 Worker 987164275
11 11 4 Worker 326414891
12 12 4 Worker 881436227
13 13 4 Worker 658633955
14 14 4 Worker 428725458
15 15 4 Worker 231956091
16 16 4 Worker 522411856
17 17 4 Worker 64335070
18 18 4 Worker 905663188
19 19 4 Worker 156037489
20 20 4 Worker 691027945
21 21 4 Worker 261582145
22 22 4 Worker 356242303
23 23 4 Worker 436624871
24 24 4 Worker 385376040
25 25 4 Worker 160821103
26 26 4 Worker 537391190
27 27 4 Worker 277982557
28 28 4 Worker 391262874
29 29 4 Worker 748712613
30 30 4 Worker 644434873
31 31 4 Worker 638524609
