0 0 -1 Splicer 979055226
1 1 0 Worker 230063802
2 2 -1 PersistentDB 746177321
3 3 -1 InMemoryDB 86412070
4 4 -1 WorkManager 54365356
5 5 4 Worker 63631262
6 6 4 Worker 519401741
7 7 4 Worker 102939046
8 8 4 Worker 250223158
9 9 4 Worker 908589012
10 10 4 Worker 937746703
11 11 4 Worker 554220439
12 12 4 Worker 460773699
13 13 4 Worker 124152545
14 14 4 Worker 62126277
15 15 4 Worker 831204586
16 16 4 Worker 879628293
17 17 4 Worker 994462856
18 18 4 Worker 363753629
19 19 4 Worker 569395154
20 20 4 Worker 318401446
21 21 4 Worker 898963068
22 22 4 Worker 634566077
23 23 4 Worker 985578157
24 24 4 Worker 588336836
25 25 4 Worker 438672673
26 26 4 Worker 765253871
27 27 4 Worker 732293362
28 28 4 Worker 830732754
29 29 4 Worker 716907049
30 30 4 Worker 272473431
31 31 4 Worker 937000202
