0 0 -1 Splicer 623776044
1 1 0 Worker 393183749
2 2 -1 PersistentDB 374774587
3 3 -1 InMemoryDB 931681077
4 4 -1 WorkManager 993439088
5 5 4 Worker 675053035
6 6 4 Worker 368154753
7 7 4 Worker 214358970
8 8 4 Worker 953917312
9 9 4 Worker 752409620
10 10 4 Worker 533585962
11 11 4 Worker 760833369
12 12 4 Worker 241834514
13 13 4 Worker 203667336
14 14 4 Worker 852416811
15 15 4 Worker 296585429
16 16 4 Worker 529697857
17 17 4 Worker 960081304
18 18 4 Worker 760061640
19 19 4 Worker 576311192
20 20 4 Worker 543376053
21 21 4 Worker 828319585
22 22 4 Worker 705038082
23 23 4 Worker 553402184
24 24 4 Worker 580455316
25 25 4 Worker 272761374
26 26 4 Worker 598354655
27 27 4 Worker 409924670
28 28 4 Worker 70748063
29 29 4 Worker 63717899
30 30 4 Worker 911552311
31 31 4 Worker 189356402
32 32 4 Worker 841144323
33 33 4 Worker 469659833
34 34 4 Worker 521354744
35 35 4 Worker 271955993
36 36 4 Worker 727922316
37 37 4 Worker 457415304
38 38 4 Worker 203353661
39 39 4 Worker 654875905
40 40 4 Worker 321248590
41 41 4 Worker 952412214
42 42 4 Worker 59020621
43 43 4 Worker 66984465
44 44 4 Worker 328628723
45 45 4 Worker 224888295
46 46 4 Worker 580723907
47 47 4 Worker 23828571
48 48 4 Worker 122789414
49 49 4 Worker 356876009
50 50 4 Worker 838321348
51 51 4 Worker 998724601
52 52 4 Worker 218689582
53 53 4 Worker 47445836
54 54 4 Worker 746708113
55 55 4 Worker 209064157
56 56 4 Worker 43290624
57 57 4 Worker 975168066
58 58 4 Worker 410009506
59 59 4 Worker 628853161
60 60 4 Worker 400877663
61 61 4 Worker 192076344
62 62 4 Worker 613383629
63 63 4 Worker 835310534
64 64 4 Worker 716090262
65 65 4 Worker 80905178
66 66 4 Worker 271534081
67 67 4 Worker 316343034
68 68 4 Worker 569395762
69 69 4 Worker 563069572
70 70 4 Worker 485825442
71 71 4 Worker 265261859
72 72 4 Worker 206700494
73 73 4 Worker 133249332
74 74 4 Worker 576764248
75 75 4 Worker 856551912
76 76 4 Worker 98665843
77 77 4 Worker 97413551
78 78 4 Worker 525046386
79 79 4 Worker 10704846
80 80 4 Worker 856915902
81 81 4 Worker 123794056
82 82 4 Worker 479756836
83 83 4 Worker 881910942
84 84 4 Worker 824967953
85 85 4 Worker 179764471
86 86 4 Worker 964322830
87 87 4 Worker 620030464
88 88 4 Worker 328351803
89 89 4 Worker 523885293
90 90 4 Worker 963471176
91 91 4 Worker 352605656
92 92 4 Worker 300145364
93 93 4 Worker 347868819
94 94 4 Worker 432902117
95 95 4 Worker 552507
96 96 4 Worker 153252345
97 97 4 Worker 470881522
98 98 4 Worker 431254907
99 99 4 Worker 729298628
100 100 4 Worker 451683147
101 101 4 Worker 166996841
102 102 4 Worker 504982139
103 103 4 Worker 402852616
104 104 4 Worker 76474929
105 105 4 Worker 344749706
106 106 4 Worker 221375870
107 107 4 Worker 770406318
108 108 4 Worker 382963050
109 109 4 Worker 679149228
110 110 4 Worker 664403823
111 111 4 Worker 607946353
112 112 4 Worker 661575536
113 113 4 Worker 882372840
114 114 4 Worker 926178851
115 115 4 Worker 397581130
116 116 4 Worker 125335979
117 117 4 Worker 871757149
118 118 4 Worker 648797830
119 119 4 Worker 890861448
120 120 4 Worker 763499960
121 121 4 Worker 475398425
122 122 4 Worker 661530556
123 123 4 Worker 797035601
124 124 4 Worker 501252051
125 125 4 Worker 404847198
126 126 4 Worker 121324105
127 127 4 Worker 658546667
