0 0 -1 Splicer 273766861
1 1 0 Worker 377390412
2 2 -1 PersistentDB 670624942
3 3 -1 InMemoryDB 674150477
4 4 -1 WorkManager 927130740
5 5 4 Worker 316403908
6 6 4 Worker 706160083
7 7 4 Worker 240727304
8 8 4 Worker 992062946
9 9 4 Worker 835093530
10 10 4 Worker 72418678
11 11 4 Worker 48859374
12 12 4 Worker 336547294
13 13 4 Worker 922723873
14 14 4 Worker 752421233
15 15 4 Worker 911976890
16 16 4 Worker 506413316
17 17 4 Worker 513769307
18 18 4 Worker 736048396
19 19 4 Worker 306737283
20 20 4 Worker 631264135
21 21 4 Worker 181295309
22 22 4 Worker 537921859
23 23 4 Worker 4414698
24 24 4 Worker 541762061
25 25 4 Worker 344653455
26 26 4 Worker 155991922
27 27 4 Worker 724188278
28 28 4 Worker 739805271
29 29 4 Worker 979569886
30 30 4 Worker 589565993
31 31 4 Worker 82047217
32 32 4 Worker 33744877
33 33 4 Worker 162771811
34 34 4 Worker 646457772
35 35 4 Worker 600131420
36 36 4 Worker 746151630
37 37 4 Worker 585086067
38 38 4 Worker 142604512
39 39 4 Worker 665197659
40 40 4 Worker 733160251
41 41 4 Worker 297534312
42 42 4 Worker 297624808
43 43 4 Worker 359680574
44 44 4 Worker 10722933
45 45 4 Worker 127508454
46 46 4 Worker 668777966
47 47 4 Worker 574258612
48 48 4 Worker 159704838
49 49 4 Worker 621643009
50 50 4 Worker 744574259
51 51 4 Worker 16621285
52 52 4 Worker 811237779
53 53 4 Worker 584689393
54 54 4 Worker 59628233
55 55 4 Worker 97581316
56 56 4 Worker 567407196
57 57 4 Worker 962805642
58 58 4 Worker 524598114
59 59 4 Worker 631873346
60 60 4 Worker 309188709
61 61 4 Worker 836320321
62 62 4 Worker 274737623
63 63 4 Worker 13143045
64 64 4 Worker 886583769
65 65 4 Worker 786240547
66 66 4 Worker 315876481
67 67 4 Worker 6142053
68 68 4 Worker 742776613
69 69 4 Worker 907281094
70 70 4 Worker 88381869
71 71 4 Worker 805716266
72 72 4 Worker 25835490
73 73 4 Worker 304952797
74 74 4 Worker 602102029
75 75 4 Worker 771863145
76 76 4 Worker 81563431
77 77 4 Worker 780178874
78 78 4 Worker 752341831
79 79 4 Worker 523872186
80 80 4 Worker 211335756
81 81 4 Worker 873587963
82 82 4 Worker 788716628
83 83 4 Worker 757718934
84 84 4 Worker 285147513
85 85 4 Worker 366872195
86 86 4 Worker 414288692
87 87 4 Worker 421574110
88 88 4 Worker 734335451
89 89 4 Worker 998412282
90 90 4 Worker 747421787
91 91 4 Worker 966633728
92 92 4 Worker 951382181
93 93 4 Worker 962629075
94 94 4 Worker 176812975
95 95 4 Worker 874672911
96 96 4 Worker 919628619
97 97 4 Worker 735526794
98 98 4 Worker 323678794
99 99 4 Worker 377875037
100 100 4 Worker 180161836
101 101 4 Worker 899780322
102 102 4 Worker 587351436
103 103 4 Worker 590543521
104 104 4 Worker 410586496
105 105 4 Worker 275401006
106 106 4 Worker 182966702
107 107 4 Worker 896084101
108 108 4 Worker 770815936
109 109 4 Worker 857053951
110 110 4 Worker 946974271
111 111 4 Worker 789072030
112 112 4 Worker 768988794
113 113 4 Worker 40097497
114 114 4 Worker 865945401
115 115 4 Worker 517380689
116 116 4 Worker 501657428
117 117 4 Worker 850963349
118 118 4 Worker 946248987
119 119 4 Worker 68187642
120 120 4 Worker 583687866
121 121 4 Worker 150189368
122 122 4 Worker 507278835
123 123 4 Worker 447815263
124 124 4 Worker 154140319
125 125 4 Worker 263926743
126 126 4 Worker 939485579
127 127 4 Worker 99182915
128 128 4 Worker 480291071
129 129 4 Worker 771000852
130 130 4 Worker 928018166
131 131 4 Worker 712944508
132 132 4 Worker 789900706
133 133 4 Worker 49170042
134 134 4 Worker 681475179
135 135 4 Worker 22338243
136 136 4 Worker 554570860
137 137 4 Worker 1312826
138 138 4 Worker 355916398
139 139 4 Worker 142606759
140 140 4 Worker 668685735
141 141 4 Worker 827779046
142 142 4 Worker 798176183
143 143 4 Worker 131968216
144 144 4 Worker 618213228
145 145 4 Worker 563662046
146 146 4 Worker 524366449
147 147 4 Worker 991943896
148 148 4 Worker 182557478
149 149 4 Worker 918382078
150 150 4 Worker 643197338
151 151 4 Worker 280271882
152 152 4 Worker 574231454
153 153 4 Worker 406670590
154 154 4 Worker 23496212
155 155 4 Worker 640846154
156 156 4 Worker 672726549
157 157 4 Worker 74786392
158 158 4 Worker 281605937
159 159 4 Worker 489680005
160 160 4 Worker 138212952
161 161 4 Worker 323179105
162 162 4 Worker 540066942
163 163 4 Worker 880643796
164 164 4 Worker 969219983
165 165 4 Worker 120218790
166 166 4 Worker 943239133
167 167 4 Worker 887979906
168 168 4 Worker 921365881
169 169 4 Worker 776987307
170 170 4 Worker 160397680
171 171 4 Worker 187648778
172 172 4 Worker 845650843
173 173 4 Worker 901469968
174 174 4 Worker 524229471
175 175 4 Worker 850122246
176 176 4 Worker 219132253
177 177 4 Worker 169257388
178 178 4 Worker 556201322
179 179 4 Worker 775678986
180 180 4 Worker 12857599
181 181 4 Worker 48882121
182 182 4 Worker 832729989
183 183 4 Worker 193766794
184 184 4 Worker 893874201
185 185 4 Worker 703911181
186 186 4 Worker 426074694
187 187 4 Worker 980781640
188 188 4 Worker 414220715
189 189 4 Worker 403249613
190 190 4 Worker 564517881
191 191 4 Worker 760529579
192 192 4 Worker 402626137
193 193 4 Worker 229942966
194 194 4 Worker 439104451
195 195 4 Worker 452987330
196 196 4 Worker 31589506
197 197 4 Worker 11506896
198 198 4 Worker 391567437
199 199 4 Worker 267802798
200 200 4 Worker 382413935
201 201 4 Worker 190852921
202 202 4 Worker 415758052
203 203 4 Worker 577544381
204 204 4 Worker 5663781
205 205 4 Worker 661903848
206 206 4 Worker 95425920
207 207 4 Worker 847035913
208 208 4 Worker 683181574
209 209 4 Worker 264330287
210 210 4 Worker 918011340
211 211 4 Worker 899728364
212 212 4 Worker 144586167
213 213 4 Worker 535092516
214 214 4 Worker 599595014
215 215 4 Worker 697083645
216 216 4 Worker 403403014
217 217 4 Worker 705289160
218 218 4 Worker 730813522
219 219 4 Worker 207424378
220 220 4 Worker 82966610
221 221 4 Worker 732297041
222 222 4 Worker 845997160
223 223 4 Worker 492871731
224 224 4 Worker 178378542
225 225 4 Worker 944802332
226 226 4 Worker 206581197
227 227 4 Worker 150226419
228 228 4 Worker 465012218
229 229 4 Worker 617083264
230 230 4 Worker 953793943
231 231 4 Worker 643893356
232 232 4 Worker 623693577
233 233 4 Worker 755618997
234 234 4 Worker 169010348
235 235 4 Worker 321075785
236 236 4 Worker 556737229
237 237 4 Worker 723178665
238 238 4 Worker 192751525
239 239 4 Worker 64287915
240 240 4 Worker 215877422
241 241 4 Worker 469592043
242 242 4 Worker 564512213
243 243 4 Worker 861721390
244 244 4 Worker 732062081
245 245 4 Worker 691280425
246 246 4 Worker 978301806
247 247 4 Worker 766908594
248 248 4 Worker 595239194
249 249 4 Worker 461757730
250 250 4 Worker 409139632
251 251 4 Worker 745573692
252 252 4 Worker 635597434
253 253 4 Worker 945404833
254 254 4 Worker 520879094
255 255 4 Worker 213719208
