0 0 -1 Splicer 197751606
1 1 0 Worker 250083924
2 2 -1 PersistentDB 122569786
3 3 -1 InMemoryDB 487928243
4 4 -1 WorkManager 842709539
5 5 4 Worker 139189233
6 6 4 Worker 320703846
7 7 4 Worker 768736522
8 8 4 Worker 584531578
9 9 4 Worker 502434943
10 10 4 Worker 342992276
11 11 4 Worker 541776550
12 12 4 Worker 725426456
13 13 4 Worker 634133086
14 14 4 Worker 606541571
15 15 4 Worker 586398289
16 16 4 Worker 308198671
17 17 4 Worker 897002540
18 18 4 Worker 397536661
19 19 4 Worker 613199916
20 20 4 Worker 507771774
21 21 4 Worker 809376619
22 22 4 Worker 761256538
23 23 4 Worker 696407219
24 24 4 Worker 213042054
25 25 4 Worker 572121454
26 26 4 Worker 681033912
27 27 4 Worker 212698802
28 28 4 Worker 158148023
29 29 4 Worker 855971860
30 30 4 Worker 422399944
31 31 4 Worker 949584928
