0 0 -1 Splicer 180440642
1 1 0 Worker 948344097
2 2 -1 PersistentDB 691288854
3 3 -1 InMemoryDB 357914589
4 4 -1 WorkManager 448811295
5 5 4 Worker 857988633
6 6 4 Worker 390790039
7 7 4 Worker 164277648
8 8 4 Worker 819255308
9 9 4 Worker 938434188
10 10 4 Worker 239910405
11 11 4 Worker 969203889
12 12 4 Worker 86023025
13 13 4 Worker 336648853
14 14 4 Worker 756099440
15 15 4 Worker 466823410
16 16 4 Worker 442016788
17 17 4 Worker 29345798
18 18 4 Worker 378985158
19 19 4 Worker 419163023
20 20 4 Worker 677402657
21 21 4 Worker 717543090
22 22 4 Worker 749611585
23 23 4 Worker 205340466
24 24 4 Worker 246451088
25 25 4 Worker 90180410
26 26 4 Worker 745675925
27 27 4 Worker 807179136
28 28 4 Worker 492713854
29 29 4 Worker 525319120
30 30 4 Worker 186108889
31 31 4 Worker 387065110
