0 0 -1 Splicer 175289920
1 1 0 Worker 948259205
2 2 -1 PersistentDB 920849690
3 3 -1 InMemoryDB 846835248
4 4 -1 WorkManager 960241060
5 5 4 Worker 185014322
6 6 4 Worker 514911467
7 7 4 Worker 386159761
8 8 4 Worker 491957266
9 9 4 Worker 718797185
10 10 4 Worker 378694215
11 11 4 Worker 856909405
12 12 4 Worker 325356006
13 13 4 Worker 240007390
14 14 4 Worker 254916943
15 15 4 Worker 65944782
16 16 4 Worker 983650152
17 17 4 Worker 525879821
18 18 4 Worker 369795589
19 19 4 Worker 740641101
20 20 4 Worker 554358039
21 21 4 Worker 865863709
22 22 4 Worker 298473459
23 23 4 Worker 738856740
24 24 4 Worker 371160569
25 25 4 Worker 314190016
26 26 4 Worker 546727593
27 27 4 Worker 516896096
28 28 4 Worker 970737131
29 29 4 Worker 305005551
30 30 4 Worker 396968542
31 31 4 Worker 809522426
