0 0 -1 Splicer 49798415
1 1 0 Worker 15199312
2 2 -1 PersistentDB 687758161
3 3 -1 InMemoryDB 604449896
4 4 -1 WorkManager 151900513
5 5 4 Worker 113714636
6 6 4 Worker 666750633
7 7 4 Worker 77598435
8 8 4 Worker 25136200
9 9 4 Worker 499613623
10 10 4 Worker 978032671
11 11 4 Worker 434296283
12 12 4 Worker 272808068
13 13 4 Worker 213742757
14 14 4 Worker 21167272
15 15 4 Worker 412081365
16 16 4 Worker 316705661
17 17 4 Worker 111482240
18 18 4 Worker 153009289
19 19 4 Worker 98784692
20 20 4 Worker 550054034
21 21 4 Worker 836862855
22 22 4 Worker 278210743
23 23 4 Worker 134146349
24 24 4 Worker 433595189
25 25 4 Worker 157704784
26 26 4 Worker 509279305
27 27 4 Worker 673178351
28 28 4 Worker 752525442
29 29 4 Worker 936158575
30 30 4 Worker 459681916
31 31 4 Worker 765246475
32 32 4 Worker 302120002
33 33 4 Worker 899679380
34 34 4 Worker 247721541
35 35 4 Worker 288759776
36 36 4 Worker 418273376
37 37 4 Worker 298827270
38 38 4 Worker 306990355
39 39 4 Worker 739230935
40 40 4 Worker 86552618
41 41 4 Worker 71320126
42 42 4 Worker 184774124
43 43 4 Worker 310824515
44 44 4 Worker 137528401
45 45 4 Worker 71118434
46 46 4 Worker 824555168
47 47 4 Worker 591938294
48 48 4 Worker 191472456
49 49 4 Worker 250598890
50 50 4 Worker 765366321
51 51 4 Worker 504458057
52 52 4 Worker 529634172
53 53 4 Worker 580478967
54 54 4 Worker 61222171
55 55 4 Worker 170696414
56 56 4 Worker 896870024
57 57 4 Worker 243483043
58 58 4 Worker 350068621
59 59 4 Worker 621059090
60 60 4 Worker 826256036
61 61 4 Worker 642025123
62 62 4 Worker 101622206
63 63 4 Worker 686867723
64 64 4 Worker 177208844
65 65 4 Worker 687991099
66 66 4 Worker 800485385
67 67 4 Worker 276242205
68 68 4 Worker 624589560
69 69 4 Worker 550114018
70 70 4 Worker 403368688
71 71 4 Worker 105974104
72 72 4 Worker 495181540
73 73 4 Worker 891642277
74 74 4 Worker 6656946
75 75 4 Worker 168999317
76 76 4 Worker 229245301
77 77 4 Worker 462785078
78 78 4 Worker 267909172
79 79 4 Worker 51489518
80 80 4 Worker 656272897
81 81 4 Worker 232467603
82 82 4 Worker 731229844
83 83 4 Worker 472002495
84 84 4 Worker 978704579
85 85 4 Worker 648650876
86 86 4 Worker 394481131
87 87 4 Worker 206963985
88 88 4 Worker 293853639
89 89 4 Worker 709467047
90 90 4 Worker 498230880
91 91 4 Worker 891597060
92 92 4 Worker 928341410
93 93 4 Worker 94704090
94 94 4 Worker 444740633
95 95 4 Worker 45384185
96 96 4 Worker 546561918
97 97 4 Worker 881819211
98 98 4 Worker 123240969
99 99 4 Worker 232177117
100 100 4 Worker 360542167
101 101 4 Worker 199223835
102 102 4 Worker 257415182
103 103 4 Worker 700126718
104 104 4 Worker 474711439
105 105 4 Worker 275604317
106 106 4 Worker 96263726
107 107 4 Worker 494869394
108 108 4 Worker 830896969
109 109 4 Worker 540673400
110 110 4 Worker 433428914
111 111 4 Worker 390323032
112 112 4 Worker 108311727
113 113 4 Worker 586360916
114 114 4 Worker 447589197
115 115 4 Worker 19750601
116 116 4 Worker 793182785
117 117 4 Worker 432300018
118 118 4 Worker 135975660
119 119 4 Worker 904828481
120 120 4 Worker 410882606
121 121 4 Worker 517296803
122 122 4 Worker 205160581
123 123 4 Worker 179644126
124 124 4 Worker 637834232
125 125 4 Worker 511701548
126 126 4 Worker 524970456
127 127 4 Worker 197404278
