0 0 -1 Splicer 994440186
1 1 0 Worker 433005109
2 2 -1 PersistentDB 409699667
3 3 -1 InMemoryDB 298380929
4 4 -1 WorkManager 655924059
5 5 4 Worker 291571200
6 6 4 Worker 899030062
7 7 4 Worker 649692555
8 8 4 Worker 48667858
9 9 4 Worker 537936550
10 10 4 Worker 782983987
11 11 4 Worker 344668699
12 12 4 Worker 581276630
13 13 4 Worker 857640423
14 14 4 Worker 407868436
15 15 4 Worker 446705507
16 16 4 Worker 758929657
17 17 4 Worker 939026993
18 18 4 Worker 627634405
19 19 4 Worker 460276236
20 20 4 Worker 639149825
21 21 4 Worker 872585878
22 22 4 Worker 791665622
23 23 4 Worker 224368087
24 24 4 Worker 737526676
25 25 4 Worker 59714482
26 26 4 Worker 300858523
27 27 4 Worker 141799041
28 28 4 Worker 172891177
29 29 4 Worker 881241058
30 30 4 Worker 307381108
31 31 4 Worker 224243639
