0 0 -1 Splicer 718529579
1 1 0 Worker 158192264
2 2 -1 PersistentDB 970898692
3 3 -1 InMemoryDB 396238170
4 4 -1 WorkManager 714315426
5 5 4 Worker 953758733
6 6 4 Worker 178191982
7 7 4 Worker 188007254
8 8 4 Worker 417667283
9 9 4 Worker 58233228
10 10 4 Worker 601991061
11 11 4 Worker 685294997
12 12 4 Worker 573669186
13 13 4 Worker 362895529
14 14 4 Worker 131956584
15 15 4 Worker 273267072
16 16 4 Worker 257826435
17 17 4 Worker 410855800
18 18 4 Worker 432201422
19 19 4 Worker 258510850
20 20 4 Worker 413364860
21 21 4 Worker 522057287
22 22 4 Worker 83816521
23 23 4 Worker 853598075
24 24 4 Worker 740549175
25 25 4 Worker 61492445
26 26 4 Worker 17254926
27 27 4 Worker 434115804
28 28 4 Worker 676408238
29 29 4 Worker 694694234
30 30 4 Worker 472238495
31 31 4 Worker 336411314
