0 0 -1 Splicer 361175692
1 1 0 Worker 139191653
2 2 -1 PersistentDB 652595268
3 3 -1 InMemoryDB 951383463
4 4 -1 WorkManager 395939446
5 5 4 Worker 864084786
6 6 4 Worker 726922277
7 7 4 Worker 17667742
8 8 4 Worker 388112076
9 9 4 Worker 596454616
10 10 4 Worker 744893672
11 11 4 Worker 728352471
12 12 4 Worker 551592024
13 13 4 Worker 193772254
14 14 4 Worker 697910943
15 15 4 Worker 553463812
16 16 4 Worker 927394023
17 17 4 Worker 53386489
18 18 4 Worker 961345358
19 19 4 Worker 994942487
20 20 4 Worker 590845869
21 21 4 Worker 916599167
22 22 4 Worker 70296657
23 23 4 Worker 544684744
24 24 4 Worker 531240329
25 25 4 Worker 75327768
26 26 4 Worker 351051177
27 27 4 Worker 777549676
28 28 4 Worker 483389575
29 29 4 Worker 289610489
30 30 4 Worker 690306054
31 31 4 Worker 363279942
32 32 4 Worker 657851836
33 33 4 Worker 819637450
34 34 4 Worker 458423219
35 35 4 Worker 554652174
36 36 4 Worker 959885703
37 37 4 Worker 738449576
38 38 4 Worker 438566310
39 39 4 Worker 12514428
40 40 4 Worker 839886357
41 41 4 Worker 152376114
42 42 4 Worker 523092799
43 43 4 Worker 700905310
44 44 4 Worker 12399199
45 45 4 Worker 699933415
46 46 4 Worker 341048570
47 47 4 Worker 422374273
48 48 4 Worker 72302590
49 49 4 Worker 489534153
50 50 4 Worker 144159698
51 51 4 Worker 21456893
52 52 4 Worker 132232898
53 53 4 Worker 465964091
54 54 4 Worker 503852939
55 55 4 Worker 641018501
56 56 4 Worker 803002615
57 57 4 Worker 165052054
58 58 4 Worker 252405030
59 59 4 Worker 320540416
60 60 4 Worker 275474418
61 61 4 Worker 905978646
62 62 4 Worker 489178606
63 63 4 Worker 753748558
64 64 4 Worker 445549890
65 65 4 Worker 155330819
66 66 4 Worker 688045611
67 67 4 Worker 229541247
68 68 4 Worker 587976322
69 69 4 Worker 145998267
70 70 4 Worker 860137317
71 71 4 Worker 687970331
72 72 4 Worker 285521879
73 73 4 Worker 491489126
74 74 4 Worker 389676710
75 75 4 Worker 914609147
76 76 4 Worker 152340721
77 77 4 Worker 217632002
78 78 4 Worker 753737992
79 79 4 Worker 709607407
80 80 4 Worker 884266243
81 81 4 Worker 254526721
82 82 4 Worker 652519842
83 83 4 Worker 918201582
84 84 4 Worker 363565987
85 85 4 Worker 684559109
86 86 4 Worker 224166276
87 87 4 Worker 287666860
88 88 4 Worker 784961565
89 89 4 Worker 937678463
90 90 4 Worker 144370610
91 91 4 Worker 294282025
92 92 4 Worker 928076026
93 93 4 Worker 561929023
94 94 4 Worker 194672698
95 95 4 Worker 223344707
96 96 4 Worker 975310932
97 97 4 Worker 830136035
98 98 4 Worker 708875547
99 99 4 Worker 190070600
100 100 4 Worker 900120227
101 101 4 Worker 121449049
102 102 4 Worker 677793827
103 103 4 Worker 439964445
104 104 4 Worker 436714017
105 105 4 Worker 259719555
106 106 4 Worker 955211745
107 107 4 Worker 270891798
108 108 4 Worker 859502963
109 109 4 Worker 234418815
110 110 4 Worker 625859359
111 111 4 Worker 522558190
112 112 4 Worker 553579444
113 113 4 Worker 545933317
114 114 4 Worker 206359208
115 115 4 Worker 579435983
116 116 4 Worker 69373357
117 117 4 Worker 676273995
118 118 4 Worker 103085133
119 119 4 Worker 135706586
120 120 4 Worker 987146620
121 121 4 Worker 584271588
122 122 4 Worker 557504958
123 123 4 Worker 357819390
124 124 4 Worker 60643403
125 125 4 Worker 630409787
126 126 4 Worker 859558079
127 127 4 Worker 45151389
128 128 4 Worker 817385664
129 129 4 Worker 643190149
130 130 4 Worker 504429430
131 131 4 Worker 533239574
132 132 4 Worker 666079417
133 133 4 Worker 516920480
134 134 4 Worker 869957136
135 135 4 Worker 197207984
136 136 4 Worker 49316454
137 137 4 Worker 500731819
138 138 4 Worker 51380584
139 139 4 Worker 670340926
140 140 4 Worker 430064575
141 141 4 Worker 727943160
142 142 4 Worker 474413824
143 143 4 Worker 36635502
144 144 4 Worker 539507516
145 145 4 Worker 680546883
146 146 4 Worker 605701127
147 147 4 Worker 681504668
148 148 4 Worker 678071900
149 149 4 Worker 926776786
150 150 4 Worker 24794229
151 151 4 Worker 502696660
152 152 4 Worker 674479478
153 153 4 Worker 138024637
154 154 4 Worker 440984819
155 155 4 Worker 527127687
156 156 4 Worker 608396693
157 157 4 Worker 485821433
158 158 4 Worker 629862949
159 159 4 Worker 332721700
160 160 4 Worker 226724454
161 161 4 Worker 25993538
162 162 4 Worker 329861087
163 163 4 Worker 725968487
164 164 4 Worker 741023940
165 165 4 Worker 596826799
166 166 4 Worker 572944047
167 167 4 Worker 850775862
168 168 4 Worker 62955895
169 169 4 Worker 241002628
170 170 4 Worker 845112257
171 171 4 Worker 665075403
172 172 4 Worker 893585842
173 173 4 Worker 637634386
174 174 4 Worker 146366015
175 175 4 Worker 209428959
176 176 4 Worker 594733008
177 177 4 Worker 556829740
178 178 4 Worker 472457821
179 179 4 Worker 917201906
180 180 4 Worker 954824923
181 181 4 Worker 885892509
182 182 4 Worker 88053895
183 183 4 Worker 902149652
184 184 4 Worker 259441295
185 185 4 Worker 905010248
186 186 4 Worker 919923648
187 187 4 Worker 274584771
188 188 4 Worker 638936950
189 189 4 Worker 102371070
190 190 4 Worker 866211299
191 191 4 Worker 750092391
192 192 4 Worker 11242479
193 193 4 Worker 45571906
194 194 4 Worker 596331326
195 195 4 Worker 826053184
196 196 4 Worker 149994184
197 197 4 Worker 999240111
198 198 4 Worker 868220786
199 199 4 Worker 297409948
200 200 4 Worker 950065057
201 201 4 Worker 469043624
202 202 4 Worker 557883405
203 203 4 Worker 495498020
204 204 4 Worker 532774762
205 205 4 Worker 919458298
206 206 4 Worker 888186109
207 207 4 Worker 492761692
208 208 4 Worker 804412184
209 209 4 Worker 669231340
210 210 4 Worker 88557443
211 211 4 Worker 700413413
212 212 4 Worker 939517396
213 213 4 Worker 345788961
214 214 4 Worker 710703443
215 215 4 Worker 898445959
216 216 4 Worker 577580043
217 217 4 Worker 221111244
218 218 4 Worker 877781152
219 219 4 Worker 543685891
220 220 4 Worker 79120785
221 221 4 Worker 457893434
222 222 4 Worker 473598181
223 223 4 Worker 157462260
224 224 4 Worker 627534008
225 225 4 Worker 421645207
226 226 4 Worker 552592973
227 227 4 Worker 36290896
228 228 4 Worker 711727813
229 229 4 Worker 933736259
230 230 4 Worker 17649772
231 231 4 Worker 257602908
232 232 4 Worker 367170030
233 233 4 Worker 188927702
234 234 4 Worker 994570316
235 235 4 Worker 113655661
236 236 4 Worker 680478008
237 237 4 Worker 592578339
238 238 4 Worker 942234887
239 239 4 Worker 526911876
240 240 4 Worker 697956703
241 241 4 Worker 4791874
242 242 4 Worker 162874730
243 243 4 Worker 581486865
244 244 4 Worker 842362523
245 245 4 Worker 19807757
246 246 4 Worker 72958499
247 247 4 Worker 222548465
248 248 4 Worker 136722484
249 249 4 Worker 793470153
250 250 4 Worker 255531442
251 251 4 Worker 434198491
252 252 4 Worker 295596603
253 253 4 Worker 628032021
254 254 4 Worker 608116074
255 255 4 Worker 160142659
