0 0 -1 Splicer 496772921
1 1 0 Worker 647170139
2 2 -1 PersistentDB 226460234
3 3 -1 InMemoryDB 276431701
4 4 -1 WorkManager 947527748
5 5 4 Worker 23138388
6 6 4 Worker 180659861
7 7 4 Worker 897209287
8 8 4 Worker 743460618
9 9 4 Worker 357049187
10 10 4 Worker 216026537
11 11 4 Worker 128341015
12 12 4 Worker 610936005
13 13 4 Worker 834755821
14 14 4 Worker 122990419
15 15 4 Worker 496753692
16 16 4 Worker 629601484
17 17 4 Worker 79159465
18 18 4 Worker 384957433
19 19 4 Worker 423550352
20 20 4 Worker 360656706
21 21 4 Worker 421943646
22 22 4 Worker 128725469
23 23 4 Worker 668563827
24 24 4 Worker 501196494
25 25 4 Worker 342281489
26 26 4 Worker 92762021
27 27 4 Worker 555738286
28 28 4 Worker 552324621
29 29 4 Worker 175766437
30 30 4 Worker 830373158
31 31 4 Worker 925623186
