0 0 -1 Splicer 927559354
1 1 0 Worker 18351377
2 2 -1 PersistentDB 999605574
3 3 -1 InMemoryDB 872349434
4 4 -1 WorkManager 913846251
5 5 4 Worker 648960292
6 6 4 Worker 864025622
7 7 4 Worker 531325085
8 8 4 Worker 171762436
9 9 4 Worker 828376256
10 10 4 Worker 232513710
11 11 4 Worker 238577043
12 12 4 Worker 116520041
13 13 4 Worker 558771974
14 14 4 Worker 759461788
15 15 4 Worker 842220993
16 16 4 Worker 251385597
17 17 4 Worker 357064818
18 18 4 Worker 665906841
19 19 4 Worker 845661063
20 20 4 Worker 300184393
21 21 4 Worker 752895190
22 22 4 Worker 200279465
23 23 4 Worker 294268740
24 24 4 Worker 750354131
25 25 4 Worker 137885783
26 26 4 Worker 631809503
27 27 4 Worker 138668687
28 28 4 Worker 239411256
29 29 4 Worker 458701822
30 30 4 Worker 976854212
31 31 4 Worker 704807730
32 32 4 Worker 172636644
33 33 4 Worker 55976224
34 34 4 Worker 730814819
35 35 4 Worker 5172511
36 36 4 Worker 732358017
37 37 4 Worker 983561368
38 38 4 Worker 229111789
39 39 4 Worker 694060575
40 40 4 Worker 561608849
41 41 4 Worker 814246910
42 42 4 Worker 902504605
43 43 4 Worker 213805294
44 44 4 Worker 103685847
45 45 4 Worker 352404121
46 46 4 Worker 46477379
47 47 4 Worker 36496653
48 48 4 Worker 571011539
49 49 4 Worker 507095909
50 50 4 Worker 960073675
51 51 4 Worker 423181443
52 52 4 Worker 412976592
53 53 4 Worker 216110163
54 54 4 Worker 108361500
55 55 4 Worker 603080168
56 56 4 Worker 866915236
57 57 4 Worker 8364403
58 58 4 Worker 857411498
59 59 4 Worker 622584242
60 60 4 Worker 293292020
61 61 4 Worker 379264453
62 62 4 Worker 95734135
63 63 4 Worker 933239728
64 64 4 Worker 520921463
65 65 4 Worker 473430093
66 66 4 Worker 671047892
67 67 4 Worker 359507631
68 68 4 Worker 107967128
69 69 4 Worker 961939018
70 70 4 Worker 928551399
71 71 4 Worker 61237116
72 72 4 Worker 607241059
73 73 4 Worker 787481641
74 74 4 Worker 928752772
75 75 4 Worker 111653060
76 76 4 Worker 335013402
77 77 4 Worker 65400278
78 78 4 Worker 802145559
79 79 4 Worker 660552028
80 80 4 Worker 262469849
81 81 4 Worker 177982845
82 82 4 Worker 931806290
83 83 4 Worker 138944506
84 84 4 Worker 329075171
85 85 4 Worker 695181575
86 86 4 Worker 335474202
87 87 4 Worker 894027043
88 88 4 Worker 936063726
89 89 4 Worker 910482748
90 90 4 Worker 890137470
91 91 4 Worker 937571408
92 92 4 Worker 480287912
93 93 4 Worker 798411628
94 94 4 Worker 451239696
95 95 4 Worker 856622802
96 96 4 Worker 694543477
97 97 4 Worker 886227514
98 98 4 Worker 518993796
99 99 4 Worker 837256000
100 100 4 Worker 733775394
101 101 4 Worker 653414534
102 102 4 Worker 83569246
103 103 4 Worker 313734560
104 104 4 Worker 713455706
105 105 4 Worker 666768092
106 106 4 Worker 925996632
107 107 4 Worker 672410426
108 108 4 Worker 981565911
109 109 4 Worker 66834106
110 110 4 Worker 652527784
111 111 4 Worker 669652938
112 112 4 Worker 836681168
113 113 4 Worker 786038041
114 114 4 Worker 575353378
115 115 4 Worker 780907581
116 116 4 Worker 62571164
117 117 4 Worker 995396717
118 118 4 Worker 662369518
119 119 4 Worker 861860642
120 120 4 Worker 358139660
121 121 4 Worker 498883118
122 122 4 Worker 518181325
123 123 4 Worker 669504727
124 124 4 Worker 347276324
125 125 4 Worker 416761403
126 126 4 Worker 784153282
127 127 4 Worker 176414509
128 128 4 Worker 151990029
129 129 4 Worker 203870986
130 130 4 Worker 183413667
131 131 4 Worker 457819053
132 132 4 Worker 556817222
133 133 4 Worker 820101707
134 134 4 Worker 546626634
135 135 4 Worker 180441804
136 136 4 Worker 872087676
137 137 4 Worker 351223544
138 138 4 Worker 847531852
139 139 4 Worker 740486369
140 140 4 Worker 210678865
141 141 4 Worker 178079539
142 142 4 Worker 432459706
143 143 4 Worker 139302648
144 144 4 Worker 161291080
145 145 4 Worker 614595239
146 146 4 Worker 316577377
147 147 4 Worker 726488929
148 148 4 Worker 522658035
149 149 4 Worker 83657867
150 150 4 Worker 942417978
151 151 4 Worker 221306034
152 152 4 Worker 870212398
153 153 4 Worker 685441097
154 154 4 Worker 908108854
155 155 4 Worker 487536323
156 156 4 Worker 943790398
157 157 4 Worker 629359246
158 158 4 Worker 642685764
159 159 4 Worker 245687801
160 160 4 Worker 16912983
161 161 4 Worker 65169093
162 162 4 Worker 692981284
163 163 4 Worker 48132380
164 164 4 Worker 583205270
165 165 4 Worker 820644990
166 166 4 Worker 700545074
167 167 4 Worker 667699355
168 168 4 Worker 209944432
169 169 4 Worker 9017909
170 170 4 Worker 572383626
171 171 4 Worker 542386891
172 172 4 Worker 685083468
173 173 4 Worker 828389479
174 174 4 Worker 802027089
175 175 4 Worker 928548213
176 176 4 Worker 345066454
177 177 4 Worker 954972304
178 178 4 Worker 687383166
179 179 4 Worker 833256573
180 180 4 Worker 165209163
181 181 4 Worker 575509023
182 182 4 Worker 514383840
183 183 4 Worker 407563357
184 184 4 Worker 374245969
185 185 4 Worker 703358419
186 186 4 Worker 474913396
187 187 4 Worker 304329742
188 188 4 Worker 507656934
189 189 4 Worker 835247718
190 190 4 Worker 38681010
191 191 4 Worker 974768488
192 192 4 Worker 545468891
193 193 4 Worker 591332944
194 194 4 Worker 592957495
195 195 4 Worker 481087633
196 196 4 Worker 611269790
197 197 4 Worker 406940445
198 198 4 Worker 899101372
199 199 4 Worker 41401221
200 200 4 Worker 158751586
201 201 4 Worker 792000751
202 202 4 Worker 624324912
203 203 4 Worker 725470076
204 204 4 Worker 932223644
205 205 4 Worker 252164836
206 206 4 Worker 877658277
207 207 4 Worker 708711697
208 208 4 Worker 749375484
209 209 4 Worker 741537464
210 210 4 Worker 686525960
211 211 4 Worker 480220315
212 212 4 Worker 707627734
213 213 4 Worker 148053268
214 214 4 Worker 531656771
215 215 4 Worker 71354891
216 216 4 Worker 24290183
217 217 4 Worker 236484250
218 218 4 Worker 84506057
219 219 4 Worker 766720787
220 220 4 Worker 673204992
221 221 4 Worker 557040881
222 222 4 Worker 602819811
223 223 4 Worker 918179262
224 224 4 Worker 637102994
225 225 4 Worker 165361652
226 226 4 Worker 701433933
227 227 4 Worker 960310966
228 228 4 Worker 449787368
229 229 4 Worker 561459982
230 230 4 Worker 285879860
231 231 4 Worker 225345452
232 232 4 Worker 116827183
233 233 4 Worker 365868622
234 234 4 Worker 669412644
235 235 4 Worker 727200942
236 236 4 Worker 691778102
237 237 4 Worker 564401657
238 238 4 Worker 973898856
239 239 4 Worker 599883321
240 240 4 Worker 547671136
241 241 4 Worker 43235965
242 242 4 Worker 874405383
243 243 4 Worker 924597357
244 244 4 Worker 778197470
245 245 4 Worker 216896939
246 246 4 Worker 851947468
247 247 4 Worker 501073016
248 248 4 Worker 996574234
249 249 4 Worker 465086910
250 250 4 Worker 426236552
251 251 4 Worker 217841614
252 252 4 Worker 902227917
253 253 4 Worker 885448555
254 254 4 Worker 15644042
255 255 4 Worker 44145362
