0 0 -1 Splicer 502054969
1 1 0 Worker 372152574
2 2 -1 PersistentDB 965091576
3 3 -1 InMemoryDB 245414593
4 4 -1 WorkManager 513186407
5 5 4 Worker 233273359
6 6 4 Worker 945642272
7 7 4 Worker 624945982
8 8 4 Worker 815789096
9 9 4 Worker 308228886
10 10 4 Worker 860894881
11 11 4 Worker 861493320
12 12 4 Worker 905063435
13 13 4 Worker 702894490
14 14 4 Worker 564852352
15 15 4 Worker 550124501
16 16 4 Worker 338578485
17 17 4 Worker 834783314
18 18 4 Worker 843654824
19 19 4 Worker 111583082
20 20 4 Worker 920292506
21 21 4 Worker 933885895
22 22 4 Worker 614123508
23 23 4 Worker 716608233
24 24 4 Worker 925756805
25 25 4 Worker 322536971
26 26 4 Worker 986323559
27 27 4 Worker 521445409
28 28 4 Worker 881556899
29 29 4 Worker 478795279
30 30 4 Worker 916512503
31 31 4 Worker 887435816
32 32 4 Worker 620721673
33 33 4 Worker 488557264
34 34 4 Worker 951630301
35 35 4 Worker 965768722
36 36 4 Worker 829600360
37 37 4 Worker 654547790
38 38 4 Worker 242611917
39 39 4 Worker 117525884
40 40 4 Worker 268395962
41 41 4 Worker 339509356
42 42 4 Worker 693075528
43 43 4 Worker 210541301
44 44 4 Worker 770207798
45 45 4 Worker 841594926
46 46 4 Worker 113842339
47 47 4 Worker 892399152
48 48 4 Worker 95866347
49 49 4 Worker 309390026
50 50 4 Worker 349244487
51 51 4 Worker 571424343
52 52 4 Worker 911965935
53 53 4 Worker 865804246
54 54 4 Worker 499049473
55 55 4 Worker 991540589
56 56 4 Worker 519173784
57 57 4 Worker 290195988
58 58 4 Worker 604190965
59 59 4 Worker 607096430
60 60 4 Worker 74177995
61 61 4 Worker 396469358
62 62 4 Worker 50860333
63 63 4 Worker 766911102
64 64 4 Worker 351402534
65 65 4 Worker 180539343
66 66 4 Worker 963372257
67 67 4 Worker 69509174
68 68 4 Worker 410859016
69 69 4 Worker 726459579
70 70 4 Worker 139080760
71 71 4 Worker 396246613
72 72 4 Worker 122912270
73 73 4 Worker 26550029
74 74 4 Worker 750380674
75 75 4 Worker 925071137
76 76 4 Worker 546459168
77 77 4 Worker 159456232
78 78 4 Worker 469249141
79 79 4 Worker 921378316
80 80 4 Worker 624033733
81 81 4 Worker 984137426
82 82 4 Worker 393795896
83 83 4 Worker 129337482
84 84 4 Worker 781821670
85 85 4 Worker 833583574
86 86 4 Worker 239972261
87 87 4 Worker 537337860
88 88 4 Worker 348135832
89 89 4 Worker 964726507
90 90 4 Worker 993526802
91 91 4 Worker 500765822
92 92 4 Worker 891322645
93 93 4 Worker 978071251
94 94 4 Worker 448919477
95 95 4 Worker 321239548
96 96 4 Worker 641811145
97 97 4 Worker 148385626
98 98 4 Worker 166254413
99 99 4 Worker 124595796
100 100 4 Worker 777775448
101 101 4 Worker 946614493
102 102 4 Worker 9586391
103 103 4 Worker 168220481
104 104 4 Worker 464739930
105 105 4 Worker 718707659
106 106 4 Worker 67746702
107 107 4 Worker 463523768
108 108 4 Worker 908816412
109 109 4 Worker 346841962
110 110 4 Worker 346628181
111 111 4 Worker 842547662
112 112 4 Worker 651489837
113 113 4 Worker 323400262
114 114 4 Worker 223614694
115 115 4 Worker 709151191
116 116 4 Worker 595945879
117 117 4 Worker 795259472
118 118 4 Worker 193593562
119 119 4 Worker 299881836
120 120 4 Worker 420817263
121 121 4 Worker 855097263
122 122 4 Worker 880414529
123 123 4 Worker 302837665
124 124 4 Worker 686969453
125 125 4 Worker 591397454
126 126 4 Worker 337757783
127 127 4 Worker 897377874
128 128 4 Worker 324221957
129 129 4 Worker 252694757
130 130 4 Worker 707288444
131 131 4 Worker 802036961
132 132 4 Worker 125622518
133 133 4 Worker 347549043
134 134 4 Worker 648297540
135 135 4 Worker 12075761
136 136 4 Worker 4795454
137 137 4 Worker 174311476
138 138 4 Worker 761750341
139 139 4 Worker 706663929
140 140 4 Worker 324668621
141 141 4 Worker 581510456
142 142 4 Worker 531817955
143 143 4 Worker 631029950
144 144 4 Worker 579848591
145 145 4 Worker 849158534
146 146 4 Worker 547669748
147 147 4 Worker 611284263
148 148 4 Worker 656632360
149 149 4 Worker 480465005
150 150 4 Worker 574345487
151 151 4 Worker 765729225
152 152 4 Worker 15948586
153 153 4 Worker 483177158
154 154 4 Worker 516257457
155 155 4 Worker 857868010
156 156 4 Worker 510740522
157 157 4 Worker 352585854
158 158 4 Worker 213333490
159 159 4 Worker 18409192
160 160 4 Worker 151725521
161 161 4 Worker 919897220
162 162 4 Worker 142756619
163 163 4 Worker 670087895
164 164 4 Worker 653871395
165 165 4 Worker 964787723
166 166 4 Worker 601549534
167 167 4 Worker 314508103
168 168 4 Worker 785968478
169 169 4 Worker 388237848
170 170 4 Worker 200553965
171 171 4 Worker 459285827
172 172 4 Worker 25555357
173 173 4 Worker 141515409
174 174 4 Worker 197074081
175 175 4 Worker 906129272
176 176 4 Worker 43061247
177 177 4 Worker 434131578
178 178 4 Worker 839638636
179 179 4 Worker 488953102
180 180 4 Worker 308912511
181 181 4 Worker 4961019
182 182 4 Worker 403731633
183 183 4 Worker 120716782
184 184 4 Worker 99168583
185 185 4 Worker 364800780
186 186 4 Worker 107364685
187 187 4 Worker 885964214
188 188 4 Worker 566389725
189 189 4 Worker 305434860
190 190 4 Worker 969878731
191 191 4 Worker 216490462
192 192 4 Worker 445688522
193 193 4 Worker 791357583
194 194 4 Worker 219423896
195 195 4 Worker 168385713
196 196 4 Worker 865739542
197 197 4 Worker 324071911
198 198 4 Worker 651978321
199 199 4 Worker 956198457
200 200 4 Worker 774995851
201 201 4 Worker 384799107
202 202 4 Worker 823061644
203 203 4 Worker 551594717
204 204 4 Worker 655242557
205 205 4 Worker 952216
206 206 4 Worker 953967802
207 207 4 Worker 241096743
208 208 4 Worker 107825252
209 209 4 Worker 890994220
210 210 4 Worker 213223575
211 211 4 Worker 414443749
212 212 4 Worker 755064932
213 213 4 Worker 780796236
214 214 4 Worker 359781533
215 215 4 Worker 616132399
216 216 4 Worker 646246062
217 217 4 Worker 688203869
218 218 4 Worker 246620597
219 219 4 Worker 665032076
220 220 4 Worker 468253473
221 221 4 Worker 744901373
222 222 4 Worker 871528000
223 223 4 Worker 952734551
224 224 4 Worker 326455931
225 225 4 Worker 828926779
226 226 4 Worker 125960193
227 227 4 Worker 418593165
228 228 4 Worker 89539380
229 229 4 Worker 696258018
230 230 4 Worker 275595115
231 231 4 Worker 603724632
232 232 4 Worker 338714559
233 233 4 Worker 159738942
234 234 4 Worker 550171148
235 235 4 Worker 889369385
236 236 4 Worker 31705424
237 237 4 Worker 701131045
238 238 4 Worker 558001697
239 239 4 Worker 401281740
240 240 4 Worker 408732935
241 241 4 Worker 33129351
242 242 4 Worker 438153524
243 243 4 Worker 54078892
244 244 4 Worker 291130599
245 245 4 Worker 195439015
246 246 4 Worker 745257232
247 247 4 Worker 195238535
248 248 4 Worker 165751096
249 249 4 Worker 620603173
250 250 4 Worker 540278939
251 251 4 Worker 277444451
252 252 4 Worker 367080358
253 253 4 Worker 788948104
254 254 4 Worker 453974940
255 255 4 Worker 204442041
