0 0 -1 Splicer 123189985
1 1 0 Worker 673716876
2 2 -1 PersistentDB 697876941
3 3 -1 InMemoryDB 377360109
4 4 -1 WorkManager 662501034
5 5 4 Worker 585443949
6 6 4 Worker 853873938
7 7 4 Worker 828491545
8 8 4 Worker 248042745
9 9 4 Worker 485675732
10 10 4 Worker 875559976
11 11 4 Worker 900049404
12 12 4 Worker 175410038
13 13 4 Worker 368242547
14 14 4 Worker 186788907
15 15 4 Worker 162037434
16 16 4 Worker 356641448
17 17 4 Worker 289529447
18 18 4 Worker 842183715
19 19 4 Worker 713956647
20 20 4 Worker 541062902
21 21 4 Worker 144368366
22 22 4 Worker 767127963
23 23 4 Worker 132489193
24 24 4 Worker 620624508
25 25 4 Worker 518491072
26 26 4 Worker 106112678
27 27 4 Worker 911189063
28 28 4 Worker 101221765
29 29 4 Worker 340166324
30 30 4 Worker 974078638
31 31 4 Worker 973240327
32 32 4 Worker 423411561
33 33 4 Worker 695457051
34 34 4 Worker 237241249
35 35 4 Worker 907804024
36 36 4 Worker 833887852
37 37 4 Worker 922083418
38 38 4 Worker 518344746
39 39 4 Worker 876242658
40 40 4 Worker 826356435
41 41 4 Worker 417504673
42 42 4 Worker 253884271
43 43 4 Worker 131964521
44 44 4 Worker 536231084
45 45 4 Worker 971182520
46 46 4 Worker 719739966
47 47 4 Worker 990500707
48 48 4 Worker 537736362
49 49 4 Worker 743803439
50 50 4 Worker 793131860
51 51 4 Worker 146037108
52 52 4 Worker 491012107
53 53 4 Worker 316174861
54 54 4 Worker 673594283
55 55 4 Worker 885638678
56 56 4 Worker 243704195
57 57 4 Worker 481932533
58 58 4 Worker 707650117
59 59 4 Worker 978894409
60 60 4 Worker 71805997
61 61 4 Worker 646075115
62 62 4 Worker 527385063
63 63 4 Worker 888593005
64 64 4 Worker 443103243
65 65 4 Worker 803117611
66 66 4 Worker 399474787
67 67 4 Worker 370609777
68 68 4 Worker 222815112
69 69 4 Worker 147210749
70 70 4 Worker 871131230
71 71 4 Worker 210669226
72 72 4 Worker 525119319
73 73 4 Worker 353334147
74 74 4 Worker 567428808
75 75 4 Worker 773408627
76 76 4 Worker 31444507
77 77 4 Worker 358376546
78 78 4 Worker 857385834
79 79 4 Worker 52024496
80 80 4 Worker 929416236
81 81 4 Worker 11132557
82 82 4 Worker 333006953
83 83 4 Worker 470236899
84 84 4 Worker 442808869
85 85 4 Worker 299801302
86 86 4 Worker 647612828
87 87 4 Worker 803609801
88 88 4 Worker 152058270
89 89 4 Worker 448189279
90 90 4 Worker 707232971
91 91 4 Worker 936130074
92 92 4 Worker 116512289
93 93 4 Worker 865808072
94 94 4 Worker 153016932
95 95 4 Worker 177444364
96 96 4 Worker 367630940
97 97 4 Worker 293264641
98 98 4 Worker 211364117
99 99 4 Worker 527411589
100 100 4 Worker 879369113
101 101 4 Worker 996506906
102 102 4 Worker 963055164
103 103 4 Worker 123384402
104 104 4 Worker 399202934
105 105 4 Worker 223798899
106 106 4 Worker 323745798
107 107 4 Worker 992143445
108 108 4 Worker 828624883
109 109 4 Worker 391349159
110 110 4 Worker 969757237
111 111 4 Worker 75834585
112 112 4 Worker 238115790
113 113 4 Worker 483811112
114 114 4 Worker 730457409
115 115 4 Worker 87724536
116 116 4 Worker 30712090
117 117 4 Worker 405291294
118 118 4 Worker 906557331
119 119 4 Worker 83835989
120 120 4 Worker 763785658
121 121 4 Worker 773021569
122 122 4 Worker 848897071
123 123 4 Worker 537712029
124 124 4 Worker 892955107
125 125 4 Worker 803524514
126 126 4 Worker 721593612
127 127 4 Worker 307049533
