0 0 -1 Splicer 770703421
1 1 0 Worker 743064203
2 2 -1 PersistentDB 963057229
3 3 -1 InMemoryDB 702660650
4 4 -1 WorkManager 971690659
5 5 4 Worker 757469510
6 6 4 Worker 751841847
7 7 4 Worker 96529847
8 8 4 Worker 711391223
9 9 4 Worker 955895262
10 10 4 Worker 548607550
11 11 4 Worker 14009855
12 12 4 Worker 856346488
13 13 4 Worker 227355314
14 14 4 Worker 910820551
15 15 4 Worker 954683615
16 16 4 Worker 593733815
17 17 4 Worker 572534585
18 18 4 Worker 538403454
19 19 4 Worker 806448924
20 20 4 Worker 502423800
21 21 4 Worker 677322270
22 22 4 Worker 694127993
23 23 4 Worker 792095455
24 24 4 Worker 181187987
25 25 4 Worker 508460099
26 26 4 Worker 378421173
27 27 4 Worker 770312639
28 28 4 Worker 97754043
29 29 4 Worker 486283993
30 30 4 Worker 492060250
31 31 4 Worker 469925510
