0 0 -1 Splicer 377105614
1 1 0 Worker 860323651
2 2 -1 PersistentDB 328767868
3 3 -1 InMemoryDB 294499389
4 4 -1 WorkManager 267798728
5 5 4 Worker 732354109
6 6 4 Worker 983129686
7 7 4 Worker 554606049
8 8 4 Worker 208616140
9 9 4 Worker 473019313
10 10 4 Worker 426432796
11 11 4 Worker 540546179
12 12 4 Worker 36099811
13 13 4 Worker 353307503
14 14 4 Worker 601419795
15 15 4 Worker 264047312
16 16 4 Worker 872951933
17 17 4 Worker 539841275
18 18 4 Worker 770704982
19 19 4 Worker 923841476
20 20 4 Worker 556281907
21 21 4 Worker 584119654
22 22 4 Worker 785754480
23 23 4 Worker 55838855
24 24 4 Worker 858270319
25 25 4 Worker 75032494
26 26 4 Worker 711975637
27 27 4 Worker 811624303
28 28 4 Worker 120872381
29 29 4 Worker 284760790
30 30 4 Worker 524902687
31 31 4 Worker 91058639
