0 0 -1 Splicer 314404571
1 1 0 Worker 146648697
2 2 -1 PersistentDB 326270900
3 3 -1 InMemoryDB 994881922
4 4 -1 WorkManager 271549743
5 5 4 Worker 696352622
6 6 4 Worker 349761713
7 7 4 Worker 881570156
8 8 4 Worker 461089775
9 9 4 Worker 74959409
10 10 4 Worker 626808829
11 11 4 Worker 790390015
12 12 4 Worker 294414053
13 13 4 Worker 355062442
14 14 4 Worker 332604950
15 15 4 Worker 420750093
16 16 4 Worker 125195445
17 17 4 Worker 32650527
18 18 4 Worker 21917618
19 19 4 Worker 971864098
20 20 4 Worker 251001941
21 21 4 Worker 863224024
22 22 4 Worker 6044051
23 23 4 Worker 850803049
24 24 4 Worker 400707923
25 25 4 Worker 528192151
26 26 4 Worker 421426487
27 27 4 Worker 536395746
28 28 4 Worker 579214636
29 29 4 Worker 984201314
30 30 4 Worker 872069301
31 31 4 Worker 177430774
32 32 4 Worker 189821815
33 33 4 Worker 222564481
34 34 4 Worker 276734094
35 35 4 Worker 967527140
36 36 4 Worker 608016959
37 37 4 Worker 620048289
38 38 4 Worker 462254209
39 39 4 Worker 357064604
40 40 4 Worker 933963146
41 41 4 Worker 552516197
42 42 4 Worker 253300691
43 43 4 Worker 963017842
44 44 4 Worker 806348982
45 45 4 Worker 685784139
46 46 4 Worker 665360015
47 47 4 Worker 625164960
48 48 4 Worker 905646947
49 49 4 Worker 875389854
50 50 4 Worker 120922008
51 51 4 Worker 738325814
52 52 4 Worker 249684545
53 53 4 Worker 937394393
54 54 4 Worker 134867245
55 55 4 Worker 275824843
56 56 4 Worker 431719924
57 57 4 Worker 97282952
58 58 4 Worker 106460883
59 59 4 Worker 493452161
60 60 4 Worker 331546320
61 61 4 Worker 377729966
62 62 4 Worker 770128741
63 63 4 Worker 78775841
64 64 4 Worker 479204008
65 65 4 Worker 855031609
66 66 4 Worker 614938923
67 67 4 Worker 113523536
68 68 4 Worker 784134588
69 69 4 Worker 53190651
70 70 4 Worker 29675486
71 71 4 Worker 405634198
72 72 4 Worker 840532374
73 73 4 Worker 623154639
74 74 4 Worker 294494123
75 75 4 Worker 700073137
76 76 4 Worker 16139692
77 77 4 Worker 821263267
78 78 4 Worker 636725061
79 79 4 Worker 748229855
80 80 4 Worker 763750637
81 81 4 Worker 223581615
82 82 4 Worker 691604833
83 83 4 Worker 322661301
84 84 4 Worker 920756558
85 85 4 Worker 660984202
86 86 4 Worker 461778568
87 87 4 Worker 750479027
88 88 4 Worker 771073347
89 89 4 Worker 339698934
90 90 4 Worker 619848443
91 91 4 Worker 324185744
92 92 4 Worker 356097749
93 93 4 Worker 141351763
94 94 4 Worker 577354482
95 95 4 Worker 512471597
96 96 4 Worker 134169569
97 97 4 Worker 499537204
98 98 4 Worker 815503833
99 99 4 Worker 99352513
100 100 4 Worker 283211849
101 101 4 Worker 108889911
102 102 4 Worker 423087650
103 103 4 Worker 812095069
104 104 4 Worker 735138643
105 105 4 Worker 175608112
106 106 4 Worker 753123548
107 107 4 Worker 36345361
108 108 4 Worker 453912386
109 109 4 Worker 260733612
110 110 4 Worker 266890043
111 111 4 Worker 648743721
112 112 4 Worker 189708873
113 113 4 Worker 518655619
114 114 4 Worker 440394252
115 115 4 Worker 587361549
116 116 4 Worker 728789145
117 117 4 Worker 972702981
118 118 4 Worker 456483645
119 119 4 Worker 931848883
120 120 4 Worker 224696933
121 121 4 Worker 607632903
122 122 4 Worker 214265543
123 123 4 Worker 283275369
124 124 4 Worker 101650872
125 125 4 Worker 636164874
126 126 4 Worker 787132040
127 127 4 Worker 588137464
128 128 4 Worker 216399175
129 129 4 Worker 739610582
130 130 4 Worker 988821474
131 131 4 Worker 631029958
132 132 4 Worker 472721562
133 133 4 Worker 126472259
134 134 4 Worker 806014623
135 135 4 Worker 180369421
136 136 4 Worker 79069773
137 137 4 Worker 104221304
138 138 4 Worker 19584807
139 139 4 Worker 152040202
140 140 4 Worker 204590568
141 141 4 Worker 629677462
142 142 4 Worker 853354640
143 143 4 Worker 379782131
144 144 4 Worker 394411926
145 145 4 Worker 537370287
146 146 4 Worker 557415664
147 147 4 Worker 23511435
148 148 4 Worker 65961621
149 149 4 Worker 730496990
150 150 4 Worker 92940791
151 151 4 Worker 133741259
152 152 4 Worker 595078329
153 153 4 Worker 854541176
154 154 4 Worker 163240158
155 155 4 Worker 229621214
156 156 4 Worker 440860640
157 157 4 Worker 30892546
158 158 4 Worker 710570912
159 159 4 Worker 381821498
160 160 4 Worker 306337577
161 161 4 Worker 823692769
162 162 4 Worker 713485959
163 163 4 Worker 878745161
164 164 4 Worker 49093802
165 165 4 Worker 525073879
166 166 4 Worker 181053020
167 167 4 Worker 641693864
168 168 4 Worker 959877812
169 169 4 Worker 590665881
170 170 4 Worker 799154966
171 171 4 Worker 131469834
172 172 4 Worker 197222334
173 173 4 Worker 786073034
174 174 4 Worker 920674978
175 175 4 Worker 638361079
176 176 4 Worker 838051298
177 177 4 Worker 5710244
178 178 4 Worker 65803860
179 179 4 Worker 393820636
180 180 4 Worker 417563564
181 181 4 Worker 554309202
182 182 4 Worker 510158217
183 183 4 Worker 152909770
184 184 4 Worker 930128152
185 185 4 Worker 896252659
186 186 4 Worker 686787128
187 187 4 Worker 167087769
188 188 4 Worker 397864999
189 189 4 Worker 859506343
190 190 4 Worker 216537224
191 191 4 Worker 287523800
192 192 4 Worker 931914324
193 193 4 Worker 891514209
194 194 4 Worker 501253556
195 195 4 Worker 487641153
196 196 4 Worker 27946273
197 197 4 Worker 804688264
198 198 4 Worker 606722099
199 199 4 Worker 733668939
200 200 4 Worker 415053671
201 201 4 Worker 157752043
202 202 4 Worker 237746630
203 203 4 Worker 391542650
204 204 4 Worker 119435595
205 205 4 Worker 332488735
206 206 4 Worker 262265077
207 207 4 Worker 393189342
208 208 4 Worker 277140312
209 209 4 Worker 653727909
210 210 4 Worker 817625044
211 211 4 Worker 534748501
212 212 4 Worker 332850419
213 213 4 Worker 871043937
214 214 4 Worker 429908705
215 215 4 Worker 105332994
216 216 4 Worker 799354802
217 217 4 Worker 240487889
218 218 4 Worker 81244979
219 219 4 Worker 308139042
220 220 4 Worker 480041862
221 221 4 Worker 285224033
222 222 4 Worker 58613599
223 223 4 Worker 243033566
224 224 4 Worker 90145043
225 225 4 Worker 396914616
226 226 4 Worker 12783012
227 227 4 Worker 917894899
228 228 4 Worker 89090510
229 229 4 Worker 300133842
230 230 4 Worker 106135444
231 231 4 Worker 262907777
232 232 4 Worker 494935223
233 233 4 Worker 291415700
234 234 4 Worker 728847120
235 235 4 Worker 300087443
236 236 4 Worker 355646647
237 237 4 Worker 444367810
238 238 4 Worker 215749123
239 239 4 Worker 464876914
240 240 4 Worker 817145823
241 241 4 Worker 661432388
242 242 4 Worker 796135110
243 243 4 Worker 321439594
244 244 4 Worker 516977721
245 245 4 Worker 227240765
246 246 4 Worker 680074988
247 247 4 Worker 44012145
248 248 4 Worker 258235013
249 249 4 Worker 529688156
250 250 4 Worker 418488792
251 251 4 Worker 595898173
252 252 4 Worker 207802075
253 253 4 Worker 920448638
254 254 4 Worker 566812388
255 255 4 Worker 607655206
