0 0 -1 Splicer 515763808
1 1 0 Worker 826584918
2 2 -1 PersistentDB 314048720
3 3 -1 InMemoryDB 789632962
4 4 -1 WorkManager 748644483
5 5 4 Worker 128901331
6 6 4 Worker 417653136
7 7 4 Worker 94814593
8 8 4 Worker 249771014
9 9 4 Worker 456326444
10 10 4 Worker 821677195
11 11 4 Worker 917034885
12 12 4 Worker 290049445
13 13 4 Worker 644334885
14 14 4 Worker 927328045
15 15 4 Worker 73741193
16 16 4 Worker 386868473
17 17 4 Worker 426156267
18 18 4 Worker 254511549
19 19 4 Worker 16184600
20 20 4 Worker 598381487
21 21 4 Worker 846957420
22 22 4 Worker 909010561
23 23 4 Worker 653120396
24 24 4 Worker 856229711
25 25 4 Worker 715876156
26 26 4 Worker 286723837
27 27 4 Worker 457928513
28 28 4 Worker 985053324
29 29 4 Worker 747590618
30 30 4 Worker 387710985
31 31 4 Worker 786042008
