0 0 -1 Splicer 488100277
1 1 0 Worker 491477753
2 2 -1 PersistentDB 105839499
3 3 -1 InMemoryDB 16550880
4 4 -1 WorkManager 942903520
5 5 4 Worker 119341652
6 6 4 Worker 411221540
7 7 4 Worker 154121835
8 8 4 Worker 791433658
9 9 4 Worker 586949768
10 10 4 Worker 795710722
11 11 4 Worker 693375134
12 12 4 Worker 840846939
13 13 4 Worker 193528153
14 14 4 Worker 223064757
15 15 4 Worker 27597719
16 16 4 Worker 138440762
17 17 4 Worker 877294090
18 18 4 Worker 229705240
19 19 4 Worker 692528791
20 20 4 Worker 277597742
21 21 4 Worker 61409323
22 22 4 Worker 810827908
23 23 4 Worker 487035202
24 24 4 Worker 824329095
25 25 4 Worker 328127983
26 26 4 Worker 178323557
27 27 4 Worker 944789566
28 28 4 Worker 977346916
29 29 4 Worker 2915035
30 30 4 Worker 909750851
31 31 4 Worker 221188980
32 32 4 Worker 272630752
33 33 4 Worker 599832880
34 34 4 Worker 652927249
35 35 4 Worker 633218380
36 36 4 Worker 536617497
37 37 4 Worker 986502759
38 38 4 Worker 757513973
39 39 4 Worker 414183583
40 40 4 Worker 897254289
41 41 4 Worker 901690330
42 42 4 Worker 658187845
43 43 4 Worker 825187896
44 44 4 Worker 925810908
45 45 4 Worker 94000730
46 46 4 Worker 773406124
47 47 4 Worker 707564129
48 48 4 Worker 939123080
49 49 4 Worker 356336691
50 50 4 Worker 402972013
51 51 4 Worker 790138424
52 52 4 Worker 26282176
53 53 4 Worker 484477423
54 54 4 Worker 756938312
55 55 4 Worker 961900108
56 56 4 Worker 590749878
57 57 4 Worker 747304030
58 58 4 Worker 978885696
59 59 4 Worker 74792082
60 60 4 Worker 12533744
61 61 4 Worker 526421116
62 62 4 Worker 262818685
63 63 4 Worker 300257688
