0 0 -1 Splicer 349388884
1 1 0 Worker 354930224
2 2 -1 PersistentDB 34710047
3 3 -1 InMemoryDB 721179708
4 4 -1 WorkManager 236770473
5 5 4 Worker 184711097
6 6 4 Worker 328627472
7 7 4 Worker 636197354
8 8 4 Worker 501017617
9 9 4 Worker 457067997
10 10 4 Worker 882864748
11 11 4 Worker 316768957
12 12 4 Worker 999179084
13 13 4 Worker 100666279
14 14 4 Worker 73175618
15 15 4 Worker 584895567
16 16 4 Worker 72180495
17 17 4 Worker 582758960
18 18 4 Worker 592024934
19 19 4 Worker 617668713
20 20 4 Worker 458147638
21 21 4 Worker 113753599
22 22 4 Worker 530662636
23 23 4 Worker 78804214
24 24 4 Worker 920262219
25 25 4 Worker 418654992
26 26 4 Worker 669842718
27 27 4 Worker 128120902
28 28 4 Worker 457461769
29 29 4 Worker 580037792
30 30 4 Worker 998169009
31 31 4 Worker 289645341
32 32 4 Worker 569182030
33 33 4 Worker 907234676
34 34 4 Worker 452507583
35 35 4 Worker 698954629
36 36 4 Worker 372777890
37 37 4 Worker 167930758
38 38 4 Worker 508396434
39 39 4 Worker 340286129
40 40 4 Worker 378678753
41 41 4 Worker 125915392
42 42 4 Worker 93316116
43 43 4 Worker 856130491
44 44 4 Worker 600500897
45 45 4 Worker 763201883
46 46 4 Worker 248240532
47 47 4 Worker 168813051
48 48 4 Worker 322498782
49 49 4 Worker 186814249
50 50 4 Worker 568948042
51 51 4 Worker 145684047
52 52 4 Worker 681024339
53 53 4 Worker 246699889
54 54 4 Worker 543069190
55 55 4 Worker 550358986
56 56 4 Worker 641767066
57 57 4 Worker 317098656
58 58 4 Worker 174341583
59 59 4 Worker 540597263
60 60 4 Worker 823250634
61 61 4 Worker 87444347
62 62 4 Worker 101794573
63 63 4 Worker 181400501
