0 0 -1 Splicer 907091214
1 1 0 Worker 957753344
2 2 -1 PersistentDB 699620917
3 3 -1 InMemoryDB 846138964
4 4 -1 WorkManager 368372527
5 5 4 Worker 704469712
6 6 4 Worker 464976695
7 7 4 Worker 746810929
8 8 4 Worker 717420713
9 9 4 Worker 428497436
10 10 4 Worker 323359139
11 11 4 Worker 863514908
12 12 4 Worker 370296895
13 13 4 Worker 899136352
14 14 4 Worker 440163473
15 15 4 Worker 695863475
16 16 4 Worker 223830416
17 17 4 Worker 650536817
18 18 4 Worker 799739903
19 19 4 Worker 838148152
20 20 4 Worker 995253422
21 21 4 Worker 458829912
22 22 4 Worker 293023424
23 23 4 Worker 202730577
24 24 4 Worker 588718138
25 25 4 Worker 699714242
26 26 4 Worker 216998224
27 27 4 Worker 757802116
28 28 4 Worker 772930607
29 29 4 Worker 166115468
30 30 4 Worker 584623598
31 31 4 Worker 468194775
