0 0 -1 Splicer 523001302
1 1 0 Worker 978949446
2 2 -1 PersistentDB 374773618
3 3 -1 InMemoryDB 53479914
4 4 -1 WorkManager 668598197
5 5 4 Worker 428068389
6 6 4 Worker 30946421
7 7 4 Worker 851936033
8 8 4 Worker 132862540
9 9 4 Worker 439716930
10 10 4 Worker 434608223
11 11 4 Worker 260081830
12 12 4 Worker 488704264
13 13 4 Worker 504122729
14 14 4 Worker 763013352
15 15 4 Worker 179030963
16 16 4 Worker 740213742
17 17 4 Worker 450005912
18 18 4 Worker 16463238
19 19 4 Worker 141833460
20 20 4 Worker 10033112
21 21 4 Worker 774200525
22 22 4 Worker 884086206
23 23 4 Worker 412579465
24 24 4 Worker 178181444
25 25 4 Worker 45405511
26 26 4 Worker 821321068
27 27 4 Worker 44870810
28 28 4 Worker 935985748
29 29 4 Worker 787453269
30 30 4 Worker 657810692
31 31 4 Worker 533193454
32 32 4 Worker 60668123
33 33 4 Worker 893371627
34 34 4 Worker 947181939
35 35 4 Worker 890843745
36 36 4 Worker 520534555
37 37 4 Worker 70626453
38 38 4 Worker 450210709
39 39 4 Worker 715854662
40 40 4 Worker 888485358
41 41 4 Worker 146926475
42 42 4 Worker 347502773
43 43 4 Worker 933596392
44 44 4 Worker 691822019
45 45 4 Worker 603987343
46 46 4 Worker 850955322
47 47 4 Worker 502453305
48 48 4 Worker 588383645
49 49 4 Worker 881721558
50 50 4 Worker 712040594
51 51 4 Worker 936253197
52 52 4 Worker 761875155
53 53 4 Worker 672311428
54 54 4 Worker 967967734
55 55 4 Worker 128884590
56 56 4 Worker 356361458
57 57 4 Worker 547034529
58 58 4 Worker 859687135
59 59 4 Worker 38131383
60 60 4 Worker 910601424
61 61 4 Worker 814295579
62 62 4 Worker 735355342
63 63 4 Worker 460976199
64 64 4 Worker 623041666
65 65 4 Worker 871226698
66 66 4 Worker 892685979
67 67 4 Worker 151814002
68 68 4 Worker 491832467
69 69 4 Worker 604848304
70 70 4 Worker 347674971
71 71 4 Worker 61500929
72 72 4 Worker 549852033
73 73 4 Worker 39192242
74 74 4 Worker 319225681
75 75 4 Worker 418949322
76 76 4 Worker 571728004
77 77 4 Worker 497361736
78 78 4 Worker 777096018
79 79 4 Worker 616510536
80 80 4 Worker 314623744
81 81 4 Worker 3956822
82 82 4 Worker 482847991
83 83 4 Worker 392795048
84 84 4 Worker 439983617
85 85 4 Worker 28369276
86 86 4 Worker 234752575
87 87 4 Worker 810972417
88 88 4 Worker 486119906
89 89 4 Worker 390839483
90 90 4 Worker 563151762
91 91 4 Worker 907313795
92 92 4 Worker 523492647
93 93 4 Worker 251055365
94 94 4 Worker 134275020
95 95 4 Worker 564624905
96 96 4 Worker 916877158
97 97 4 Worker 875537779
98 98 4 Worker 220638735
99 99 4 Worker 27584830
100 100 4 Worker 487334537
101 101 4 Worker 92426737
102 102 4 Worker 257863486
103 103 4 Worker 871479756
104 104 4 Worker 91296363
105 105 4 Worker 215766802
106 106 4 Worker 805999428
107 107 4 Worker 673332695
108 108 4 Worker 945282897
109 109 4 Worker 476055730
110 110 4 Worker 567193934
111 111 4 Worker 996291582
112 112 4 Worker 316215371
113 113 4 Worker 753956646
114 114 4 Worker 494230687
115 115 4 Worker 666497285
116 116 4 Worker 429356403
117 117 4 Worker 805986356
118 118 4 Worker 825723467
119 119 4 Worker 733356179
120 120 4 Worker 625039635
121 121 4 Worker 886540005
122 122 4 Worker 361110972
123 123 4 Worker 75664350
124 124 4 Worker 347816540
125 125 4 Worker 918497612
126 126 4 Worker 387558768
127 127 4 Worker 549513537
128 128 4 Worker 319119620
129 129 4 Worker 659346296
130 130 4 Worker 933208652
131 131 4 Worker 971622930
132 132 4 Worker 571528726
133 133 4 Worker 327560319
134 134 4 Worker 161691717
135 135 4 Worker 23282204
136 136 4 Worker 561789877
137 137 4 Worker 455561385
138 138 4 Worker 623542272
139 139 4 Worker 497336521
140 140 4 Worker 435059384
141 141 4 Worker 497823123
142 142 4 Worker 247472974
143 143 4 Worker 825122965
144 144 4 Worker 104390247
145 145 4 Worker 400163631
146 146 4 Worker 490764161
147 147 4 Worker 747605607
148 148 4 Worker 177249152
149 149 4 Worker 568304790
150 150 4 Worker 648599950
151 151 4 Worker 733489824
152 152 4 Worker 233183868
153 153 4 Worker 840216193
154 154 4 Worker 318793571
155 155 4 Worker 10386961
156 156 4 Worker 255483860
157 157 4 Worker 874920284
158 158 4 Worker 18719654
159 159 4 Worker 215787818
160 160 4 Worker 351547519
161 161 4 Worker 146476308
162 162 4 Worker 837064933
163 163 4 Worker 54639802
164 164 4 Worker 726840440
165 165 4 Worker 255373068
166 166 4 Worker 36703535
167 167 4 Worker 510690861
168 168 4 Worker 56631562
169 169 4 Worker 537286537
170 170 4 Worker 800369402
171 171 4 Worker 67215323
172 172 4 Worker 874810447
173 173 4 Worker 986331603
174 174 4 Worker 142253863
175 175 4 Worker 592568440
176 176 4 Worker 812598014
177 177 4 Worker 231490961
178 178 4 Worker 233589529
179 179 4 Worker 452098580
180 180 4 Worker 391194852
181 181 4 Worker 312182556
182 182 4 Worker 449367600
183 183 4 Worker 912110565
184 184 4 Worker 379799322
185 185 4 Worker 963211404
186 186 4 Worker 275818899
187 187 4 Worker 4860565
188 188 4 Worker 161066175
189 189 4 Worker 311629502
190 190 4 Worker 413868783
191 191 4 Worker 522337741
192 192 4 Worker 315520594
193 193 4 Worker 735787333
194 194 4 Worker 89008598
195 195 4 Worker 655599278
196 196 4 Worker 289462402
197 197 4 Worker 216906204
198 198 4 Worker 518386025
199 199 4 Worker 240744469
200 200 4 Worker 12719824
201 201 4 Worker 742905366
202 202 4 Worker 443591506
203 203 4 Worker 69421545
204 204 4 Worker 863646637
205 205 4 Worker 334994925
206 206 4 Worker 780995242
207 207 4 Worker 69573324
208 208 4 Worker 141488499
209 209 4 Worker 980340774
210 210 4 Worker 954349635
211 211 4 Worker 741967658
212 212 4 Worker 464912229
213 213 4 Worker 485819555
214 214 4 Worker 420426611
215 215 4 Worker 100045297
216 216 4 Worker 875179596
217 217 4 Worker 393385480
218 218 4 Worker 653550033
219 219 4 Worker 613210952
220 220 4 Worker 530189996
221 221 4 Worker 960994571
222 222 4 Worker 172757418
223 223 4 Worker 782254899
224 224 4 Worker 923188240
225 225 4 Worker 126484255
226 226 4 Worker 587611755
227 227 4 Worker 761183411
228 228 4 Worker 291763093
229 229 4 Worker 202409633
230 230 4 Worker 75995381
231 231 4 Worker 201368772
232 232 4 Worker 691157221
233 233 4 Worker 221818564
234 234 4 Worker 287533127
235 235 4 Worker 802925487
236 236 4 Worker 63567292
237 237 4 Worker 196006654
238 238 4 Worker 962810861
239 239 4 Worker 409774346
240 240 4 Worker 467840943
241 241 4 Worker 787276712
242 242 4 Worker 221432824
243 243 4 Worker 174839869
244 244 4 Worker 181405337
245 245 4 Worker 503371690
246 246 4 Worker 421490162
247 247 4 Worker 666733924
248 248 4 Worker 630633226
249 249 4 Worker 936673519
250 250 4 Worker 884643530
251 251 4 Worker 144012532
252 252 4 Worker 422346042
253 253 4 Worker 926992145
254 254 4 Worker 536932419
255 255 4 Worker 604915663
256 256 4 Worker 523878879
257 257 4 Worker 716905675
258 258 4 Worker 331006182
259 259 4 Worker 174228144
260 260 4 Worker 490086689
261 261 4 Worker 559843401
262 262 4 Worker 731082871
263 263 4 Worker 593168726
264 264 4 Worker 927164857
265 265 4 Worker 155069105
266 266 4 Worker 311297540
267 267 4 Worker 55194374
268 268 4 Worker 928270812
269 269 4 Worker 300281281
270 270 4 Worker 410724545
271 271 4 Worker 582206866
272 272 4 Worker 563774549
273 273 4 Worker 79880300
274 274 4 Worker 855149949
275 275 4 Worker 229948986
276 276 4 Worker 992424338
277 277 4 Worker 270545823
278 278 4 Worker 749472973
279 279 4 Worker 809165656
280 280 4 Worker 161727525
281 281 4 Worker 179585814
282 282 4 Worker 422717583
283 283 4 Worker 504984140
284 284 4 Worker 944181443
285 285 4 Worker 238732660
286 286 4 Worker 477456387
287 287 4 Worker 34580720
288 288 4 Worker 637189710
289 289 4 Worker 14528002
290 290 4 Worker 235600227
291 291 4 Worker 334067909
292 292 4 Worker 680263386
293 293 4 Worker 942809728
294 294 4 Worker 317286875
295 295 4 Worker 481501826
296 296 4 Worker 802390630
297 297 4 Worker 589498983
298 298 4 Worker 880094337
299 299 4 Worker 24237415
300 300 4 Worker 290860125
301 301 4 Worker 847888668
302 302 4 Worker 694754648
303 303 4 Worker 914496830
304 304 4 Worker 698730697
305 305 4 Worker 205700133
306 306 4 Worker 737794008
307 307 4 Worker 488089175
308 308 4 Worker 813172231
309 309 4 Worker 608045519
310 310 4 Worker 809302455
311 311 4 Worker 217433513
312 312 4 Worker 115722171
313 313 4 Worker 688701149
314 314 4 Worker 766052436
315 315 4 Worker 671563324
316 316 4 Worker 755134053
317 317 4 Worker 951610108
318 318 4 Worker 366031853
319 319 4 Worker 543822159
320 320 4 Worker 606546350
321 321 4 Worker 804789025
322 322 4 Worker 509932456
323 323 4 Worker 39517517
324 324 4 Worker 949626468
325 325 4 Worker 371785563
326 326 4 Worker 696278434
327 327 4 Worker 159138824
328 328 4 Worker 535666964
329 329 4 Worker 765510962
330 330 4 Worker 981436239
331 331 4 Worker 159415877
332 332 4 Worker 7560076
333 333 4 Worker 972705726
334 334 4 Worker 483567737
335 335 4 Worker 318541573
336 336 4 Worker 79259572
337 337 4 Worker 265675129
338 338 4 Worker 385161741
339 339 4 Worker 744192391
340 340 4 Worker 606367074
341 341 4 Worker 520855344
342 342 4 Worker 24504623
343 343 4 Worker 875519527
344 344 4 Worker 539111021
345 345 4 Worker 970462580
346 346 4 Worker 592708403
347 347 4 Worker 868994210
348 348 4 Worker 58866006
349 349 4 Worker 994787900
350 350 4 Worker 745729005
351 351 4 Worker 399114819
352 352 4 Worker 445207102
353 353 4 Worker 374993121
354 354 4 Worker 716328174
355 355 4 Worker 473808727
356 356 4 Worker 28419878
357 357 4 Worker 107546302
358 358 4 Worker 25624579
359 359 4 Worker 470449563
360 360 4 Worker 852884973
361 361 4 Worker 15272170
362 362 4 Worker 201063032
363 363 4 Worker 720440375
364 364 4 Worker 620293999
365 365 4 Worker 707831807
366 366 4 Worker 224093943
367 367 4 Worker 187803862
368 368 4 Worker 692416481
369 369 4 Worker 418453132
370 370 4 Worker 649894817
371 371 4 Worker 947487829
372 372 4 Worker 309474122
373 373 4 Worker 936334607
374 374 4 Worker 83063505
375 375 4 Worker 697675735
376 376 4 Worker 367751474
377 377 4 Worker 345571860
378 378 4 Worker 575054113
379 379 4 Worker 920100778
380 380 4 Worker 569296271
381 381 4 Worker 932207438
382 382 4 Worker 692678949
383 383 4 Worker 218767387
384 384 4 Worker 122422283
385 385 4 Worker 880392562
386 386 4 Worker 988710704
387 387 4 Worker 273354122
388 388 4 Worker 429802563
389 389 4 Worker 916037147
390 390 4 Worker 470173907
391 391 4 Worker 685756898
392 392 4 Worker 218312153
393 393 4 Worker 350933736
394 394 4 Worker 882877750
395 395 4 Worker 816388015
396 396 4 Worker 631933016
397 397 4 Worker 630445431
398 398 4 Worker 212155060
399 399 4 Worker 131958029
400 400 4 Worker 879745343
401 401 4 Worker 561779194
402 402 4 Worker 551030154
403 403 4 Worker 746618090
404 404 4 Worker 1504097
405 405 4 Worker 703390491
406 406 4 Worker 557939333
407 407 4 Worker 888649484
408 408 4 Worker 757035898
409 409 4 Worker 274028029
410 410 4 Worker 578448508
411 411 4 Worker 834884274
412 412 4 Worker 460504770
413 413 4 Worker 730527023
414 414 4 Worker 595061071
415 415 4 Worker 456840302
416 416 4 Worker 91185929
417 417 4 Worker 264827507
418 418 4 Worker 489632779
419 419 4 Worker 972454571
420 420 4 Worker 353151866
421 421 4 Worker 845795069
422 422 4 Worker 458279347
423 423 4 Worker 436742674
424 424 4 Worker 940702931
425 425 4 Worker 659085231
426 426 4 Worker 228583591
427 427 4 Worker 777080424
428 428 4 Worker 324377198
429 429 4 Worker 786402685
430 430 4 Worker 188858721
431 431 4 Worker 385639578
432 432 4 Worker 59274043
433 433 4 Worker 462742316
434 434 4 Worker 430955181
435 435 4 Worker 858740327
436 436 4 Worker 348366362
437 437 4 Worker 522810422
438 438 4 Worker 539087454
439 439 4 Worker 5008317
440 440 4 Worker 624035166
441 441 4 Worker 38955439
442 442 4 Worker 143059164
443 443 4 Worker 432767214
444 444 4 Worker 453038643
445 445 4 Worker 121276033
446 446 4 Worker 326024013
447 447 4 Worker 531940971
448 448 4 Worker 32255656
449 449 4 Worker 992630628
450 450 4 Worker 724105835
451 451 4 Worker 995904956
452 452 4 Worker 298504048
453 453 4 Worker 654157086
454 454 4 Worker 598042320
455 455 4 Worker 947025705
456 456 4 Worker 215442589
457 457 4 Worker 287475498
458 458 4 Worker 932427810
459 459 4 Worker 248987520
460 460 4 Worker 874386666
461 461 4 Worker 684123772
462 462 4 Worker 797022223
463 463 4 Worker 846964022
464 464 4 Worker 643672195
465 465 4 Worker 933371251
466 466 4 Worker 204401095
467 467 4 Worker 794635504
468 468 4 Worker 476346068
469 469 4 Worker 559324244
470 470 4 Worker 828215989
471 471 4 Worker 231432680
472 472 4 Worker 8043820
473 473 4 Worker 582451433
474 474 4 Worker 455996123
475 475 4 Worker 741364121
476 476 4 Worker 216094526
477 477 4 Worker 227399948
478 478 4 Worker 392571562
479 479 4 Worker 774368331
480 480 4 Worker 559038081
481 481 4 Worker 738275434
482 482 4 Worker 618539064
483 483 4 Worker 359643833
484 484 4 Worker 577989954
485 485 4 Worker 784604761
486 486 4 Worker 747630956
487 487 4 Worker 993074223
488 488 4 Worker 894823731
489 489 4 Worker 548122727
490 490 4 Worker 166980142
491 491 4 Worker 388344121
492 492 4 Worker 631587565
493 493 4 Worker 738740569
494 494 4 Worker 957726057
495 495 4 Worker 483899463
496 496 4 Worker 204440706
497 497 4 Worker 662885233
498 498 4 Worker 860017596
499 499 4 Worker 711089631
500 500 4 Worker 857084848
501 501 4 Worker 957255455
502 502 4 Worker 953856741
503 503 4 Worker 229563999
504 504 4 Worker 331566050
505 505 4 Worker 299149229
506 506 4 Worker 517944041
507 507 4 Worker 3115511
508 508 4 Worker 292763100
509 509 4 Worker 903567267
510 510 4 Worker 16880536
511 511 4 Worker 373052869
