0 0 -1 Splicer 179497453
1 1 0 Worker 816200641
2 2 -1 PersistentDB 834406263
3 3 -1 InMemoryDB 996832842
4 4 -1 WorkManager 288240913
5 5 4 Worker 157949795
6 6 4 Worker 571529238
7 7 4 Worker 106710633
8 8 4 Worker 681898250
9 9 4 Worker 954445104
10 10 4 Worker 699564547
11 11 4 Worker 607041611
12 12 4 Worker 638679473
13 13 4 Worker 897407282
14 14 4 Worker 988959821
15 15 4 Worker 68512376
16 16 4 Worker 13264296
17 17 4 Worker 947164157
18 18 4 Worker 480288412
19 19 4 Worker 554086587
20 20 4 Worker 709486801
21 21 4 Worker 958114369
22 22 4 Worker 757038128
23 23 4 Worker 394652417
24 24 4 Worker 210052399
25 25 4 Worker 972000102
26 26 4 Worker 407185559
27 27 4 Worker 32502934
28 28 4 Worker 881429324
29 29 4 Worker 140178468
30 30 4 Worker 979433631
31 31 4 Worker 121726122
32 32 4 Worker 589539827
33 33 4 Worker 63360463
34 34 4 Worker 747864137
35 35 4 Worker 947935277
36 36 4 Worker 408984093
37 37 4 Worker 534501232
38 38 4 Worker 362921517
39 39 4 Worker 734399894
40 40 4 Worker 274682995
41 41 4 Worker 48499652
42 42 4 Worker 266254667
43 43 4 Worker 529293765
44 44 4 Worker 327948849
45 45 4 Worker 828522959
46 46 4 Worker 744092765
47 47 4 Worker 546777628
48 48 4 Worker 780114041
49 49 4 Worker 16844813
50 50 4 Worker 930522686
51 51 4 Worker 91280992
52 52 4 Worker 185495827
53 53 4 Worker 555873926
54 54 4 Worker 147147982
55 55 4 Worker 964423239
56 56 4 Worker 931728571
57 57 4 Worker 858486896
58 58 4 Worker 933258486
59 59 4 Worker 820616123
60 60 4 Worker 988257044
61 61 4 Worker 792539792
62 62 4 Worker 479289956
63 63 4 Worker 860003378
64 64 4 Worker 642931050
65 65 4 Worker 950884133
66 66 4 Worker 4281704
67 67 4 Worker 72251470
68 68 4 Worker 699709805
69 69 4 Worker 950575156
70 70 4 Worker 177914689
71 71 4 Worker 949565025
72 72 4 Worker 185012166
73 73 4 Worker 118035997
74 74 4 Worker 725457502
75 75 4 Worker 156216678
76 76 4 Worker 4498755
77 77 4 Worker 627774572
78 78 4 Worker 67264568
79 79 4 Worker 40959459
80 80 4 Worker 377691491
81 81 4 Worker 513465479
82 82 4 Worker 999748776
83 83 4 Worker 150290950
84 84 4 Worker 449104108
85 85 4 Worker 853187458
86 86 4 Worker 648107100
87 87 4 Worker 786116027
88 88 4 Worker 169295098
89 89 4 Worker 465748322
90 90 4 Worker 746644280
91 91 4 Worker 66843739
92 92 4 Worker 818956085
93 93 4 Worker 728966999
94 94 4 Worker 71864951
95 95 4 Worker 923596423
96 96 4 Worker 6276068
97 97 4 Worker 76395578
98 98 4 Worker 465643840
99 99 4 Worker 167431145
100 100 4 Worker 457422435
101 101 4 Worker 182851255
102 102 4 Worker 683524132
103 103 4 Worker 917907887
104 104 4 Worker 661345970
105 105 4 Worker 681845584
106 106 4 Worker 774974741
107 107 4 Worker 893813958
108 108 4 Worker 806101852
109 109 4 Worker 585862465
110 110 4 Worker 799035765
111 111 4 Worker 759274974
112 112 4 Worker 152519433
113 113 4 Worker 327659401
114 114 4 Worker 269500133
115 115 4 Worker 821354543
116 116 4 Worker 246995632
117 117 4 Worker 697772102
118 118 4 Worker 796038664
119 119 4 Worker 854064648
120 120 4 Worker 978500696
121 121 4 Worker 71927565
122 122 4 Worker 261101259
123 123 4 Worker 371780589
124 124 4 Worker 521297990
125 125 4 Worker 829621036
126 126 4 Worker 992183010
127 127 4 Worker 711752200
128 128 4 Worker 915852525
129 129 4 Worker 632098638
130 130 4 Worker 463707351
131 131 4 Worker 14221681
132 132 4 Worker 807239885
133 133 4 Worker 444223968
134 134 4 Worker 861662315
135 135 4 Worker 516041154
136 136 4 Worker 175649873
137 137 4 Worker 300360411
138 138 4 Worker 254617746
139 139 4 Worker 794369565
140 140 4 Worker 475760645
141 141 4 Worker 188606818
142 142 4 Worker 8567388
143 143 4 Worker 735325700
144 144 4 Worker 17904415
145 145 4 Worker 448088393
146 146 4 Worker 983803440
147 147 4 Worker 946322159
148 148 4 Worker 525340477
149 149 4 Worker 672340212
150 150 4 Worker 242029212
151 151 4 Worker 150363030
152 152 4 Worker 893616213
153 153 4 Worker 289497563
154 154 4 Worker 721712242
155 155 4 Worker 701870733
156 156 4 Worker 218595650
157 157 4 Worker 471575650
158 158 4 Worker 881272221
159 159 4 Worker 760910460
160 160 4 Worker 661020486
161 161 4 Worker 91393453
162 162 4 Worker 755475549
163 163 4 Worker 406884407
164 164 4 Worker 791372345
165 165 4 Worker 273453671
166 166 4 Worker 745163459
167 167 4 Worker 92485904
168 168 4 Worker 151228719
169 169 4 Worker 929853504
170 170 4 Worker 540229371
171 171 4 Worker 951736244
172 172 4 Worker 721085957
173 173 4 Worker 673284500
174 174 4 Worker 538426676
175 175 4 Worker 476214005
176 176 4 Worker 920977966
177 177 4 Worker 232293307
178 178 4 Worker 420058690
179 179 4 Worker 153133768
180 180 4 Worker 248742396
181 181 4 Worker 650189739
182 182 4 Worker 920382836
183 183 4 Worker 866174854
184 184 4 Worker 644679518
185 185 4 Worker 163043043
186 186 4 Worker 657278980
187 187 4 Worker 859821894
188 188 4 Worker 318688815
189 189 4 Worker 926985274
190 190 4 Worker 695973646
191 191 4 Worker 961410144
192 192 4 Worker 106058604
193 193 4 Worker 923598567
194 194 4 Worker 636286092
195 195 4 Worker 61074599
196 196 4 Worker 365655009
197 197 4 Worker 44169967
198 198 4 Worker 662743330
199 199 4 Worker 242262690
200 200 4 Worker 87930821
201 201 4 Worker 509349522
202 202 4 Worker 255738398
203 203 4 Worker 78292932
204 204 4 Worker 10906349
205 205 4 Worker 160605451
206 206 4 Worker 544966917
207 207 4 Worker 91334433
208 208 4 Worker 767049239
209 209 4 Worker 303613761
210 210 4 Worker 814197061
211 211 4 Worker 429820071
212 212 4 Worker 517544126
213 213 4 Worker 866228893
214 214 4 Worker 218638090
215 215 4 Worker 90308868
216 216 4 Worker 499530653
217 217 4 Worker 943485233
218 218 4 Worker 623325769
219 219 4 Worker 12102175
220 220 4 Worker 140790669
221 221 4 Worker 486367791
222 222 4 Worker 381045614
223 223 4 Worker 812387657
224 224 4 Worker 660700625
225 225 4 Worker 281638265
226 226 4 Worker 39867784
227 227 4 Worker 513587069
228 228 4 Worker 25432747
229 229 4 Worker 736269000
230 230 4 Worker 134116137
231 231 4 Worker 888046166
232 232 4 Worker 797431721
233 233 4 Worker 601233165
234 234 4 Worker 924515560
235 235 4 Worker 163282026
236 236 4 Worker 436477145
237 237 4 Worker 472822590
238 238 4 Worker 522198466
239 239 4 Worker 939851360
240 240 4 Worker 387343060
241 241 4 Worker 778089287
242 242 4 Worker 584462903
243 243 4 Worker 657542202
244 244 4 Worker 522344566
245 245 4 Worker 775397450
246 246 4 Worker 173432508
247 247 4 Worker 669845562
248 248 4 Worker 320572669
249 249 4 Worker 458235726
250 250 4 Worker 767368707
251 251 4 Worker 531954933
252 252 4 Worker 689039428
253 253 4 Worker 655855447
254 254 4 Worker 989101921
255 255 4 Worker 294777984
