0 0 -1 Splicer 589132255
1 1 0 Worker 289666209
2 2 -1 PersistentDB 935197152
3 3 -1 InMemoryDB 622682700
4 4 -1 WorkManager 784025809
5 5 4 Worker 634896323
6 6 4 Worker 526627581
7 7 4 Worker 494010898
8 8 4 Worker 164666568
9 9 4 Worker 227405112
10 10 4 Worker 517058641
11 11 4 Worker 616546176
12 12 4 Worker 449501248
13 13 4 Worker 910704403
14 14 4 Worker 663168277
15 15 4 Worker 587106759
16 16 4 Worker 309913236
17 17 4 Worker 799466702
18 18 4 Worker 942732303
19 19 4 Worker 815277948
20 20 4 Worker 923308136
21 21 4 Worker 293713303
22 22 4 Worker 568880680
23 23 4 Worker 562597448
24 24 4 Worker 453154560
25 25 4 Worker 100313727
26 26 4 Worker 223900847
27 27 4 Worker 270938584
28 28 4 Worker 262591082
29 29 4 Worker 763023751
30 30 4 Worker 175570764
31 31 4 Worker 670413513
32 32 4 Worker 639069905
33 33 4 Worker 155483259
34 34 4 Worker 728706582
35 35 4 Worker 742016652
36 36 4 Worker 74776007
37 37 4 Worker 602953972
38 38 4 Worker 652559307
39 39 4 Worker 94064756
40 40 4 Worker 955153619
41 41 4 Worker 345566381
42 42 4 Worker 836563150
43 43 4 Worker 445207570
44 44 4 Worker 446892150
45 45 4 Worker 346955265
46 46 4 Worker 926647220
47 47 4 Worker 854655142
48 48 4 Worker 28087839
49 49 4 Worker 233983084
50 50 4 Worker 425369536
51 51 4 Worker 214465313
52 52 4 Worker 402537624
53 53 4 Worker 834701526
54 54 4 Worker 10120848
55 55 4 Worker 701680907
56 56 4 Worker 807371928
57 57 4 Worker 883742044
58 58 4 Worker 549039206
59 59 4 Worker 551392399
60 60 4 Worker 832979536
61 61 4 Worker 812879477
62 62 4 Worker 720984472
63 63 4 Worker 176970154
64 64 4 Worker 229712521
65 65 4 Worker 821554137
66 66 4 Worker 973670562
67 67 4 Worker 567288325
68 68 4 Worker 373004452
69 69 4 Worker 714219728
70 70 4 Worker 225299099
71 71 4 Worker 293767550
72 72 4 Worker 762282064
73 73 4 Worker 161683996
74 74 4 Worker 8057876
75 75 4 Worker 333043972
76 76 4 Worker 154882061
77 77 4 Worker 618900166
78 78 4 Worker 846703612
79 79 4 Worker 190558753
80 80 4 Worker 778386917
81 81 4 Worker 657421475
82 82 4 Worker 89162927
83 83 4 Worker 605664327
84 84 4 Worker 198369270
85 85 4 Worker 337414438
86 86 4 Worker 377753435
87 87 4 Worker 746728078
88 88 4 Worker 224366919
89 89 4 Worker 508521851
90 90 4 Worker 285657924
91 91 4 Worker 639517064
92 92 4 Worker 688100980
93 93 4 Worker 564014429
94 94 4 Worker 849696359
95 95 4 Worker 986125293
96 96 4 Worker 121863153
97 97 4 Worker 376437489
98 98 4 Worker 910342471
99 99 4 Worker 732714490
100 100 4 Worker 468389606
101 101 4 Worker 199271405
102 102 4 Worker 466451126
103 103 4 Worker 747260841
104 104 4 Worker 174697199
105 105 4 Worker 295782969
106 106 4 Worker 382961872
107 107 4 Worker 671931962
108 108 4 Worker 552049407
109 109 4 Worker 984952283
110 110 4 Worker 750922935
111 111 4 Worker 430370105
112 112 4 Worker 315830112
113 113 4 Worker 926518105
114 114 4 Worker 197930643
115 115 4 Worker 161966660
116 116 4 Worker 95035286
117 117 4 Worker 733170017
118 118 4 Worker 176771093
119 119 4 Worker 405029077
120 120 4 Worker 829071572
121 121 4 Worker 468725469
122 122 4 Worker 425754145
123 123 4 Worker 917999650
124 124 4 Worker 294663207
125 125 4 Worker 551398674
126 126 4 Worker 910477632
127 127 4 Worker 496729047
128 128 4 Worker 692365496
129 129 4 Worker 260730288
130 130 4 Worker 509981220
131 131 4 Worker 338030253
132 132 4 Worker 794131295
133 133 4 Worker 968593524
134 134 4 Worker 741974175
135 135 4 Worker 244531573
136 136 4 Worker 750842234
137 137 4 Worker 68856876
138 138 4 Worker 298499244
139 139 4 Worker 418816631
140 140 4 Worker 27103670
141 141 4 Worker 943435352
142 142 4 Worker 686435680
143 143 4 Worker 758310736
144 144 4 Worker 843131989
145 145 4 Worker 847126203
146 146 4 Worker 670729390
147 147 4 Worker 38466877
148 148 4 Worker 722494760
149 149 4 Worker 123598638
150 150 4 Worker 172314341
151 151 4 Worker 945831605
152 152 4 Worker 131294912
153 153 4 Worker 438007038
154 154 4 Worker 827531196
155 155 4 Worker 538076602
156 156 4 Worker 149651207
157 157 4 Worker 820945967
158 158 4 Worker 719375731
159 159 4 Worker 211053604
160 160 4 Worker 957475280
161 161 4 Worker 684119954
162 162 4 Worker 985398638
163 163 4 Worker 746633388
164 164 4 Worker 104449563
165 165 4 Worker 694924865
166 166 4 Worker 412529649
167 167 4 Worker 464195219
168 168 4 Worker 638709301
169 169 4 Worker 588638966
170 170 4 Worker 971678295
171 171 4 Worker 932127980
172 172 4 Worker 633156985
173 173 4 Worker 347347122
174 174 4 Worker 641592047
175 175 4 Worker 474685822
176 176 4 Worker 191841373
177 177 4 Worker 292965290
178 178 4 Worker 892822676
179 179 4 Worker 36831017
180 180 4 Worker 301109409
181 181 4 Worker 950733419
182 182 4 Worker 776604625
183 183 4 Worker 751847095
184 184 4 Worker 932261794
185 185 4 Worker 540738941
186 186 4 Worker 751556239
187 187 4 Worker 911902533
188 188 4 Worker 204299400
189 189 4 Worker 677875196
190 190 4 Worker 189168621
191 191 4 Worker 616633505
192 192 4 Worker 965964327
193 193 4 Worker 145463715
194 194 4 Worker 544409500
195 195 4 Worker 897531739
196 196 4 Worker 164785510
197 197 4 Worker 222952350
198 198 4 Worker 201865600
199 199 4 Worker 381135615
200 200 4 Worker 750224263
201 201 4 Worker 783895062
202 202 4 Worker 657176954
203 203 4 Worker 872172030
204 204 4 Worker 459861313
205 205 4 Worker 975278322
206 206 4 Worker 812450753
207 207 4 Worker 440449652
208 208 4 Worker 569252273
209 209 4 Worker 781317879
210 210 4 Worker 195308576
211 211 4 Worker 745992757
212 212 4 Worker 635667959
213 213 4 Worker 693589791
214 214 4 Worker 967533543
215 215 4 Worker 140398612
216 216 4 Worker 844407369
217 217 4 Worker 397064225
218 218 4 Worker 728418308
219 219 4 Worker 754702447
220 220 4 Worker 272677796
221 221 4 Worker 460967962
222 222 4 Worker 984406987
223 223 4 Worker 164887541
224 224 4 Worker 450038828
225 225 4 Worker 666154054
226 226 4 Worker 872462571
227 227 4 Worker 48677540
228 228 4 Worker 52684102
229 229 4 Worker 493782078
230 230 4 Worker 528970678
231 231 4 Worker 127191756
232 232 4 Worker 824797231
233 233 4 Worker 911163264
234 234 4 Worker 363719147
235 235 4 Worker 63045537
236 236 4 Worker 664855997
237 237 4 Worker 220744580
238 238 4 Worker 824693935
239 239 4 Worker 783207404
240 240 4 Worker 451035276
241 241 4 Worker 232844920
242 242 4 Worker 437829831
243 243 4 Worker 988844306
244 244 4 Worker 22188354
245 245 4 Worker 971806105
246 246 4 Worker 280327473
247 247 4 Worker 659584846
248 248 4 Worker 722251963
249 249 4 Worker 671256753
250 250 4 Worker 57641389
251 251 4 Worker 979047178
252 252 4 Worker 999176323
253 253 4 Worker 434751572
254 254 4 Worker 600048353
255 255 4 Worker 74764190
