0 0 -1 Splicer 534737532
1 1 0 Worker 123093331
2 2 -1 PersistentDB 189547047
3 3 -1 InMemoryDB 956554436
4 4 -1 WorkManager 588255793
5 5 4 Worker 8466615
6 6 4 Worker 173584710
7 7 4 Worker 635445536
8 8 4 Worker 296425893
9 9 4 Worker 226370767
10 10 4 Worker 694012829
11 11 4 Worker 147308045
12 12 4 Worker 973937750
13 13 4 Worker 437658965
14 14 4 Worker 145185513
15 15 4 Worker 868310816
16 16 4 Worker 295183632
17 17 4 Worker 538620550
18 18 4 Worker 96383125
19 19 4 Worker 494646413
20 20 4 Worker 753320836
21 21 4 Worker 925570248
22 22 4 Worker 32716707
23 23 4 Worker 330390786
24 24 4 Worker 175653820
25 25 4 Worker 772522504
26 26 4 Worker 735530859
27 27 4 Worker 639371915
28 28 4 Worker 836699301
29 29 4 Worker 774365408
30 30 4 Worker 683348781
31 31 4 Worker 383891044
