0 0 -1 Splicer 796549607
1 1 0 Worker 966567708
2 2 -1 PersistentDB 25784116
3 3 -1 InMemoryDB 55709912
4 4 -1 WorkManager 565597252
5 5 4 Worker 776942617
6 6 4 Worker 114743088
7 7 4 Worker 945495203
8 8 4 Worker 418576552
9 9 4 Worker 464756940
10 10 4 Worker 494216231
11 11 4 Worker 499337005
12 12 4 Worker 443866847
13 13 4 Worker 288570578
14 14 4 Worker 631447758
15 15 4 Worker 509420879
16 16 4 Worker 215748994
17 17 4 Worker 628540069
18 18 4 Worker 988098748
19 19 4 Worker 848116353
20 20 4 Worker 229253179
21 21 4 Worker 428232932
22 22 4 Worker 891873592
23 23 4 Worker 349525555
24 24 4 Worker 982358900
25 25 4 Worker 469927606
26 26 4 Worker 115106301
27 27 4 Worker 764643495
28 28 4 Worker 836494767
29 29 4 Worker 858080357
30 30 4 Worker 550583162
31 31 4 Worker 456998233
32 32 4 Worker 691568142
33 33 4 Worker 739209940
34 34 4 Worker 957106543
35 35 4 Worker 100890834
36 36 4 Worker 555338964
37 37 4 Worker 818733367
38 38 4 Worker 90228674
39 39 4 Worker 210427832
40 40 4 Worker 528545611
41 41 4 Worker 166641947
42 42 4 Worker 460549514
43 43 4 Worker 297400707
44 44 4 Worker 824197350
45 45 4 Worker 380300484
46 46 4 Worker 679737353
47 47 4 Worker 306142652
48 48 4 Worker 230732511
49 49 4 Worker 272574427
50 50 4 Worker 750169292
51 51 4 Worker 192121073
52 52 4 Worker 762460553
53 53 4 Worker 342935836
54 54 4 Worker 306905237
55 55 4 Worker 790144319
56 56 4 Worker 967403346
57 57 4 Worker 26054651
58 58 4 Worker 949906447
59 59 4 Worker 936240307
60 60 4 Worker 463316687
61 61 4 Worker 123870725
62 62 4 Worker 674543535
63 63 4 Worker 809172598
64 64 4 Worker 54961655
65 65 4 Worker 629503037
66 66 4 Worker 274750395
67 67 4 Worker 214134554
68 68 4 Worker 731471520
69 69 4 Worker 215690990
70 70 4 Worker 520841930
71 71 4 Worker 160388341
72 72 4 Worker 747631114
73 73 4 Worker 533432952
74 74 4 Worker 802798918
75 75 4 Worker 483685082
76 76 4 Worker 175732448
77 77 4 Worker 130906066
78 78 4 Worker 328192256
79 79 4 Worker 85201939
80 80 4 Worker 472621743
81 81 4 Worker 941053022
82 82 4 Worker 604082199
83 83 4 Worker 942360123
84 84 4 Worker 1075836
85 85 4 Worker 308884926
86 86 4 Worker 216059534
87 87 4 Worker 900237869
88 88 4 Worker 12787432
89 89 4 Worker 348349982
90 90 4 Worker 707019766
91 91 4 Worker 587595960
92 92 4 Worker 434830092
93 93 4 Worker 56266227
94 94 4 Worker 197050704
95 95 4 Worker 331273905
96 96 4 Worker 85098199
97 97 4 Worker 457482662
98 98 4 Worker 295245378
99 99 4 Worker 967123971
100 100 4 Worker 819411720
101 101 4 Worker 358564298
102 102 4 Worker 385824696
103 103 4 Worker 948033959
104 104 4 Worker 64076954
105 105 4 Worker 575143696
106 106 4 Worker 389751809
107 107 4 Worker 582650677
108 108 4 Worker 154778973
109 109 4 Worker 143664599
110 110 4 Worker 211681294
111 111 4 Worker 231135367
112 112 4 Worker 383908514
113 113 4 Worker 132294924
114 114 4 Worker 403563102
115 115 4 Worker 69867359
116 116 4 Worker 821377049
117 117 4 Worker 681836902
118 118 4 Worker 241215077
119 119 4 Worker 979549016
120 120 4 Worker 610585654
121 121 4 Worker 131515115
122 122 4 Worker 664183026
123 123 4 Worker 507238651
124 124 4 Worker 412156962
125 125 4 Worker 108972095
126 126 4 Worker 508006672
127 127 4 Worker 947705068
128 128 4 Worker 777995513
129 129 4 Worker 269870231
130 130 4 Worker 631788830
131 131 4 Worker 475692049
132 132 4 Worker 743567692
133 133 4 Worker 356689502
134 134 4 Worker 272463297
135 135 4 Worker 105950135
136 136 4 Worker 25771587
137 137 4 Worker 638227732
138 138 4 Worker 967258108
139 139 4 Worker 822370229
140 140 4 Worker 389714862
141 141 4 Worker 456456727
142 142 4 Worker 880308650
143 143 4 Worker 550925717
144 144 4 Worker 329351995
145 145 4 Worker 324051618
146 146 4 Worker 347819149
147 147 4 Worker 782062631
148 148 4 Worker 268229586
149 149 4 Worker 955527859
150 150 4 Worker 853947473
151 151 4 Worker 865760326
152 152 4 Worker 682772417
153 153 4 Worker 184433792
154 154 4 Worker 679270057
155 155 4 Worker 455766833
156 156 4 Worker 935278017
157 157 4 Worker 737121389
158 158 4 Worker 403468360
159 159 4 Worker 782711768
160 160 4 Worker 913963824
161 161 4 Worker 615285090
162 162 4 Worker 571741858
163 163 4 Worker 857179801
164 164 4 Worker 508369938
165 165 4 Worker 606966915
166 166 4 Worker 378590842
167 167 4 Worker 908308487
168 168 4 Worker 435941321
169 169 4 Worker 843541385
170 170 4 Worker 707611892
171 171 4 Worker 558342747
172 172 4 Worker 319371354
173 173 4 Worker 750572739
174 174 4 Worker 294164215
175 175 4 Worker 699802986
176 176 4 Worker 635073395
177 177 4 Worker 223085270
178 178 4 Worker 36957821
179 179 4 Worker 381152267
180 180 4 Worker 904648562
181 181 4 Worker 920783686
182 182 4 Worker 963903661
183 183 4 Worker 409910795
184 184 4 Worker 167044172
185 185 4 Worker 818293728
186 186 4 Worker 837734862
187 187 4 Worker 120204089
188 188 4 Worker 594819655
189 189 4 Worker 725616889
190 190 4 Worker 527591534
191 191 4 Worker 658613931
192 192 4 Worker 115292799
193 193 4 Worker 866174781
194 194 4 Worker 653459753
195 195 4 Worker 494144116
196 196 4 Worker 328337478
197 197 4 Worker 58819648
198 198 4 Worker 977910975
199 199 4 Worker 826840957
200 200 4 Worker 200516756
201 201 4 Worker 10833955
202 202 4 Worker 14114355
203 203 4 Worker 768085029
204 204 4 Worker 500192270
205 205 4 Worker 107907789
206 206 4 Worker 547812856
207 207 4 Worker 472499368
208 208 4 Worker 182011710
209 209 4 Worker 44441162
210 210 4 Worker 319811179
211 211 4 Worker 44278928
212 212 4 Worker 693485557
213 213 4 Worker 10774662
214 214 4 Worker 736006176
215 215 4 Worker 983971198
216 216 4 Worker 705243759
217 217 4 Worker 675363309
218 218 4 Worker 227776752
219 219 4 Worker 551618368
220 220 4 Worker 351954223
221 221 4 Worker 758817098
222 222 4 Worker 951339124
223 223 4 Worker 28336844
224 224 4 Worker 53275052
225 225 4 Worker 29125164
226 226 4 Worker 203216822
227 227 4 Worker 499627003
228 228 4 Worker 823380629
229 229 4 Worker 77660033
230 230 4 Worker 893985522
231 231 4 Worker 391914774
232 232 4 Worker 179190626
233 233 4 Worker 855924181
234 234 4 Worker 798265369
235 235 4 Worker 322810269
236 236 4 Worker 29736225
237 237 4 Worker 650024570
238 238 4 Worker 976169920
239 239 4 Worker 158708378
240 240 4 Worker 886858943
241 241 4 Worker 8857322
242 242 4 Worker 409741011
243 243 4 Worker 879731007
244 244 4 Worker 819147668
245 245 4 Worker 80134023
246 246 4 Worker 833512686
247 247 4 Worker 527358587
248 248 4 Worker 855710085
249 249 4 Worker 665141634
250 250 4 Worker 175099612
251 251 4 Worker 746225810
252 252 4 Worker 683815393
253 253 4 Worker 392635236
254 254 4 Worker 103049066
255 255 4 Worker 479200591
