0 0 -1 Splicer 678567335
1 1 0 Worker 493128733
2 2 -1 PersistentDB 14566821
3 3 -1 InMemoryDB 287290655
4 4 -1 WorkManager 640611899
5 5 4 Worker 793948192
6 6 4 Worker 821024414
7 7 4 Worker 495990081
8 8 4 Worker 138124585
9 9 4 Worker 964912366
10 10 4 Worker 382652644
11 11 4 Worker 176908365
12 12 4 Worker 832815618
13 13 4 Worker 893956632
14 14 4 Worker 630796415
15 15 4 Worker 229175721
16 16 4 Worker 617251809
17 17 4 Worker 896488510
18 18 4 Worker 762261599
19 19 4 Worker 366360021
20 20 4 Worker 11299081
21 21 4 Worker 891234413
22 22 4 Worker 80526185
23 23 4 Worker 197173368
24 24 4 Worker 570270126
25 25 4 Worker 478451638
26 26 4 Worker 598049502
27 27 4 Worker 333207798
28 28 4 Worker 582016417
29 29 4 Worker 544126823
30 30 4 Worker 74064447
31 31 4 Worker 210202460
32 32 4 Worker 559909251
33 33 4 Worker 824938317
34 34 4 Worker 728705092
35 35 4 Worker 972740443
36 36 4 Worker 749816529
37 37 4 Worker 617374562
38 38 4 Worker 903185072
39 39 4 Worker 17562959
40 40 4 Worker 999826646
41 41 4 Worker 32565009
42 42 4 Worker 909823949
43 43 4 Worker 600439259
44 44 4 Worker 880870570
45 45 4 Worker 419752343
46 46 4 Worker 650291080
47 47 4 Worker 38410005
48 48 4 Worker 674741499
49 49 4 Worker 687035282
50 50 4 Worker 212312341
51 51 4 Worker 140437558
52 52 4 Worker 402570470
53 53 4 Worker 314579496
54 54 4 Worker 169436762
55 55 4 Worker 127303545
56 56 4 Worker 682439859
57 57 4 Worker 742555565
58 58 4 Worker 818711218
59 59 4 Worker 707442125
60 60 4 Worker 180298383
61 61 4 Worker 389729030
62 62 4 Worker 423356212
63 63 4 Worker 239397732
64 64 4 Worker 327992418
65 65 4 Worker 7524803
66 66 4 Worker 42668347
67 67 4 Worker 624943331
68 68 4 Worker 687088542
69 69 4 Worker 923903893
70 70 4 Worker 965567190
71 71 4 Worker 111370348
72 72 4 Worker 410272060
73 73 4 Worker 843554285
74 74 4 Worker 831465268
75 75 4 Worker 842311852
76 76 4 Worker 451547537
77 77 4 Worker 722251951
78 78 4 Worker 869522737
79 79 4 Worker 916460146
80 80 4 Worker 5096032
81 81 4 Worker 165200671
82 82 4 Worker 979568425
83 83 4 Worker 367217956
84 84 4 Worker 90990293
85 85 4 Worker 317099453
86 86 4 Worker 457257501
87 87 4 Worker 583875821
88 88 4 Worker 127617445
89 89 4 Worker 567995836
90 90 4 Worker 960218606
91 91 4 Worker 401197848
92 92 4 Worker 495970961
93 93 4 Worker 366304577
94 94 4 Worker 697748862
95 95 4 Worker 115335121
96 96 4 Worker 66101445
97 97 4 Worker 6107836
98 98 4 Worker 783484209
99 99 4 Worker 520570711
100 100 4 Worker 970817677
101 101 4 Worker 606995498
102 102 4 Worker 101584475
103 103 4 Worker 241567888
104 104 4 Worker 916256597
105 105 4 Worker 305943219
106 106 4 Worker 673572779
107 107 4 Worker 69343190
108 108 4 Worker 588948996
109 109 4 Worker 236141005
110 110 4 Worker 678909962
111 111 4 Worker 665743698
112 112 4 Worker 673739202
113 113 4 Worker 417582062
114 114 4 Worker 2462070
115 115 4 Worker 300609651
116 116 4 Worker 676842791
117 117 4 Worker 580384585
118 118 4 Worker 194436526
119 119 4 Worker 305941367
120 120 4 Worker 688122051
121 121 4 Worker 306013703
122 122 4 Worker 343620705
123 123 4 Worker 519814874
124 124 4 Worker 362717929
125 125 4 Worker 612761742
126 126 4 Worker 959888574
127 127 4 Worker 772903715
128 128 4 Worker 988623689
129 129 4 Worker 493637739
130 130 4 Worker 522699308
131 131 4 Worker 139728101
132 132 4 Worker 297661879
133 133 4 Worker 527337929
134 134 4 Worker 686626708
135 135 4 Worker 24179530
136 136 4 Worker 607621395
137 137 4 Worker 754669441
138 138 4 Worker 279437557
139 139 4 Worker 342334957
140 140 4 Worker 412011076
141 141 4 Worker 912236701
142 142 4 Worker 714566590
143 143 4 Worker 967034068
144 144 4 Worker 787391622
145 145 4 Worker 980062960
146 146 4 Worker 362371570
147 147 4 Worker 76380349
148 148 4 Worker 872085540
149 149 4 Worker 156564881
150 150 4 Worker 504490161
151 151 4 Worker 241703390
152 152 4 Worker 279041456
153 153 4 Worker 995802575
154 154 4 Worker 180573589
155 155 4 Worker 764572901
156 156 4 Worker 881804735
157 157 4 Worker 247707457
158 158 4 Worker 583697100
159 159 4 Worker 747473993
160 160 4 Worker 441751015
161 161 4 Worker 21703853
162 162 4 Worker 73534186
163 163 4 Worker 187080534
164 164 4 Worker 85850418
165 165 4 Worker 472958193
166 166 4 Worker 413045225
167 167 4 Worker 705219906
168 168 4 Worker 174772435
169 169 4 Worker 677302497
170 170 4 Worker 95572082
171 171 4 Worker 901439923
172 172 4 Worker 13282710
173 173 4 Worker 285909242
174 174 4 Worker 625743311
175 175 4 Worker 42526976
176 176 4 Worker 835766878
177 177 4 Worker 559452140
178 178 4 Worker 367552830
179 179 4 Worker 919292499
180 180 4 Worker 487601017
181 181 4 Worker 648262890
182 182 4 Worker 280699596
183 183 4 Worker 957657158
184 184 4 Worker 605064608
185 185 4 Worker 959451693
186 186 4 Worker 681539211
187 187 4 Worker 154977386
188 188 4 Worker 19715858
189 189 4 Worker 22970450
190 190 4 Worker 229669111
191 191 4 Worker 942612749
192 192 4 Worker 21686631
193 193 4 Worker 201976492
194 194 4 Worker 541978595
195 195 4 Worker 641555268
196 196 4 Worker 347323863
197 197 4 Worker 149713133
198 198 4 Worker 275969842
199 199 4 Worker 27282580
200 200 4 Worker 861697609
201 201 4 Worker 771339476
202 202 4 Worker 55714318
203 203 4 Worker 586114521
204 204 4 Worker 46715498
205 205 4 Worker 621386884
206 206 4 Worker 715724118
207 207 4 Worker 156201597
208 208 4 Worker 359869204
209 209 4 Worker 456519765
210 210 4 Worker 424674792
211 211 4 Worker 16022053
212 212 4 Worker 447704632
213 213 4 Worker 651955576
214 214 4 Worker 590220908
215 215 4 Worker 296790622
216 216 4 Worker 312043569
217 217 4 Worker 201005232
218 218 4 Worker 391063171
219 219 4 Worker 697566903
220 220 4 Worker 264607807
221 221 4 Worker 843673562
222 222 4 Worker 458520475
223 223 4 Worker 515421605
224 224 4 Worker 622197863
225 225 4 Worker 930642030
226 226 4 Worker 860469890
227 227 4 Worker 512054891
228 228 4 Worker 636341155
229 229 4 Worker 132164835
230 230 4 Worker 668864594
231 231 4 Worker 750898623
232 232 4 Worker 971285634
233 233 4 Worker 257242226
234 234 4 Worker 682835347
235 235 4 Worker 498035710
236 236 4 Worker 976194921
237 237 4 Worker 400189
238 238 4 Worker 280145413
239 239 4 Worker 474386874
240 240 4 Worker 530936406
241 241 4 Worker 536423791
242 242 4 Worker 914942522
243 243 4 Worker 260682449
244 244 4 Worker 469710701
245 245 4 Worker 751811877
246 246 4 Worker 132900037
247 247 4 Worker 641756500
248 248 4 Worker 919268607
249 249 4 Worker 398994175
250 250 4 Worker 516898649
251 251 4 Worker 171667079
252 252 4 Worker 889675882
253 253 4 Worker 472923451
254 254 4 Worker 505577104
255 255 4 Worker 454496976
