0 0 -1 Splicer 140384301
1 1 0 Worker 877338255
2 2 -1 PersistentDB 972794895
3 3 -1 InMemoryDB 879694755
4 4 -1 WorkManager 195350021
5 5 4 Worker 999391199
6 6 4 Worker 744190476
7 7 4 Worker 666224340
8 8 4 Worker 562606784
9 9 4 Worker 735187016
10 10 4 Worker 946819995
11 11 4 Worker 668397938
12 12 4 Worker 109465767
13 13 4 Worker 89514963
14 14 4 Worker 417296628
15 15 4 Worker 804044465
16 16 4 Worker 949292765
17 17 4 Worker 828690067
18 18 4 Worker 587336719
19 19 4 Worker 712277562
20 20 4 Worker 591403602
21 21 4 Worker 300083622
22 22 4 Worker 239950339
23 23 4 Worker 273377761
24 24 4 Worker 777834307
25 25 4 Worker 548319956
26 26 4 Worker 671669077
27 27 4 Worker 504550112
28 28 4 Worker 758478882
29 29 4 Worker 921453914
30 30 4 Worker 541191185
31 31 4 Worker 824281163
32 32 4 Worker 479762819
33 33 4 Worker 624214156
34 34 4 Worker 538123977
35 35 4 Worker 907024496
36 36 4 Worker 334934892
37 37 4 Worker 161773952
38 38 4 Worker 273453631
39 39 4 Worker 839191490
40 40 4 Worker 109202674
41 41 4 Worker 615934877
42 42 4 Worker 467596326
43 43 4 Worker 32693312
44 44 4 Worker 48349195
45 45 4 Worker 980122621
46 46 4 Worker 878305171
47 47 4 Worker 73887906
48 48 4 Worker 566761004
49 49 4 Worker 833252547
50 50 4 Worker 759400339
51 51 4 Worker 268929970
52 52 4 Worker 150036844
53 53 4 Worker 903492165
54 54 4 Worker 8009195
55 55 4 Worker 489647934
56 56 4 Worker 745881377
57 57 4 Worker 744500428
58 58 4 Worker 955682710
59 59 4 Worker 279505596
60 60 4 Worker 677716724
61 61 4 Worker 947898934
62 62 4 Worker 47531932
63 63 4 Worker 957895284
64 64 4 Worker 384982036
65 65 4 Worker 276377218
66 66 4 Worker 136746963
67 67 4 Worker 163074860
68 68 4 Worker 775931701
69 69 4 Worker 907513036
70 70 4 Worker 878214003
71 71 4 Worker 269488403
72 72 4 Worker 823895437
73 73 4 Worker 217341090
74 74 4 Worker 39211871
75 75 4 Worker 994023378
76 76 4 Worker 999339274
77 77 4 Worker 991929231
78 78 4 Worker 655906682
79 79 4 Worker 582698299
80 80 4 Worker 89685621
81 81 4 Worker 192652688
82 82 4 Worker 762047266
83 83 4 Worker 491989334
84 84 4 Worker 943975550
85 85 4 Worker 567609500
86 86 4 Worker 658754939
87 87 4 Worker 274947878
88 88 4 Worker 544071875
89 89 4 Worker 876646173
90 90 4 Worker 231633529
91 91 4 Worker 78194132
92 92 4 Worker 378986188
93 93 4 Worker 693040781
94 94 4 Worker 895353636
95 95 4 Worker 377066150
96 96 4 Worker 626154614
97 97 4 Worker 46818782
98 98 4 Worker 717237140
99 99 4 Worker 93990318
100 100 4 Worker 517754654
101 101 4 Worker 76268200
102 102 4 Worker 741762855
103 103 4 Worker 830810790
104 104 4 Worker 559289867
105 105 4 Worker 789911013
106 106 4 Worker 995446572
107 107 4 Worker 151474248
108 108 4 Worker 667847443
109 109 4 Worker 358056450
110 110 4 Worker 414071332
111 111 4 Worker 779299571
112 112 4 Worker 886176331
113 113 4 Worker 703978563
114 114 4 Worker 961574540
115 115 4 Worker 108470904
116 116 4 Worker 963126215
117 117 4 Worker 925010882
118 118 4 Worker 48863341
119 119 4 Worker 707377137
120 120 4 Worker 335664312
121 121 4 Worker 304383693
122 122 4 Worker 969423501
123 123 4 Worker 362473806
124 124 4 Worker 224788531
125 125 4 Worker 391874198
126 126 4 Worker 549366264
127 127 4 Worker 600419801
128 128 4 Worker 985796388
129 129 4 Worker 434192149
130 130 4 Worker 849631220
131 131 4 Worker 640480494
132 132 4 Worker 400656976
133 133 4 Worker 313257030
134 134 4 Worker 112545025
135 135 4 Worker 30723138
136 136 4 Worker 36360295
137 137 4 Worker 311532671
138 138 4 Worker 374156403
139 139 4 Worker 4536333
140 140 4 Worker 603445877
141 141 4 Worker 667823642
142 142 4 Worker 480797128
143 143 4 Worker 579664087
144 144 4 Worker 220994022
145 145 4 Worker 209878639
146 146 4 Worker 345233432
147 147 4 Worker 151730475
148 148 4 Worker 853209981
149 149 4 Worker 721565479
150 150 4 Worker 377702421
151 151 4 Worker 523146281
152 152 4 Worker 294161232
153 153 4 Worker 539114857
154 154 4 Worker 316792812
155 155 4 Worker 528766829
156 156 4 Worker 110071115
157 157 4 Worker 857842017
158 158 4 Worker 612990213
159 159 4 Worker 915829975
160 160 4 Worker 878027837
161 161 4 Worker 66586996
162 162 4 Worker 322699288
163 163 4 Worker 926945890
164 164 4 Worker 459147847
165 165 4 Worker 799723909
166 166 4 Worker 354177159
167 167 4 Worker 289728924
168 168 4 Worker 212316973
169 169 4 Worker 818083065
170 170 4 Worker 853433727
171 171 4 Worker 950678955
172 172 4 Worker 137257994
173 173 4 Worker 143687890
174 174 4 Worker 486893215
175 175 4 Worker 33903052
176 176 4 Worker 8635241
177 177 4 Worker 702434831
178 178 4 Worker 127679040
179 179 4 Worker 720283159
180 180 4 Worker 310623530
181 181 4 Worker 988208795
182 182 4 Worker 552369778
183 183 4 Worker 470243194
184 184 4 Worker 149302551
185 185 4 Worker 501473510
186 186 4 Worker 722910771
187 187 4 Worker 666760176
188 188 4 Worker 867720935
189 189 4 Worker 852048508
190 190 4 Worker 412821920
191 191 4 Worker 624575898
192 192 4 Worker 975740236
193 193 4 Worker 970834435
194 194 4 Worker 287180791
195 195 4 Worker 870136416
196 196 4 Worker 774822832
197 197 4 Worker 704363047
198 198 4 Worker 434186916
199 199 4 Worker 836432338
200 200 4 Worker 686336889
201 201 4 Worker 306708682
202 202 4 Worker 280266910
203 203 4 Worker 995141285
204 204 4 Worker 307024922
205 205 4 Worker 936081985
206 206 4 Worker 465178219
207 207 4 Worker 58649340
208 208 4 Worker 952323666
209 209 4 Worker 20697950
210 210 4 Worker 640330451
211 211 4 Worker 524656305
212 212 4 Worker 7052722
213 213 4 Worker 994583001
214 214 4 Worker 823541025
215 215 4 Worker 219970449
216 216 4 Worker 718111551
217 217 4 Worker 3170747
218 218 4 Worker 297786004
219 219 4 Worker 515499119
220 220 4 Worker 504895647
221 221 4 Worker 298046569
222 222 4 Worker 874739361
223 223 4 Worker 826844903
224 224 4 Worker 588216360
225 225 4 Worker 416431422
226 226 4 Worker 333095129
227 227 4 Worker 167681458
228 228 4 Worker 802427458
229 229 4 Worker 168806487
230 230 4 Worker 62699146
231 231 4 Worker 267055502
232 232 4 Worker 818629729
233 233 4 Worker 383121605
234 234 4 Worker 310508347
235 235 4 Worker 241998836
236 236 4 Worker 457610914
237 237 4 Worker 868409812
238 238 4 Worker 299041226
239 239 4 Worker 344026096
240 240 4 Worker 311639319
241 241 4 Worker 509616252
242 242 4 Worker 354783855
243 243 4 Worker 160403975
244 244 4 Worker 144034868
245 245 4 Worker 124210791
246 246 4 Worker 188564411
247 247 4 Worker 590561348
248 248 4 Worker 449234316
249 249 4 Worker 454737294
250 250 4 Worker 407117355
251 251 4 Worker 595317100
252 252 4 Worker 33574224
253 253 4 Worker 330265589
254 254 4 Worker 643415347
255 255 4 Worker 815295287
256 256 4 Worker 129283303
257 257 4 Worker 884864090
258 258 4 Worker 578393117
259 259 4 Worker 582687151
260 260 4 Worker 361164421
261 261 4 Worker 976213134
262 262 4 Worker 786971359
263 263 4 Worker 680660369
264 264 4 Worker 95341707
265 265 4 Worker 349034910
266 266 4 Worker 865882062
267 267 4 Worker 84961701
268 268 4 Worker 985721002
269 269 4 Worker 160264473
270 270 4 Worker 305811908
271 271 4 Worker 836051617
272 272 4 Worker 547907923
273 273 4 Worker 873009239
274 274 4 Worker 721171053
275 275 4 Worker 904193899
276 276 4 Worker 67802490
277 277 4 Worker 680718491
278 278 4 Worker 400111119
279 279 4 Worker 864884822
280 280 4 Worker 820730213
281 281 4 Worker 903516554
282 282 4 Worker 248755950
283 283 4 Worker 528788394
284 284 4 Worker 242294408
285 285 4 Worker 847430902
286 286 4 Worker 254755244
287 287 4 Worker 737207889
288 288 4 Worker 467178691
289 289 4 Worker 544334467
290 290 4 Worker 217064431
291 291 4 Worker 357686350
292 292 4 Worker 968033232
293 293 4 Worker 778276429
294 294 4 Worker 471850480
295 295 4 Worker 477224019
296 296 4 Worker 522849466
297 297 4 Worker 605363679
298 298 4 Worker 258158767
299 299 4 Worker 454952029
300 300 4 Worker 880059603
301 301 4 Worker 130934676
302 302 4 Worker 39403129
303 303 4 Worker 813502344
304 304 4 Worker 462343773
305 305 4 Worker 687114211
306 306 4 Worker 189054430
307 307 4 Worker 561797854
308 308 4 Worker 96934544
309 309 4 Worker 234463347
310 310 4 Worker 912992132
311 311 4 Worker 633902503
312 312 4 Worker 28564122
313 313 4 Worker 432478495
314 314 4 Worker 349901539
315 315 4 Worker 251597988
316 316 4 Worker 954384988
317 317 4 Worker 996922617
318 318 4 Worker 91066017
319 319 4 Worker 249411730
320 320 4 Worker 190485704
321 321 4 Worker 427924543
322 322 4 Worker 317297695
323 323 4 Worker 26362702
324 324 4 Worker 592269026
325 325 4 Worker 696364732
326 326 4 Worker 756059996
327 327 4 Worker 684771515
328 328 4 Worker 281926303
329 329 4 Worker 368135809
330 330 4 Worker 139971348
331 331 4 Worker 958119361
332 332 4 Worker 845970954
333 333 4 Worker 76783708
334 334 4 Worker 814303850
335 335 4 Worker 767719977
336 336 4 Worker 781002255
337 337 4 Worker 644949739
338 338 4 Worker 495939232
339 339 4 Worker 919708358
340 340 4 Worker 105432311
341 341 4 Worker 679139447
342 342 4 Worker 211867163
343 343 4 Worker 826155678
344 344 4 Worker 42178134
345 345 4 Worker 278000419
346 346 4 Worker 759461709
347 347 4 Worker 883762820
348 348 4 Worker 396208107
349 349 4 Worker 175218989
350 350 4 Worker 173365422
351 351 4 Worker 224563378
352 352 4 Worker 670336371
353 353 4 Worker 601090505
354 354 4 Worker 157546452
355 355 4 Worker 8834224
356 356 4 Worker 664690334
357 357 4 Worker 149826596
358 358 4 Worker 970145353
359 359 4 Worker 970417253
360 360 4 Worker 196847920
361 361 4 Worker 54895206
362 362 4 Worker 355848992
363 363 4 Worker 463954308
364 364 4 Worker 732755427
365 365 4 Worker 808489519
366 366 4 Worker 159155478
367 367 4 Worker 404746526
368 368 4 Worker 822700408
369 369 4 Worker 985312745
370 370 4 Worker 436775121
371 371 4 Worker 619441174
372 372 4 Worker 339746894
373 373 4 Worker 668406763
374 374 4 Worker 811691453
375 375 4 Worker 961651942
376 376 4 Worker 243711555
377 377 4 Worker 878889721
378 378 4 Worker 985039997
379 379 4 Worker 919909391
380 380 4 Worker 632690597
381 381 4 Worker 39069235
382 382 4 Worker 612234373
383 383 4 Worker 84013061
384 384 4 Worker 246834217
385 385 4 Worker 408504489
386 386 4 Worker 681644634
387 387 4 Worker 364810311
388 388 4 Worker 288504618
389 389 4 Worker 682783888
390 390 4 Worker 218898962
391 391 4 Worker 28631705
392 392 4 Worker 2966858
393 393 4 Worker 258856697
394 394 4 Worker 100287088
395 395 4 Worker 208390890
396 396 4 Worker 640881804
397 397 4 Worker 8606110
398 398 4 Worker 908359949
399 399 4 Worker 828633398
400 400 4 Worker 861716632
401 401 4 Worker 19500077
402 402 4 Worker 198534358
403 403 4 Worker 842748427
404 404 4 Worker 138450313
405 405 4 Worker 102152192
406 406 4 Worker 540839763
407 407 4 Worker 994277834
408 408 4 Worker 835268600
409 409 4 Worker 368976048
410 410 4 Worker 437055448
411 411 4 Worker 483580620
412 412 4 Worker 709324761
413 413 4 Worker 466194871
414 414 4 Worker 524654541
415 415 4 Worker 887153366
416 416 4 Worker 187855826
417 417 4 Worker 598984021
418 418 4 Worker 675204215
419 419 4 Worker 905753887
420 420 4 Worker 803882012
421 421 4 Worker 410371992
422 422 4 Worker 741935546
423 423 4 Worker 988121173
424 424 4 Worker 550002320
425 425 4 Worker 452312721
426 426 4 Worker 408614812
427 427 4 Worker 836295466
428 428 4 Worker 33432198
429 429 4 Worker 202944023
430 430 4 Worker 451335968
431 431 4 Worker 6210986
432 432 4 Worker 614254056
433 433 4 Worker 641051515
434 434 4 Worker 391497155
435 435 4 Worker 81031274
436 436 4 Worker 65294438
437 437 4 Worker 332444347
438 438 4 Worker 595766774
439 439 4 Worker 377982434
440 440 4 Worker 345831707
441 441 4 Worker 713054262
442 442 4 Worker 463755876
443 443 4 Worker 789470506
444 444 4 Worker 744958872
445 445 4 Worker 522063082
446 446 4 Worker 395000075
447 447 4 Worker 878601371
448 448 4 Worker 894026318
449 449 4 Worker 704810773
450 450 4 Worker 791425017
451 451 4 Worker 669409297
452 452 4 Worker 251831036
453 453 4 Worker 410883896
454 454 4 Worker 476742132
455 455 4 Worker 585428007
456 456 4 Worker 497650730
457 457 4 Worker 935406453
458 458 4 Worker 70507989
459 459 4 Worker 207538102
460 460 4 Worker 268097944
461 461 4 Worker 163014349
462 462 4 Worker 745628862
463 463 4 Worker 675628569
464 464 4 Worker 713910616
465 465 4 Worker 991423541
466 466 4 Worker 818043052
467 467 4 Worker 301998063
468 468 4 Worker 121199997
469 469 4 Worker 45003393
470 470 4 Worker 412507280
471 471 4 Worker 31167386
472 472 4 Worker 390569757
473 473 4 Worker 850077120
474 474 4 Worker 301041320
475 475 4 Worker 862518666
476 476 4 Worker 98477474
477 477 4 Worker 472086520
478 478 4 Worker 879537647
479 479 4 Worker 530591987
480 480 4 Worker 113920784
481 481 4 Worker 323909406
482 482 4 Worker 436610328
483 483 4 Worker 639299900
484 484 4 Worker 648924604
485 485 4 Worker 928536890
486 486 4 Worker 910569688
487 487 4 Worker 288758540
488 488 4 Worker 328988756
489 489 4 Worker 857985092
490 490 4 Worker 800257438
491 491 4 Worker 56824373
492 492 4 Worker 270443558
493 493 4 Worker 38058345
494 494 4 Worker 719151011
495 495 4 Worker 911821564
496 496 4 Worker 339549232
497 497 4 Worker 213642833
498 498 4 Worker 15853140
499 499 4 Worker 774217909
500 500 4 Worker 624569642
501 501 4 Worker 409024459
502 502 4 Worker 136566344
503 503 4 Worker 704954342
504 504 4 Worker 940937161
505 505 4 Worker 762862376
506 506 4 Worker 224484748
507 507 4 Worker 879818576
508 508 4 Worker 591466613
509 509 4 Worker 591406205
510 510 4 Worker 98832531
511 511 4 Worker 681682981
512 512 4 Worker 563582530
513 513 4 Worker 12278102
514 514 4 Worker 802129216
515 515 4 Worker 468384565
516 516 4 Worker 616170447
517 517 4 Worker 210548095
518 518 4 Worker 993970773
519 519 4 Worker 712285667
520 520 4 Worker 785512764
521 521 4 Worker 961946499
522 522 4 Worker 34578345
523 523 4 Worker 858908727
524 524 4 Worker 417100272
525 525 4 Worker 435696577
526 526 4 Worker 995847163
527 527 4 Worker 508643623
528 528 4 Worker 148893350
529 529 4 Worker 245850193
530 530 4 Worker 496450295
531 531 4 Worker 599161504
532 532 4 Worker 556198363
533 533 4 Worker 213320021
534 534 4 Worker 166193429
535 535 4 Worker 766289149
536 536 4 Worker 853739866
537 537 4 Worker 540191705
538 538 4 Worker 990490512
539 539 4 Worker 601085903
540 540 4 Worker 204423775
541 541 4 Worker 69195618
542 542 4 Worker 585854931
543 543 4 Worker 545052294
544 544 4 Worker 695779021
545 545 4 Worker 258740755
546 546 4 Worker 350813455
547 547 4 Worker 602337666
548 548 4 Worker 452939636
549 549 4 Worker 74464332
550 550 4 Worker 926126767
551 551 4 Worker 851329867
552 552 4 Worker 734045505
553 553 4 Worker 489893703
554 554 4 Worker 145118713
555 555 4 Worker 738174572
556 556 4 Worker 192655475
557 557 4 Worker 479695044
558 558 4 Worker 127285901
559 559 4 Worker 820734500
560 560 4 Worker 37773482
561 561 4 Worker 700433344
562 562 4 Worker 454834893
563 563 4 Worker 214527836
564 564 4 Worker 518984704
565 565 4 Worker 81244310
566 566 4 Worker 385749751
567 567 4 Worker 496930561
568 568 4 Worker 478460379
569 569 4 Worker 879110846
570 570 4 Worker 685918366
571 571 4 Worker 295351749
572 572 4 Worker 941171958
573 573 4 Worker 10170325
574 574 4 Worker 487132734
575 575 4 Worker 109030136
576 576 4 Worker 426592625
577 577 4 Worker 795382814
578 578 4 Worker 995167547
579 579 4 Worker 428921167
580 580 4 Worker 961126057
581 581 4 Worker 262536976
582 582 4 Worker 704682765
583 583 4 Worker 791429813
584 584 4 Worker 333498706
585 585 4 Worker 772857337
586 586 4 Worker 873903656
587 587 4 Worker 229674234
588 588 4 Worker 990154317
589 589 4 Worker 980400665
590 590 4 Worker 290652173
591 591 4 Worker 350664042
592 592 4 Worker 503796915
593 593 4 Worker 360596210
594 594 4 Worker 383121393
595 595 4 Worker 534791052
596 596 4 Worker 53079859
597 597 4 Worker 113969963
598 598 4 Worker 662281895
599 599 4 Worker 995163878
600 600 4 Worker 931267792
601 601 4 Worker 925936712
602 602 4 Worker 768823562
603 603 4 Worker 19774784
604 604 4 Worker 477420183
605 605 4 Worker 908920467
606 606 4 Worker 224412330
607 607 4 Worker 576089257
608 608 4 Worker 649355424
609 609 4 Worker 720953055
610 610 4 Worker 721478798
611 611 4 Worker 593648545
612 612 4 Worker 594738781
613 613 4 Worker 488798656
614 614 4 Worker 986404077
615 615 4 Worker 171791
616 616 4 Worker 883528310
617 617 4 Worker 133828839
618 618 4 Worker 849602119
619 619 4 Worker 830920031
620 620 4 Worker 185500251
621 621 4 Worker 419760175
622 622 4 Worker 607943660
623 623 4 Worker 990222983
624 624 4 Worker 96544132
625 625 4 Worker 92825481
626 626 4 Worker 74037429
627 627 4 Worker 284264907
628 628 4 Worker 471049805
629 629 4 Worker 835161100
630 630 4 Worker 657092668
631 631 4 Worker 831027940
632 632 4 Worker 547181164
633 633 4 Worker 109012357
634 634 4 Worker 923648262
635 635 4 Worker 856091356
636 636 4 Worker 97590766
637 637 4 Worker 63167073
638 638 4 Worker 169946467
639 639 4 Worker 913976785
640 640 4 Worker 161687582
641 641 4 Worker 659602091
642 642 4 Worker 754536998
643 643 4 Worker 361962686
644 644 4 Worker 598984403
645 645 4 Worker 201168689
646 646 4 Worker 228619068
647 647 4 Worker 892854779
648 648 4 Worker 507762837
649 649 4 Worker 977936286
650 650 4 Worker 113212517
651 651 4 Worker 751919249
652 652 4 Worker 177975053
653 653 4 Worker 284604473
654 654 4 Worker 852233853
655 655 4 Worker 683476362
656 656 4 Worker 929315147
657 657 4 Worker 799613705
658 658 4 Worker 439520983
659 659 4 Worker 1207612
660 660 4 Worker 562372209
661 661 4 Worker 751306322
662 662 4 Worker 938440139
663 663 4 Worker 847850691
664 664 4 Worker 739834619
665 665 4 Worker 509005609
666 666 4 Worker 64465390
667 667 4 Worker 372753744
668 668 4 Worker 289173701
669 669 4 Worker 610197498
670 670 4 Worker 432443182
671 671 4 Worker 145206269
672 672 4 Worker 288818797
673 673 4 Worker 841073416
674 674 4 Worker 710600357
675 675 4 Worker 121978063
676 676 4 Worker 952933816
677 677 4 Worker 796637528
678 678 4 Worker 685669914
679 679 4 Worker 751706266
680 680 4 Worker 275062948
681 681 4 Worker 636306871
682 682 4 Worker 856551576
683 683 4 Worker 721939784
684 684 4 Worker 705932265
685 685 4 Worker 421791515
686 686 4 Worker 186150346
687 687 4 Worker 822737478
688 688 4 Worker 408988111
689 689 4 Worker 995943853
690 690 4 Worker 960834089
691 691 4 Worker 534172568
692 692 4 Worker 132838328
693 693 4 Worker 471795997
694 694 4 Worker 884529386
695 695 4 Worker 159421200
696 696 4 Worker 606861207
697 697 4 Worker 676689441
698 698 4 Worker 400483577
699 699 4 Worker 260800541
700 700 4 Worker 735891350
701 701 4 Worker 811162447
702 702 4 Worker 800033492
703 703 4 Worker 732857413
704 704 4 Worker 588697627
705 705 4 Worker 32714374
706 706 4 Worker 988650243
707 707 4 Worker 33004389
708 708 4 Worker 501571535
709 709 4 Worker 663827502
710 710 4 Worker 432979204
711 711 4 Worker 558802763
712 712 4 Worker 93590886
713 713 4 Worker 632260396
714 714 4 Worker 443662718
715 715 4 Worker 987094464
716 716 4 Worker 407974715
717 717 4 Worker 361987028
718 718 4 Worker 155785040
719 719 4 Worker 146170681
720 720 4 Worker 333151969
721 721 4 Worker 333931790
722 722 4 Worker 360003843
723 723 4 Worker 122826441
724 724 4 Worker 680368489
725 725 4 Worker 126395479
726 726 4 Worker 454056250
727 727 4 Worker 595840319
728 728 4 Worker 987226360
729 729 4 Worker 55617908
730 730 4 Worker 345166687
731 731 4 Worker 244666534
732 732 4 Worker 138709947
733 733 4 Worker 497222899
734 734 4 Worker 675301063
735 735 4 Worker 994207156
736 736 4 Worker 345946905
737 737 4 Worker 62437407
738 738 4 Worker 581358390
739 739 4 Worker 824007291
740 740 4 Worker 935286227
741 741 4 Worker 883416561
742 742 4 Worker 945594874
743 743 4 Worker 408995075
744 744 4 Worker 616051194
745 745 4 Worker 85719650
746 746 4 Worker 469401513
747 747 4 Worker 354981810
748 748 4 Worker 375441925
749 749 4 Worker 305022412
750 750 4 Worker 27619391
751 751 4 Worker 764371904
752 752 4 Worker 739649525
753 753 4 Worker 904259795
754 754 4 Worker 689950020
755 755 4 Worker 614611778
756 756 4 Worker 942119767
757 757 4 Worker 603485175
758 758 4 Worker 592600095
759 759 4 Worker 864000820
760 760 4 Worker 386120084
761 761 4 Worker 123177975
762 762 4 Worker 44745561
763 763 4 Worker 218857535
764 764 4 Worker 612172913
765 765 4 Worker 677408354
766 766 4 Worker 343174341
767 767 4 Worker 798254278
768 768 4 Worker 380113794
769 769 4 Worker 300989419
770 770 4 Worker 988643384
771 771 4 Worker 919974837
772 772 4 Worker 966508010
773 773 4 Worker 115099768
774 774 4 Worker 383518447
775 775 4 Worker 342179457
776 776 4 Worker 24753618
777 777 4 Worker 957530920
778 778 4 Worker 353445089
779 779 4 Worker 955853601
780 780 4 Worker 842108071
781 781 4 Worker 417386981
782 782 4 Worker 381161953
783 783 4 Worker 740653084
784 784 4 Worker 959271442
785 785 4 Worker 712363557
786 786 4 Worker 21641315
787 787 4 Worker 215086823
788 788 4 Worker 996077717
789 789 4 Worker 465650544
790 790 4 Worker 833652929
791 791 4 Worker 345181800
792 792 4 Worker 889792153
793 793 4 Worker 105335479
794 794 4 Worker 43669062
795 795 4 Worker 289584869
796 796 4 Worker 508205948
797 797 4 Worker 780053202
798 798 4 Worker 370396146
799 799 4 Worker 227553647
800 800 4 Worker 104773830
801 801 4 Worker 347199718
802 802 4 Worker 526502361
803 803 4 Worker 785904785
804 804 4 Worker 731459403
805 805 4 Worker 703934347
806 806 4 Worker 714505881
807 807 4 Worker 769008397
808 808 4 Worker 429927507
809 809 4 Worker 286172061
810 810 4 Worker 977719338
811 811 4 Worker 195520064
812 812 4 Worker 312014553
813 813 4 Worker 342561950
814 814 4 Worker 703407973
815 815 4 Worker 300875676
816 816 4 Worker 819731831
817 817 4 Worker 278115133
818 818 4 Worker 490295693
819 819 4 Worker 31883649
820 820 4 Worker 972330809
821 821 4 Worker 336156195
822 822 4 Worker 616699372
823 823 4 Worker 989348934
824 824 4 Worker 892952983
825 825 4 Worker 468968826
826 826 4 Worker 42752253
827 827 4 Worker 156233648
828 828 4 Worker 389669129
829 829 4 Worker 610732722
830 830 4 Worker 973402829
831 831 4 Worker 693265452
832 832 4 Worker 572232614
833 833 4 Worker 182821453
834 834 4 Worker 964170762
835 835 4 Worker 809587764
836 836 4 Worker 977139910
837 837 4 Worker 217912505
838 838 4 Worker 651897352
839 839 4 Worker 268793880
840 840 4 Worker 455360593
841 841 4 Worker 36368348
842 842 4 Worker 722980681
843 843 4 Worker 293311890
844 844 4 Worker 353891797
845 845 4 Worker 541927100
846 846 4 Worker 894446026
847 847 4 Worker 86997372
848 848 4 Worker 410646576
849 849 4 Worker 167487445
850 850 4 Worker 112350377
851 851 4 Worker 40896321
852 852 4 Worker 453519622
853 853 4 Worker 593829258
854 854 4 Worker 565781098
855 855 4 Worker 663886699
856 856 4 Worker 356047389
857 857 4 Worker 296868707
858 858 4 Worker 174586407
859 859 4 Worker 896956099
860 860 4 Worker 176012719
861 861 4 Worker 493067382
862 862 4 Worker 915634182
863 863 4 Worker 733377910
864 864 4 Worker 290824695
865 865 4 Worker 644965201
866 866 4 Worker 753246189
867 867 4 Worker 566459614
868 868 4 Worker 377614716
869 869 4 Worker 212239697
870 870 4 Worker 958358095
871 871 4 Worker 615815416
872 872 4 Worker 875145385
873 873 4 Worker 944851907
874 874 4 Worker 511196391
875 875 4 Worker 308320439
876 876 4 Worker 748990000
877 877 4 Worker 366285255
878 878 4 Worker 549493395
879 879 4 Worker 169890061
880 880 4 Worker 567282317
881 881 4 Worker 360858038
882 882 4 Worker 830683344
883 883 4 Worker 276350682
884 884 4 Worker 636583893
885 885 4 Worker 758861196
886 886 4 Worker 878837452
887 887 4 Worker 132042402
888 888 4 Worker 469942177
889 889 4 Worker 276683501
890 890 4 Worker 385139935
891 891 4 Worker 110298091
892 892 4 Worker 834739287
893 893 4 Worker 139849242
894 894 4 Worker 268048436
895 895 4 Worker 113485400
896 896 4 Worker 998836777
897 897 4 Worker 207830541
898 898 4 Worker 960294309
899 899 4 Worker 219542329
900 900 4 Worker 76810815
901 901 4 Worker 877247320
902 902 4 Worker 520562705
903 903 4 Worker 300294425
904 904 4 Worker 947231362
905 905 4 Worker 842010782
906 906 4 Worker 163387691
907 907 4 Worker 925829773
908 908 4 Worker 517178041
909 909 4 Worker 477777722
910 910 4 Worker 514105980
911 911 4 Worker 754133990
912 912 4 Worker 321294998
913 913 4 Worker 207201570
914 914 4 Worker 679847384
915 915 4 Worker 618775922
916 916 4 Worker 49150051
917 917 4 Worker 140169056
918 918 4 Worker 516557172
919 919 4 Worker 304576775
920 920 4 Worker 901270110
921 921 4 Worker 152752565
922 922 4 Worker 619538548
923 923 4 Worker 517847269
924 924 4 Worker 440414985
925 925 4 Worker 721048454
926 926 4 Worker 491626002
927 927 4 Worker 470513074
928 928 4 Worker 322805126
929 929 4 Worker 814007533
930 930 4 Worker 590414881
931 931 4 Worker 27644211
932 932 4 Worker 650374954
933 933 4 Worker 481577124
934 934 4 Worker 692670636
935 935 4 Worker 119570435
936 936 4 Worker 508787317
937 937 4 Worker 675778484
938 938 4 Worker 269777772
939 939 4 Worker 690068258
940 940 4 Worker 743495951
941 941 4 Worker 474730159
942 942 4 Worker 791536648
943 943 4 Worker 680748690
944 944 4 Worker 861714989
945 945 4 Worker 465905774
946 946 4 Worker 412572452
947 947 4 Worker 893682864
948 948 4 Worker 310923188
949 949 4 Worker 227672502
950 950 4 Worker 866214643
951 951 4 Worker 866305778
952 952 4 Worker 795624723
953 953 4 Worker 570491268
954 954 4 Worker 826776956
955 955 4 Worker 490719880
956 956 4 Worker 396032979
957 957 4 Worker 119873542
958 958 4 Worker 591682585
959 959 4 Worker 641723139
960 960 4 Worker 453303690
961 961 4 Worker 13260385
962 962 4 Worker 630890588
963 963 4 Worker 668078773
964 964 4 Worker 504669635
965 965 4 Worker 237596636
966 966 4 Worker 832936676
967 967 4 Worker 627356081
968 968 4 Worker 2485723
969 969 4 Worker 836347209
970 970 4 Worker 851205559
971 971 4 Worker 505258874
972 972 4 Worker 485804155
973 973 4 Worker 81231552
974 974 4 Worker 59425154
975 975 4 Worker 316110830
976 976 4 Worker 617948493
977 977 4 Worker 619959
978 978 4 Worker 455145323
979 979 4 Worker 828546837
980 980 4 Worker 798778758
981 981 4 Worker 979051386
982 982 4 Worker 963759301
983 983 4 Worker 950092078
984 984 4 Worker 861132877
985 985 4 Worker 807190908
986 986 4 Worker 662923664
987 987 4 Worker 96968852
988 988 4 Worker 121666584
989 989 4 Worker 166061138
990 990 4 Worker 658464779
991 991 4 Worker 716000045
992 992 4 Worker 409046219
993 993 4 Worker 759910297
994 994 4 Worker 435976285
995 995 4 Worker 535585570
996 996 4 Worker 703741513
997 997 4 Worker 136750862
998 998 4 Worker 853883262
999 999 4 Worker 285362646
1000 1000 4 Worker 241784909
1001 1001 4 Worker 920575983
1002 1002 4 Worker 474965132
1003 1003 4 Worker 655978525
1004 1004 4 Worker 535109207
1005 1005 4 Worker 872361249
1006 1006 4 Worker 818729155
1007 1007 4 Worker 876064713
1008 1008 4 Worker 338626858
1009 1009 4 Worker 713949401
1010 1010 4 Worker 649494147
1011 1011 4 Worker 761143866
1012 1012 4 Worker 104448321
1013 1013 4 Worker 555738187
1014 1014 4 Worker 879516768
1015 1015 4 Worker 743417754
1016 1016 4 Worker 169515031
1017 1017 4 Worker 30791290
1018 1018 4 Worker 972392490
1019 1019 4 Worker 73713632
1020 1020 4 Worker 527987821
1021 1021 4 Worker 416430286
1022 1022 4 Worker 213218616
1023 1023 4 Worker 804300193
1024 1024 4 Worker 40581913
1025 1025 4 Worker 761980686
1026 1026 -1 WorkManager 118342435
1027 1027 1026 Worker 887097860
1028 1028 1026 Worker 924474594
1029 1029 1026 Worker 373308278
1030 1030 1026 Worker 156258809
1031 1031 1026 Worker 970941740
1032 1032 1026 Worker 149256780
1033 1033 1026 Worker 497735332
1034 1034 1026 Worker 428488060
1035 1035 1026 Worker 200323194
1036 1036 1026 Worker 593265751
1037 1037 1026 Worker 715293535
1038 1038 1026 Worker 153287444
1039 1039 1026 Worker 598446629
1040 1040 1026 Worker 647355700
1041 1041 1026 Worker 263719723
1042 1042 1026 Worker 603425356
1043 1043 1026 Worker 556758794
1044 1044 1026 Worker 880412318
1045 1045 1026 Worker 158493551
1046 1046 1026 Worker 321440297
1047 1047 1026 Worker 247171931
1048 1048 1026 Worker 432188820
1049 1049 1026 Worker 910949674
1050 1050 1026 Worker 65319532
1051 1051 1026 Worker 861836139
1052 1052 1026 Worker 647989539
1053 1053 1026 Worker 563794350
1054 1054 1026 Worker 731683566
1055 1055 1026 Worker 190955860
1056 1056 1026 Worker 187234974
1057 1057 1026 Worker 967706770
1058 1058 1026 Worker 474821200
1059 1059 1026 Worker 410742011
1060 1060 1026 Worker 2398212
1061 1061 1026 Worker 133707041
1062 1062 1026 Worker 265156044
1063 1063 1026 Worker 785744157
1064 1064 1026 Worker 298487816
1065 1065 1026 Worker 770466581
1066 1066 1026 Worker 472902039
1067 1067 1026 Worker 14320271
1068 1068 1026 Worker 162202332
1069 1069 1026 Worker 733119098
1070 1070 1026 Worker 265498207
1071 1071 1026 Worker 688875841
1072 1072 1026 Worker 674048791
1073 1073 1026 Worker 886533660
1074 1074 1026 Worker 879204727
1075 1075 1026 Worker 603595719
1076 1076 1026 Worker 885008321
1077 1077 1026 Worker 115488020
1078 1078 1026 Worker 687686293
1079 1079 1026 Worker 509828969
1080 1080 1026 Worker 249831313
1081 1081 1026 Worker 169923132
1082 1082 1026 Worker 576964686
1083 1083 1026 Worker 481109154
1084 1084 1026 Worker 372193969
1085 1085 1026 Worker 159802892
1086 1086 1026 Worker 794202475
1087 1087 1026 Worker 901934230
1088 1088 1026 Worker 669982772
1089 1089 1026 Worker 107173673
1090 1090 1026 Worker 572399803
1091 1091 1026 Worker 822947105
1092 1092 1026 Worker 510588574
1093 1093 1026 Worker 684424100
1094 1094 1026 Worker 875004452
1095 1095 1026 Worker 980681947
1096 1096 1026 Worker 302764584
1097 1097 1026 Worker 231008007
1098 1098 1026 Worker 632680420
1099 1099 1026 Worker 322842770
1100 1100 1026 Worker 405056760
1101 1101 1026 Worker 796724065
1102 1102 1026 Worker 279642597
1103 1103 1026 Worker 227380354
1104 1104 1026 Worker 787598170
1105 1105 1026 Worker 608839920
1106 1106 1026 Worker 162279553
1107 1107 1026 Worker 446502246
1108 1108 1026 Worker 157711331
1109 1109 1026 Worker 696269292
1110 1110 1026 Worker 675877767
1111 1111 1026 Worker 996171071
1112 1112 1026 Worker 550264265
1113 1113 1026 Worker 945238090
1114 1114 1026 Worker 110348195
1115 1115 1026 Worker 215774809
1116 1116 1026 Worker 594735442
1117 1117 1026 Worker 804195041
1118 1118 1026 Worker 504700286
1119 1119 1026 Worker 512093218
1120 1120 1026 Worker 347358673
1121 1121 1026 Worker 240294477
1122 1122 1026 Worker 513074473
1123 1123 1026 Worker 318894850
1124 1124 1026 Worker 439499009
1125 1125 1026 Worker 855820680
1126 1126 1026 Worker 960767833
1127 1127 1026 Worker 442833724
1128 1128 1026 Worker 160271110
1129 1129 1026 Worker 618377610
1130 1130 1026 Worker 222445756
1131 1131 1026 Worker 547379879
1132 1132 1026 Worker 896489103
1133 1133 1026 Worker 318451955
1134 1134 1026 Worker 925569094
1135 1135 1026 Worker 852000301
1136 1136 1026 Worker 741449923
1137 1137 1026 Worker 604110101
1138 1138 1026 Worker 196584265
1139 1139 1026 Worker 506881954
1140 1140 1026 Worker 612413400
1141 1141 1026 Worker 838894360
1142 1142 1026 Worker 984326385
1143 1143 1026 Worker 158021158
1144 1144 1026 Worker 296024370
1145 1145 1026 Worker 275863316
1146 1146 1026 Worker 646595056
1147 1147 1026 Worker 275453437
1148 1148 1026 Worker 366183921
1149 1149 1026 Worker 760588531
1150 1150 1026 Worker 947600602
1151 1151 1026 Worker 190509535
1152 1152 1026 Worker 73631532
1153 1153 1026 Worker 497286571
1154 1154 1026 Worker 370071112
1155 1155 1026 Worker 272187619
1156 1156 1026 Worker 788758542
1157 1157 1026 Worker 391105256
1158 1158 1026 Worker 743704477
1159 1159 1026 Worker 399879299
1160 1160 1026 Worker 311621826
1161 1161 1026 Worker 411438739
1162 1162 1026 Worker 56119624
1163 1163 1026 Worker 337415459
1164 1164 1026 Worker 87528964
1165 1165 1026 Worker 77501163
1166 1166 1026 Worker 996519711
1167 1167 1026 Worker 227058535
1168 1168 1026 Worker 667167023
1169 1169 1026 Worker 380725111
1170 1170 1026 Worker 28743845
1171 1171 1026 Worker 8115554
1172 1172 1026 Worker 385377172
1173 1173 1026 Worker 847294959
1174 1174 1026 Worker 177607726
1175 1175 1026 Worker 951070399
1176 1176 1026 Worker 701376287
1177 1177 1026 Worker 867000130
1178 1178 1026 Worker 740722640
1179 1179 1026 Worker 938044509
1180 1180 1026 Worker 422993007
1181 1181 1026 Worker 466613054
1182 1182 1026 Worker 918419845
1183 1183 1026 Worker 983763560
1184 1184 1026 Worker 702038610
1185 1185 1026 Worker 768700250
1186 1186 1026 Worker 692850251
1187 1187 1026 Worker 131015188
1188 1188 1026 Worker 107289287
1189 1189 1026 Worker 520299624
1190 1190 1026 Worker 694016384
1191 1191 1026 Worker 783108724
1192 1192 1026 Worker 717689666
1193 1193 1026 Worker 530480469
1194 1194 1026 Worker 591135363
1195 1195 1026 Worker 845878284
1196 1196 1026 Worker 871115537
1197 1197 1026 Worker 500097626
1198 1198 1026 Worker 782409218
1199 1199 1026 Worker 634193726
1200 1200 1026 Worker 586490374
1201 1201 1026 Worker 523862322
1202 1202 1026 Worker 901617225
1203 1203 1026 Worker 207445178
1204 1204 1026 Worker 913035329
1205 1205 1026 Worker 716664084
1206 1206 1026 Worker 693633787
1207 1207 1026 Worker 899098428
1208 1208 1026 Worker 317642549
1209 1209 1026 Worker 453931766
1210 1210 1026 Worker 761787695
1211 1211 1026 Worker 745656831
1212 1212 1026 Worker 307571713
1213 1213 1026 Worker 770599654
1214 1214 1026 Worker 338873080
1215 1215 1026 Worker 799354558
1216 1216 1026 Worker 134651035
1217 1217 1026 Worker 375775571
1218 1218 1026 Worker 878952480
1219 1219 1026 Worker 722570364
1220 1220 1026 Worker 470508941
1221 1221 1026 Worker 816288552
1222 1222 1026 Worker 654109937
1223 1223 1026 Worker 508138349
1224 1224 1026 Worker 287179481
1225 1225 1026 Worker 597968346
1226 1226 1026 Worker 203555897
1227 1227 1026 Worker 704299399
1228 1228 1026 Worker 218459335
1229 1229 1026 Worker 264530918
1230 1230 1026 Worker 535091883
1231 1231 1026 Worker 750880680
1232 1232 1026 Worker 782387823
1233 1233 1026 Worker 121928818
1234 1234 1026 Worker 619947285
1235 1235 1026 Worker 129766203
1236 1236 1026 Worker 252795743
1237 1237 1026 Worker 52946398
1238 1238 1026 Worker 904610700
1239 1239 1026 Worker 444722760
1240 1240 1026 Worker 844992069
1241 1241 1026 Worker 409917256
1242 1242 1026 Worker 875647770
1243 1243 1026 Worker 630494899
1244 1244 1026 Worker 820137951
1245 1245 1026 Worker 116874938
1246 1246 1026 Worker 891220658
1247 1247 1026 Worker 81559729
1248 1248 1026 Worker 479937603
1249 1249 1026 Worker 737835097
1250 1250 1026 Worker 958865959
1251 1251 1026 Worker 659656999
1252 1252 1026 Worker 352651583
1253 1253 1026 Worker 59920433
1254 1254 1026 Worker 373252594
1255 1255 1026 Worker 558759484
1256 1256 1026 Worker 540993941
1257 1257 1026 Worker 34082154
1258 1258 1026 Worker 435690088
1259 1259 1026 Worker 896356733
1260 1260 1026 Worker 200617979
1261 1261 1026 Worker 13138014
1262 1262 1026 Worker 66889494
1263 1263 1026 Worker 896435958
1264 1264 1026 Worker 252085783
1265 1265 1026 Worker 71591276
1266 1266 1026 Worker 249006241
1267 1267 1026 Worker 624596739
1268 1268 1026 Worker 82471812
1269 1269 1026 Worker 797117870
1270 1270 1026 Worker 232296027
1271 1271 1026 Worker 723920248
1272 1272 1026 Worker 670572962
1273 1273 1026 Worker 963093101
1274 1274 1026 Worker 47409187
1275 1275 1026 Worker 196289494
1276 1276 1026 Worker 850414484
1277 1277 1026 Worker 54774045
1278 1278 1026 Worker 776981573
1279 1279 1026 Worker 831014477
1280 1280 1026 Worker 634571234
1281 1281 1026 Worker 588440835
1282 1282 1026 Worker 864117816
1283 1283 1026 Worker 630156787
1284 1284 1026 Worker 636013595
1285 1285 1026 Worker 250137880
1286 1286 1026 Worker 460354503
1287 1287 1026 Worker 826274812
1288 1288 1026 Worker 451054878
1289 1289 1026 Worker 628457598
1290 1290 1026 Worker 20321711
1291 1291 1026 Worker 814873625
1292 1292 1026 Worker 956542094
1293 1293 1026 Worker 57310766
1294 1294 1026 Worker 325659047
1295 1295 1026 Worker 70286107
1296 1296 1026 Worker 36799371
1297 1297 1026 Worker 193482477
1298 1298 1026 Worker 31012919
1299 1299 1026 Worker 135853148
1300 1300 1026 Worker 982659665
1301 1301 1026 Worker 848442190
1302 1302 1026 Worker 910790244
1303 1303 1026 Worker 202701060
1304 1304 1026 Worker 761596062
1305 1305 1026 Worker 483695373
1306 1306 1026 Worker 313889977
1307 1307 1026 Worker 630843719
1308 1308 1026 Worker 844106255
1309 1309 1026 Worker 71872299
1310 1310 1026 Worker 731082116
1311 1311 1026 Worker 208550374
1312 1312 1026 Worker 996550718
1313 1313 1026 Worker 31752722
1314 1314 1026 Worker 459616742
1315 1315 1026 Worker 329725487
1316 1316 1026 Worker 990621747
1317 1317 1026 Worker 180317324
1318 1318 1026 Worker 841702521
1319 1319 1026 Worker 870284611
1320 1320 1026 Worker 580934211
1321 1321 1026 Worker 995178295
1322 1322 1026 Worker 383712109
1323 1323 1026 Worker 880925439
1324 1324 1026 Worker 263654629
1325 1325 1026 Worker 276753146
1326 1326 1026 Worker 903291042
1327 1327 1026 Worker 826496567
1328 1328 1026 Worker 657587682
1329 1329 1026 Worker 763298891
1330 1330 1026 Worker 140723488
1331 1331 1026 Worker 532958357
1332 1332 1026 Worker 940247976
1333 1333 1026 Worker 280839605
1334 1334 1026 Worker 960481933
1335 1335 1026 Worker 870881995
1336 1336 1026 Worker 770218618
1337 1337 1026 Worker 98439543
1338 1338 1026 Worker 551201086
1339 1339 1026 Worker 979516086
1340 1340 1026 Worker 706403072
1341 1341 1026 Worker 455844691
1342 1342 1026 Worker 657637183
1343 1343 1026 Worker 99665430
1344 1344 1026 Worker 831139443
1345 1345 1026 Worker 114443389
1346 1346 1026 Worker 356640147
1347 1347 1026 Worker 832522089
1348 1348 1026 Worker 873482590
1349 1349 1026 Worker 915803071
1350 1350 1026 Worker 684872051
1351 1351 1026 Worker 493868694
1352 1352 1026 Worker 183068495
1353 1353 1026 Worker 886631098
1354 1354 1026 Worker 530989439
1355 1355 1026 Worker 807582210
1356 1356 1026 Worker 237299692
1357 1357 1026 Worker 175378198
1358 1358 1026 Worker 395740057
1359 1359 1026 Worker 419858340
1360 1360 1026 Worker 724426829
1361 1361 1026 Worker 98130810
1362 1362 1026 Worker 776094814
1363 1363 1026 Worker 532543456
1364 1364 1026 Worker 124021861
1365 1365 1026 Worker 728481324
1366 1366 1026 Worker 82004887
1367 1367 1026 Worker 943640511
1368 1368 1026 Worker 524439551
1369 1369 1026 Worker 723242452
1370 1370 1026 Worker 445015599
1371 1371 1026 Worker 22135802
1372 1372 1026 Worker 408269817
1373 1373 1026 Worker 371856217
1374 1374 1026 Worker 925610530
1375 1375 1026 Worker 521289315
1376 1376 1026 Worker 2971147
1377 1377 1026 Worker 842869661
1378 1378 1026 Worker 978864325
1379 1379 1026 Worker 537495325
1380 1380 1026 Worker 835904791
1381 1381 1026 Worker 988700127
1382 1382 1026 Worker 100499201
1383 1383 1026 Worker 537416827
1384 1384 1026 Worker 561633968
1385 1385 1026 Worker 593840279
1386 1386 1026 Worker 656671019
1387 1387 1026 Worker 733430088
1388 1388 1026 Worker 667642543
1389 1389 1026 Worker 472062133
1390 1390 1026 Worker 5375961
1391 1391 1026 Worker 340577175
1392 1392 1026 Worker 379874591
1393 1393 1026 Worker 358607801
1394 1394 1026 Worker 305988492
1395 1395 1026 Worker 144074135
1396 1396 1026 Worker 980492188
1397 1397 1026 Worker 959131624
1398 1398 1026 Worker 68744690
1399 1399 1026 Worker 220147183
1400 1400 1026 Worker 41267938
1401 1401 1026 Worker 814034169
1402 1402 1026 Worker 350846412
1403 1403 1026 Worker 745386550
1404 1404 1026 Worker 527737374
1405 1405 1026 Worker 223291467
1406 1406 1026 Worker 941836887
1407 1407 1026 Worker 390222870
1408 1408 1026 Worker 508496537
1409 1409 1026 Worker 855435330
1410 1410 1026 Worker 19843849
1411 1411 1026 Worker 186336736
1412 1412 1026 Worker 789107992
1413 1413 1026 Worker 282260933
1414 1414 1026 Worker 669406003
1415 1415 1026 Worker 14028387
1416 1416 1026 Worker 314437740
1417 1417 1026 Worker 992964208
1418 1418 1026 Worker 295356317
1419 1419 1026 Worker 120828417
1420 1420 1026 Worker 242131069
1421 1421 1026 Worker 238320335
1422 1422 1026 Worker 540448223
1423 1423 1026 Worker 747603514
1424 1424 1026 Worker 241082996
1425 1425 1026 Worker 103231737
1426 1426 1026 Worker 75675818
1427 1427 1026 Worker 202620386
1428 1428 1026 Worker 70059040
1429 1429 1026 Worker 943531976
1430 1430 1026 Worker 887011859
1431 1431 1026 Worker 535355634
1432 1432 1026 Worker 846408181
1433 1433 1026 Worker 282637697
1434 1434 1026 Worker 199140189
1435 1435 1026 Worker 518897196
1436 1436 1026 Worker 823095364
1437 1437 1026 Worker 281063237
1438 1438 1026 Worker 773767239
1439 1439 1026 Worker 785080682
1440 1440 1026 Worker 30972038
1441 1441 1026 Worker 605199378
1442 1442 1026 Worker 696131138
1443 1443 1026 Worker 817996906
1444 1444 1026 Worker 851218080
1445 1445 1026 Worker 139322551
1446 1446 1026 Worker 473274936
1447 1447 1026 Worker 523751359
1448 1448 1026 Worker 250200886
1449 1449 1026 Worker 751419216
1450 1450 1026 Worker 268261929
1451 1451 1026 Worker 834124989
1452 1452 1026 Worker 529977066
1453 1453 1026 Worker 753981560
1454 1454 1026 Worker 109560822
1455 1455 1026 Worker 142174776
1456 1456 1026 Worker 638879826
1457 1457 1026 Worker 695593562
1458 1458 1026 Worker 686644586
1459 1459 1026 Worker 267591266
1460 1460 1026 Worker 901834102
1461 1461 1026 Worker 46495210
1462 1462 1026 Worker 5720563
1463 1463 1026 Worker 231435377
1464 1464 1026 Worker 516518745
1465 1465 1026 Worker 358283797
1466 1466 1026 Worker 482132751
1467 1467 1026 Worker 566476548
1468 1468 1026 Worker 108249334
1469 1469 1026 Worker 548888358
1470 1470 1026 Worker 281688357
1471 1471 1026 Worker 316157802
1472 1472 1026 Worker 573267153
1473 1473 1026 Worker 909473095
1474 1474 1026 Worker 441567457
1475 1475 1026 Worker 298008813
1476 1476 1026 Worker 734383326
1477 1477 1026 Worker 157864418
1478 1478 1026 Worker 708462623
1479 1479 1026 Worker 952019052
1480 1480 1026 Worker 230335568
1481 1481 1026 Worker 141231994
1482 1482 1026 Worker 355351549
1483 1483 1026 Worker 981095190
1484 1484 1026 Worker 873597115
1485 1485 1026 Worker 456217777
1486 1486 1026 Worker 599094820
1487 1487 1026 Worker 706425123
1488 1488 1026 Worker 723043470
1489 1489 1026 Worker 33299988
1490 1490 1026 Worker 682285363
1491 1491 1026 Worker 169615558
1492 1492 1026 Worker 14187394
1493 1493 1026 Worker 483016238
1494 1494 1026 Worker 240370629
1495 1495 1026 Worker 159128499
1496 1496 1026 Worker 831139953
1497 1497 1026 Worker 616982462
1498 1498 1026 Worker 846032802
1499 1499 1026 Worker 941643379
1500 1500 1026 Worker 455163251
1501 1501 1026 Worker 419627504
1502 1502 1026 Worker 44050909
1503 1503 1026 Worker 348129076
1504 1504 1026 Worker 418109335
1505 1505 1026 Worker 499001191
1506 1506 1026 Worker 454397053
1507 1507 1026 Worker 837552270
1508 1508 1026 Worker 468285987
1509 1509 1026 Worker 350798973
1510 1510 1026 Worker 139345328
1511 1511 1026 Worker 995926260
1512 1512 1026 Worker 433996752
1513 1513 1026 Worker 607281650
1514 1514 1026 Worker 186380245
1515 1515 1026 Worker 168514638
1516 1516 1026 Worker 703885428
1517 1517 1026 Worker 920068503
1518 1518 1026 Worker 198218219
1519 1519 1026 Worker 328623153
1520 1520 1026 Worker 821869869
1521 1521 1026 Worker 499450767
1522 1522 1026 Worker 475447176
1523 1523 1026 Worker 900328477
1524 1524 1026 Worker 475334704
1525 1525 1026 Worker 886016414
1526 1526 1026 Worker 905470035
1527 1527 1026 Worker 131898742
1528 1528 1026 Worker 283018645
1529 1529 1026 Worker 523065896
1530 1530 1026 Worker 845333683
1531 1531 1026 Worker 217227061
1532 1532 1026 Worker 555780993
1533 1533 1026 Worker 875362063
1534 1534 1026 Worker 177283134
1535 1535 1026 Worker 937566267
1536 1536 1026 Worker 228534294
1537 1537 1026 Worker 823248443
1538 1538 1026 Worker 412033165
1539 1539 1026 Worker 307502790
1540 1540 1026 Worker 475501076
1541 1541 1026 Worker 702649509
1542 1542 1026 Worker 633998571
1543 1543 1026 Worker 708955289
1544 1544 1026 Worker 130977011
1545 1545 1026 Worker 368387622
1546 1546 1026 Worker 509693256
1547 1547 1026 Worker 318090443
1548 1548 1026 Worker 307565160
1549 1549 1026 Worker 189554558
1550 1550 1026 Worker 59682835
1551 1551 1026 Worker 254741750
1552 1552 1026 Worker 416213893
1553 1553 1026 Worker 848840597
1554 1554 1026 Worker 305840975
1555 1555 1026 Worker 302450866
1556 1556 1026 Worker 595263309
1557 1557 1026 Worker 249562520
1558 1558 1026 Worker 916620821
1559 1559 1026 Worker 611490825
1560 1560 1026 Worker 921589684
1561 1561 1026 Worker 416783248
1562 1562 1026 Worker 134619211
1563 1563 1026 Worker 288663325
1564 1564 1026 Worker 360911334
1565 1565 1026 Worker 698868887
1566 1566 1026 Worker 962527141
1567 1567 1026 Worker 357030942
1568 1568 1026 Worker 185390862
1569 1569 1026 Worker 334756642
1570 1570 1026 Worker 297362316
1571 1571 1026 Worker 908564959
1572 1572 1026 Worker 39880415
1573 1573 1026 Worker 770017809
1574 1574 1026 Worker 517211144
1575 1575 1026 Worker 964918078
1576 1576 1026 Worker 29824038
1577 1577 1026 Worker 814081793
1578 1578 1026 Worker 652838253
1579 1579 1026 Worker 508132856
1580 1580 1026 Worker 830045312
1581 1581 1026 Worker 696328894
1582 1582 1026 Worker 422430312
1583 1583 1026 Worker 235013779
1584 1584 1026 Worker 464154492
1585 1585 1026 Worker 507729611
1586 1586 1026 Worker 793494027
1587 1587 1026 Worker 55056538
1588 1588 1026 Worker 484379894
1589 1589 1026 Worker 951757881
1590 1590 1026 Worker 574029157
1591 1591 1026 Worker 583079486
1592 1592 1026 Worker 224603323
1593 1593 1026 Worker 425436300
1594 1594 1026 Worker 751370380
1595 1595 1026 Worker 223155840
1596 1596 1026 Worker 335261319
1597 1597 1026 Worker 979791805
1598 1598 1026 Worker 356264004
1599 1599 1026 Worker 418486863
1600 1600 1026 Worker 117974987
1601 1601 1026 Worker 104591056
1602 1602 1026 Worker 634601801
1603 1603 1026 Worker 253015142
1604 1604 1026 Worker 615445457
1605 1605 1026 Worker 371583170
1606 1606 1026 Worker 492705635
1607 1607 1026 Worker 739484501
1608 1608 1026 Worker 99598696
1609 1609 1026 Worker 919540241
1610 1610 1026 Worker 955234886
1611 1611 1026 Worker 338268162
1612 1612 1026 Worker 152446394
1613 1613 1026 Worker 909379752
1614 1614 1026 Worker 904482144
1615 1615 1026 Worker 669274519
1616 1616 1026 Worker 619032821
1617 1617 1026 Worker 180385638
1618 1618 1026 Worker 623149529
1619 1619 1026 Worker 803574361
1620 1620 1026 Worker 337450306
1621 1621 1026 Worker 379486920
1622 1622 1026 Worker 46874994
1623 1623 1026 Worker 560846802
1624 1624 1026 Worker 95835372
1625 1625 1026 Worker 417961270
1626 1626 1026 Worker 602205755
1627 1627 1026 Worker 170847972
1628 1628 1026 Worker 746938104
1629 1629 1026 Worker 636923686
1630 1630 1026 Worker 412321269
1631 1631 1026 Worker 123171389
1632 1632 1026 Worker 253981972
1633 1633 1026 Worker 669226008
1634 1634 1026 Worker 916756193
1635 1635 1026 Worker 498530930
1636 1636 1026 Worker 5489811
1637 1637 1026 Worker 956147031
1638 1638 1026 Worker 388521708
1639 1639 1026 Worker 255608434
1640 1640 1026 Worker 348749177
1641 1641 1026 Worker 670429613
1642 1642 1026 Worker 637580907
1643 1643 1026 Worker 680195816
1644 1644 1026 Worker 661768555
1645 1645 1026 Worker 517823189
1646 1646 1026 Worker 83880713
1647 1647 1026 Worker 463405166
1648 1648 1026 Worker 192239721
1649 1649 1026 Worker 754080694
1650 1650 1026 Worker 635468994
1651 1651 1026 Worker 257657316
1652 1652 1026 Worker 251776303
1653 1653 1026 Worker 793306376
1654 1654 1026 Worker 988668558
1655 1655 1026 Worker 616861347
1656 1656 1026 Worker 752219056
1657 1657 1026 Worker 409166206
1658 1658 1026 Worker 933544515
1659 1659 1026 Worker 994738251
1660 1660 1026 Worker 858413729
1661 1661 1026 Worker 851415064
1662 1662 1026 Worker 691280718
1663 1663 1026 Worker 986224952
1664 1664 1026 Worker 139893521
1665 1665 1026 Worker 367869852
1666 1666 1026 Worker 358857069
1667 1667 1026 Worker 234077249
1668 1668 1026 Worker 205782412
1669 1669 1026 Worker 616281351
1670 1670 1026 Worker 51463052
1671 1671 1026 Worker 918912808
1672 1672 1026 Worker 744849240
1673 1673 1026 Worker 490923850
1674 1674 1026 Worker 628265633
1675 1675 1026 Worker 45579399
1676 1676 1026 Worker 525183562
1677 1677 1026 Worker 289604131
1678 1678 1026 Worker 139489826
1679 1679 1026 Worker 146901292
1680 1680 1026 Worker 575544343
1681 1681 1026 Worker 627158274
1682 1682 1026 Worker 421113873
1683 1683 1026 Worker 119954300
1684 1684 1026 Worker 237624453
1685 1685 1026 Worker 458305792
1686 1686 1026 Worker 799797503
1687 1687 1026 Worker 816263661
1688 1688 1026 Worker 462250754
1689 1689 1026 Worker 482775549
1690 1690 1026 Worker 11864302
1691 1691 1026 Worker 137210735
1692 1692 1026 Worker 532870559
1693 1693 1026 Worker 6808986
1694 1694 1026 Worker 356124018
1695 1695 1026 Worker 790238732
1696 1696 1026 Worker 256876897
1697 1697 1026 Worker 617342123
1698 1698 1026 Worker 538453155
1699 1699 1026 Worker 626847136
1700 1700 1026 Worker 426532556
1701 1701 1026 Worker 74676745
1702 1702 1026 Worker 987479829
1703 1703 1026 Worker 242169641
1704 1704 1026 Worker 85641130
1705 1705 1026 Worker 65353692
1706 1706 1026 Worker 953630860
1707 1707 1026 Worker 310032838
1708 1708 1026 Worker 874165823
1709 1709 1026 Worker 232668474
1710 1710 1026 Worker 962155481
1711 1711 1026 Worker 522033032
1712 1712 1026 Worker 397202833
1713 1713 1026 Worker 121460441
1714 1714 1026 Worker 887121322
1715 1715 1026 Worker 367559977
1716 1716 1026 Worker 69947128
1717 1717 1026 Worker 247893997
1718 1718 1026 Worker 479374333
1719 1719 1026 Worker 76766555
1720 1720 1026 Worker 663368797
1721 1721 1026 Worker 63662407
1722 1722 1026 Worker 113613251
1723 1723 1026 Worker 232953616
1724 1724 1026 Worker 870103705
1725 1725 1026 Worker 659948824
1726 1726 1026 Worker 806830772
1727 1727 1026 Worker 871875017
1728 1728 1026 Worker 990333003
1729 1729 1026 Worker 996014285
1730 1730 1026 Worker 98847228
1731 1731 1026 Worker 441922090
1732 1732 1026 Worker 304430096
1733 1733 1026 Worker 119599940
1734 1734 1026 Worker 504193083
1735 1735 1026 Worker 619093127
1736 1736 1026 Worker 986091668
1737 1737 1026 Worker 77390472
1738 1738 1026 Worker 733951779
1739 1739 1026 Worker 240212010
1740 1740 1026 Worker 332093355
1741 1741 1026 Worker 703177574
1742 1742 1026 Worker 905190209
1743 1743 1026 Worker 84750214
1744 1744 1026 Worker 330628170
1745 1745 1026 Worker 83394552
1746 1746 1026 Worker 323812987
1747 1747 1026 Worker 778641730
1748 1748 1026 Worker 776007038
1749 1749 1026 Worker 434750933
1750 1750 1026 Worker 956101734
1751 1751 1026 Worker 173312213
1752 1752 1026 Worker 86913841
1753 1753 1026 Worker 551466177
1754 1754 1026 Worker 799654375
1755 1755 1026 Worker 483962365
1756 1756 1026 Worker 919337504
1757 1757 1026 Worker 981443271
1758 1758 1026 Worker 439320990
1759 1759 1026 Worker 271728253
1760 1760 1026 Worker 196134746
1761 1761 1026 Worker 195021806
1762 1762 1026 Worker 800160460
1763 1763 1026 Worker 658280471
1764 1764 1026 Worker 562657516
1765 1765 1026 Worker 709462035
1766 1766 1026 Worker 358585457
1767 1767 1026 Worker 715821701
1768 1768 1026 Worker 235696219
1769 1769 1026 Worker 860865197
1770 1770 1026 Worker 559658226
1771 1771 1026 Worker 364545988
1772 1772 1026 Worker 140980639
1773 1773 1026 Worker 964942467
1774 1774 1026 Worker 405154036
1775 1775 1026 Worker 909086210
1776 1776 1026 Worker 381815447
1777 1777 1026 Worker 290107065
1778 1778 1026 Worker 320293887
1779 1779 1026 Worker 269405151
1780 1780 1026 Worker 490089021
1781 1781 1026 Worker 155323464
1782 1782 1026 Worker 446523981
1783 1783 1026 Worker 152633814
1784 1784 1026 Worker 609828449
1785 1785 1026 Worker 617397326
1786 1786 1026 Worker 336723272
1787 1787 1026 Worker 754184935
1788 1788 1026 Worker 130101690
1789 1789 1026 Worker 966333779
1790 1790 1026 Worker 870598481
1791 1791 1026 Worker 923741830
1792 1792 1026 Worker 681851512
1793 1793 1026 Worker 656540459
1794 1794 1026 Worker 148423222
1795 1795 1026 Worker 186657285
1796 1796 1026 Worker 800864588
1797 1797 1026 Worker 527132282
1798 1798 1026 Worker 820074984
1799 1799 1026 Worker 668586418
1800 1800 1026 Worker 156282560
1801 1801 1026 Worker 747078199
1802 1802 1026 Worker 169648473
1803 1803 1026 Worker 310223067
1804 1804 1026 Worker 215662987
1805 1805 1026 Worker 845921237
1806 1806 1026 Worker 987205608
1807 1807 1026 Worker 773540345
1808 1808 1026 Worker 731406261
1809 1809 1026 Worker 745592796
1810 1810 1026 Worker 767192156
1811 1811 1026 Worker 692731965
1812 1812 1026 Worker 778564726
1813 1813 1026 Worker 770205730
1814 1814 1026 Worker 760768665
1815 1815 1026 Worker 971574266
1816 1816 1026 Worker 34495945
1817 1817 1026 Worker 702514159
1818 1818 1026 Worker 748934938
1819 1819 1026 Worker 578177624
1820 1820 1026 Worker 942223092
1821 1821 1026 Worker 809181001
1822 1822 1026 Worker 463974421
1823 1823 1026 Worker 187975961
1824 1824 1026 Worker 118163127
1825 1825 1026 Worker 927378085
1826 1826 1026 Worker 991105659
1827 1827 1026 Worker 918953034
1828 1828 1026 Worker 882058921
1829 1829 1026 Worker 582567254
1830 1830 1026 Worker 196751189
1831 1831 1026 Worker 106577964
1832 1832 1026 Worker 189113162
1833 1833 1026 Worker 897230712
1834 1834 1026 Worker 670808431
1835 1835 1026 Worker 584212402
1836 1836 1026 Worker 564735171
1837 1837 1026 Worker 701805513
1838 1838 1026 Worker 330002347
1839 1839 1026 Worker 761059858
1840 1840 1026 Worker 645564289
1841 1841 1026 Worker 859534386
1842 1842 1026 Worker 705971133
1843 1843 1026 Worker 78881642
1844 1844 1026 Worker 829866477
1845 1845 1026 Worker 446963349
1846 1846 1026 Worker 334993447
1847 1847 1026 Worker 978288686
1848 1848 1026 Worker 228295928
1849 1849 1026 Worker 355494101
1850 1850 1026 Worker 629334307
1851 1851 1026 Worker 557402130
1852 1852 1026 Worker 878947599
1853 1853 1026 Worker 802479805
1854 1854 1026 Worker 847418688
1855 1855 1026 Worker 148174488
1856 1856 1026 Worker 833047048
1857 1857 1026 Worker 534673995
1858 1858 1026 Worker 965073262
1859 1859 1026 Worker 959493517
1860 1860 1026 Worker 37108393
1861 1861 1026 Worker 99285586
1862 1862 1026 Worker 232447921
1863 1863 1026 Worker 847055847
1864 1864 1026 Worker 680269102
1865 1865 1026 Worker 758957877
1866 1866 1026 Worker 792033504
1867 1867 1026 Worker 879229835
1868 1868 1026 Worker 559585151
1869 1869 1026 Worker 269271491
1870 1870 1026 Worker 73199937
1871 1871 1026 Worker 923201200
1872 1872 1026 Worker 623465715
1873 1873 1026 Worker 239554495
1874 1874 1026 Worker 868382034
1875 1875 1026 Worker 979137302
1876 1876 1026 Worker 501480312
1877 1877 1026 Worker 787988215
1878 1878 1026 Worker 984528586
1879 1879 1026 Worker 319114843
1880 1880 1026 Worker 408552194
1881 1881 1026 Worker 365422740
1882 1882 1026 Worker 513351588
1883 1883 1026 Worker 39896559
1884 1884 1026 Worker 518732706
1885 1885 1026 Worker 54662041
1886 1886 1026 Worker 541366725
1887 1887 1026 Worker 923018600
1888 1888 1026 Worker 958643099
1889 1889 1026 Worker 806501496
1890 1890 1026 Worker 938587442
1891 1891 1026 Worker 920513450
1892 1892 1026 Worker 992774950
1893 1893 1026 Worker 539677351
1894 1894 1026 Worker 305482679
1895 1895 1026 Worker 593843520
1896 1896 1026 Worker 606274893
1897 1897 1026 Worker 477214049
1898 1898 1026 Worker 342756898
1899 1899 1026 Worker 627304541
1900 1900 1026 Worker 582453326
1901 1901 1026 Worker 87686742
1902 1902 1026 Worker 463224388
1903 1903 1026 Worker 516184618
1904 1904 1026 Worker 433196948
1905 1905 1026 Worker 511639341
1906 1906 1026 Worker 371978406
1907 1907 1026 Worker 593390634
1908 1908 1026 Worker 516723605
1909 1909 1026 Worker 881905724
1910 1910 1026 Worker 555077892
1911 1911 1026 Worker 712270611
1912 1912 1026 Worker 114618823
1913 1913 1026 Worker 787948166
1914 1914 1026 Worker 310721700
1915 1915 1026 Worker 357309668
1916 1916 1026 Worker 691902094
1917 1917 1026 Worker 194501490
1918 1918 1026 Worker 336477599
1919 1919 1026 Worker 256632067
1920 1920 1026 Worker 283053272
1921 1921 1026 Worker 491739737
1922 1922 1026 Worker 541497191
1923 1923 1026 Worker 383648826
1924 1924 1026 Worker 487018335
1925 1925 1026 Worker 437115003
1926 1926 1026 Worker 325903449
1927 1927 1026 Worker 398667121
1928 1928 1026 Worker 637850636
1929 1929 1026 Worker 20917153
1930 1930 1026 Worker 267500929
1931 1931 1026 Worker 288856912
1932 1932 1026 Worker 984073521
1933 1933 1026 Worker 122666839
1934 1934 1026 Worker 849759935
1935 1935 1026 Worker 844054344
1936 1936 1026 Worker 90356024
1937 1937 1026 Worker 270449175
1938 1938 1026 Worker 375559874
1939 1939 1026 Worker 413791871
1940 1940 1026 Worker 246717327
1941 1941 1026 Worker 405127873
1942 1942 1026 Worker 914901339
1943 1943 1026 Worker 608752769
1944 1944 1026 Worker 706414603
1945 1945 1026 Worker 687135672
1946 1946 1026 Worker 730606620
1947 1947 1026 Worker 111310541
1948 1948 1026 Worker 87981748
1949 1949 1026 Worker 837232796
1950 1950 1026 Worker 379166809
1951 1951 1026 Worker 116243088
1952 1952 1026 Worker 91887530
1953 1953 1026 Worker 571990812
1954 1954 1026 Worker 708627470
1955 1955 1026 Worker 10320204
1956 1956 1026 Worker 404902849
1957 1957 1026 Worker 754595208
1958 1958 1026 Worker 564134884
1959 1959 1026 Worker 536630404
1960 1960 1026 Worker 563685903
1961 1961 1026 Worker 847350318
1962 1962 1026 Worker 784263908
1963 1963 1026 Worker 223636770
1964 1964 1026 Worker 895914693
1965 1965 1026 Worker 993551317
1966 1966 1026 Worker 5584309
1967 1967 1026 Worker 249926321
1968 1968 1026 Worker 731439802
1969 1969 1026 Worker 465295236
1970 1970 1026 Worker 780755378
1971 1971 1026 Worker 844125434
1972 1972 1026 Worker 795844154
1973 1973 1026 Worker 271909384
1974 1974 1026 Worker 314498492
1975 1975 1026 Worker 237810755
1976 1976 1026 Worker 206186115
1977 1977 1026 Worker 448883598
1978 1978 1026 Worker 39307548
1979 1979 1026 Worker 806430415
1980 1980 1026 Worker 760003063
1981 1981 1026 Worker 325630498
1982 1982 1026 Worker 342865707
1983 1983 1026 Worker 377915361
1984 1984 1026 Worker 469660567
1985 1985 1026 Worker 718669377
1986 1986 1026 Worker 442136275
1987 1987 1026 Worker 547088352
1988 1988 1026 Worker 5230269
1989 1989 1026 Worker 516809247
1990 1990 1026 Worker 296775785
1991 1991 1026 Worker 409573905
1992 1992 1026 Worker 676041586
1993 1993 1026 Worker 366179572
1994 1994 1026 Worker 31537595
1995 1995 1026 Worker 382173461
1996 1996 1026 Worker 144446289
1997 1997 1026 Worker 451345100
1998 1998 1026 Worker 93467169
1999 1999 1026 Worker 438777354
2000 2000 1026 Worker 27429219
2001 2001 1026 Worker 574301298
2002 2002 1026 Worker 536953418
2003 2003 1026 Worker 620737814
2004 2004 1026 Worker 122920188
2005 2005 1026 Worker 784396559
2006 2006 1026 Worker 796429708
2007 2007 1026 Worker 771675495
2008 2008 1026 Worker 764298986
2009 2009 1026 Worker 324470547
2010 2010 1026 Worker 587092771
2011 2011 1026 Worker 531177990
2012 2012 1026 Worker 996864338
2013 2013 1026 Worker 94874183
2014 2014 1026 Worker 720421422
2015 2015 1026 Worker 1710745
2016 2016 1026 Worker 428069263
2017 2017 1026 Worker 815090790
2018 2018 1026 Worker 106944166
2019 2019 1026 Worker 594012404
2020 2020 1026 Worker 395307346
2021 2021 1026 Worker 731115804
2022 2022 1026 Worker 949341655
2023 2023 1026 Worker 813931500
2024 2024 1026 Worker 145838995
2025 2025 1026 Worker 614374512
2026 2026 1026 Worker 724003950
2027 2027 1026 Worker 893543098
2028 2028 1026 Worker 941984532
2029 2029 1026 Worker 720549754
2030 2030 1026 Worker 515228441
2031 2031 1026 Worker 182618154
2032 2032 1026 Worker 720228979
2033 2033 1026 Worker 888408775
2034 2034 1026 Worker 568238624
2035 2035 1026 Worker 382003070
2036 2036 1026 Worker 173801646
2037 2037 1026 Worker 401246511
2038 2038 1026 Worker 856982063
2039 2039 1026 Worker 954470270
2040 2040 1026 Worker 638550911
2041 2041 1026 Worker 511927437
2042 2042 1026 Worker 81666816
2043 2043 1026 Worker 153079510
2044 2044 1026 Worker 756096441
2045 2045 1026 Worker 653359442
2046 2046 1026 Worker 154642685
2047 2047 1026 Worker 258496546
