0 0 -1 Splicer 986386253
1 1 0 Worker 856484599
2 2 -1 PersistentDB 295813546
3 3 -1 InMemoryDB 64156413
4 4 -1 WorkManager 298479078
5 5 4 Worker 32649450
6 6 4 Worker 91584824
7 7 4 Worker 636203512
8 8 4 Worker 742722957
9 9 4 Worker 10075642
10 10 4 Worker 693858487
11 11 4 Worker 393790817
12 12 4 Worker 849918806
13 13 4 Worker 349256189
14 14 4 Worker 63351216
15 15 4 Worker 585176527
16 16 4 Worker 95231336
17 17 4 Worker 236361271
18 18 4 Worker 365740078
19 19 4 Worker 912569579
20 20 4 Worker 62320789
21 21 4 Worker 930205085
22 22 4 Worker 528355739
23 23 4 Worker 432786495
24 24 4 Worker 728567858
25 25 4 Worker 373979484
26 26 4 Worker 532355484
27 27 4 Worker 802259640
28 28 4 Worker 81686273
29 29 4 Worker 9126321
30 30 4 Worker 896022131
31 31 4 Worker 596356085
32 32 4 Worker 284262690
33 33 4 Worker 243907550
34 34 4 Worker 523709962
35 35 4 Worker 8502628
36 36 4 Worker 469952278
37 37 4 Worker 492877135
38 38 4 Worker 427184319
39 39 4 Worker 620847125
40 40 4 Worker 757827962
41 41 4 Worker 756425812
42 42 4 Worker 720132755
43 43 4 Worker 907943518
44 44 4 Worker 582400771
45 45 4 Worker 133588104
46 46 4 Worker 852566323
47 47 4 Worker 816198468
48 48 4 Worker 30728936
49 49 4 Worker 547811915
50 50 4 Worker 754814924
51 51 4 Worker 244996776
52 52 4 Worker 475585160
53 53 4 Worker 914732643
54 54 4 Worker 834566902
55 55 4 Worker 107011785
56 56 4 Worker 797911192
57 57 4 Worker 127649020
58 58 4 Worker 849805439
59 59 4 Worker 627046216
60 60 4 Worker 749266953
61 61 4 Worker 638102597
62 62 4 Worker 326546084
63 63 4 Worker 296717860
64 64 4 Worker 282373262
65 65 4 Worker 461540866
66 66 4 Worker 58526088
67 67 4 Worker 838218446
68 68 4 Worker 934758594
69 69 4 Worker 207277328
70 70 4 Worker 544449555
71 71 4 Worker 700052698
72 72 4 Worker 641111113
73 73 4 Worker 130602903
74 74 4 Worker 393163180
75 75 4 Worker 177137471
76 76 4 Worker 3174713
77 77 4 Worker 980721686
78 78 4 Worker 132165763
79 79 4 Worker 596511014
80 80 4 Worker 725335098
81 81 4 Worker 272147079
82 82 4 Worker 535082862
83 83 4 Worker 786342984
84 84 4 Worker 533440753
85 85 4 Worker 388988371
86 86 4 Worker 813682486
87 87 4 Worker 508539191
88 88 4 Worker 456570637
89 89 4 Worker 793793308
90 90 4 Worker 289944056
91 91 4 Worker 906307040
92 92 4 Worker 431022373
93 93 4 Worker 497281753
94 94 4 Worker 273236045
95 95 4 Worker 854567959
96 96 4 Worker 455042694
97 97 4 Worker 418306253
98 98 4 Worker 493240749
99 99 4 Worker 865271349
100 100 4 Worker 41172824
101 101 4 Worker 82598631
102 102 4 Worker 590868896
103 103 4 Worker 426660576
104 104 4 Worker 970061988
105 105 4 Worker 266714964
106 106 4 Worker 632309945
107 107 4 Worker 170806238
108 108 4 Worker 94655544
109 109 4 Worker 151310346
110 110 4 Worker 252817797
111 111 4 Worker 447641803
112 112 4 Worker 174444358
113 113 4 Worker 883067332
114 114 4 Worker 100294159
115 115 4 Worker 508074456
116 116 4 Worker 269473867
117 117 4 Worker 273228649
118 118 4 Worker 341569491
119 119 4 Worker 316022253
120 120 4 Worker 547739663
121 121 4 Worker 200744444
122 122 4 Worker 951328411
123 123 4 Worker 193478389
124 124 4 Worker 235499414
125 125 4 Worker 47252156
126 126 4 Worker 464002049
127 127 4 Worker 306247022
128 128 4 Worker 768956883
129 129 4 Worker 125347024
130 130 4 Worker 990644967
131 131 4 Worker 50754661
132 132 4 Worker 434718646
133 133 4 Worker 738718737
134 134 4 Worker 267683645
135 135 4 Worker 998661946
136 136 4 Worker 459477362
137 137 4 Worker 559778490
138 138 4 Worker 773157434
139 139 4 Worker 631746080
140 140 4 Worker 422516314
141 141 4 Worker 93463127
142 142 4 Worker 180183649
143 143 4 Worker 936884480
144 144 4 Worker 697088344
145 145 4 Worker 663564578
146 146 4 Worker 160717443
147 147 4 Worker 605658404
148 148 4 Worker 672826824
149 149 4 Worker 495667840
150 150 4 Worker 152520605
151 151 4 Worker 296528210
152 152 4 Worker 748419392
153 153 4 Worker 97553085
154 154 4 Worker 892363947
155 155 4 Worker 617293908
156 156 4 Worker 877163429
157 157 4 Worker 149319393
158 158 4 Worker 547164009
159 159 4 Worker 515228400
160 160 4 Worker 746296665
161 161 4 Worker 853417082
162 162 4 Worker 744374389
163 163 4 Worker 337632825
164 164 4 Worker 790762051
165 165 4 Worker 668886660
166 166 4 Worker 625045883
167 167 4 Worker 458531639
168 168 4 Worker 988750846
169 169 4 Worker 486113124
170 170 4 Worker 397891346
171 171 4 Worker 662676991
172 172 4 Worker 59313596
173 173 4 Worker 967219970
174 174 4 Worker 600744388
175 175 4 Worker 242028164
176 176 4 Worker 27247339
177 177 4 Worker 924295136
178 178 4 Worker 999372013
179 179 4 Worker 705658017
180 180 4 Worker 160912676
181 181 4 Worker 702537246
182 182 4 Worker 529289010
183 183 4 Worker 965300346
184 184 4 Worker 374761913
185 185 4 Worker 979762702
186 186 4 Worker 295028438
187 187 4 Worker 806821001
188 188 4 Worker 96209234
189 189 4 Worker 919555968
190 190 4 Worker 174486624
191 191 4 Worker 46992168
192 192 4 Worker 399676413
193 193 4 Worker 774066646
194 194 4 Worker 9598187
195 195 4 Worker 211314722
196 196 4 Worker 326852767
197 197 4 Worker 210510382
198 198 4 Worker 655411798
199 199 4 Worker 11332273
200 200 4 Worker 972707591
201 201 4 Worker 981042573
202 202 4 Worker 196072196
203 203 4 Worker 370923772
204 204 4 Worker 295159242
205 205 4 Worker 396508665
206 206 4 Worker 521589607
207 207 4 Worker 487218347
208 208 4 Worker 605972313
209 209 4 Worker 915810403
210 210 4 Worker 749012288
211 211 4 Worker 149145560
212 212 4 Worker 356731672
213 213 4 Worker 235912535
214 214 4 Worker 173325212
215 215 4 Worker 454530921
216 216 4 Worker 184119105
217 217 4 Worker 575371419
218 218 4 Worker 240498137
219 219 4 Worker 640069280
220 220 4 Worker 761306419
221 221 4 Worker 141588765
222 222 4 Worker 485392019
223 223 4 Worker 711603614
224 224 4 Worker 899799200
225 225 4 Worker 226635075
226 226 4 Worker 105723499
227 227 4 Worker 139109787
228 228 4 Worker 232473535
229 229 4 Worker 187220837
230 230 4 Worker 118416115
231 231 4 Worker 777534078
232 232 4 Worker 960383061
233 233 4 Worker 723004961
234 234 4 Worker 534702181
235 235 4 Worker 517077362
236 236 4 Worker 393989222
237 237 4 Worker 709926837
238 238 4 Worker 290745014
239 239 4 Worker 999708482
240 240 4 Worker 728965904
241 241 4 Worker 181546638
242 242 4 Worker 642927012
243 243 4 Worker 299597030
244 244 4 Worker 438263687
245 245 4 Worker 72331737
246 246 4 Worker 99695648
247 247 4 Worker 884528298
248 248 4 Worker 340001262
249 249 4 Worker 644047285
250 250 4 Worker 303102492
251 251 4 Worker 678411877
252 252 4 Worker 191237433
253 253 4 Worker 407174653
254 254 4 Worker 159125481
255 255 4 Worker 564919438
256 256 4 Worker 162272148
257 257 4 Worker 351818186
258 258 4 Worker 641543331
259 259 4 Worker 785732678
260 260 4 Worker 499252302
261 261 4 Worker 318638335
262 262 4 Worker 102526560
263 263 4 Worker 460409892
264 264 4 Worker 202045071
265 265 4 Worker 846479723
266 266 4 Worker 968683100
267 267 4 Worker 898162949
268 268 4 Worker 552721445
269 269 4 Worker 179253692
270 270 4 Worker 68454003
271 271 4 Worker 1497939
272 272 4 Worker 887411353
273 273 4 Worker 821343683
274 274 4 Worker 349354234
275 275 4 Worker 918386799
276 276 4 Worker 901559773
277 277 4 Worker 310053814
278 278 4 Worker 751411442
279 279 4 Worker 958307860
280 280 4 Worker 938209641
281 281 4 Worker 982073887
282 282 4 Worker 122763859
283 283 4 Worker 499320261
284 284 4 Worker 733097809
285 285 4 Worker 921374910
286 286 4 Worker 33276954
287 287 4 Worker 375939515
288 288 4 Worker 773312110
289 289 4 Worker 324195064
290 290 4 Worker 149359384
291 291 4 Worker 958336857
292 292 4 Worker 443548547
293 293 4 Worker 507708445
294 294 4 Worker 809347860
295 295 4 Worker 184739798
296 296 4 Worker 854789514
297 297 4 Worker 672107273
298 298 4 Worker 893490739
299 299 4 Worker 454047347
300 300 4 Worker 265445622
301 301 4 Worker 178170046
302 302 4 Worker 843553377
303 303 4 Worker 563959148
304 304 4 Worker 628551000
305 305 4 Worker 79222640
306 306 4 Worker 129068624
307 307 4 Worker 360512765
308 308 4 Worker 371888307
309 309 4 Worker 905895796
310 310 4 Worker 957882001
311 311 4 Worker 663602181
312 312 4 Worker 530984620
313 313 4 Worker 15527784
314 314 4 Worker 278488786
315 315 4 Worker 922510029
316 316 4 Worker 820909267
317 317 4 Worker 372934110
318 318 4 Worker 363298562
319 319 4 Worker 436479972
320 320 4 Worker 511178940
321 321 4 Worker 999187487
322 322 4 Worker 797202677
323 323 4 Worker 10019768
324 324 4 Worker 200526517
325 325 4 Worker 747659620
326 326 4 Worker 961492856
327 327 4 Worker 701340166
328 328 4 Worker 582814474
329 329 4 Worker 803212275
330 330 4 Worker 461637521
331 331 4 Worker 290985539
332 332 4 Worker 592818365
333 333 4 Worker 73925378
334 334 4 Worker 78463164
335 335 4 Worker 925731288
336 336 4 Worker 892883285
337 337 4 Worker 833996468
338 338 4 Worker 812700483
339 339 4 Worker 656240475
340 340 4 Worker 405759533
341 341 4 Worker 305245742
342 342 4 Worker 150997921
343 343 4 Worker 334935944
344 344 4 Worker 823054046
345 345 4 Worker 925979330
346 346 4 Worker 280769579
347 347 4 Worker 788209086
348 348 4 Worker 908471709
349 349 4 Worker 377485626
350 350 4 Worker 503363821
351 351 4 Worker 127972785
352 352 4 Worker 170012158
353 353 4 Worker 35688539
354 354 4 Worker 343675633
355 355 4 Worker 664158702
356 356 4 Worker 962495464
357 357 4 Worker 408832230
358 358 4 Worker 850996953
359 359 4 Worker 271680716
360 360 4 Worker 609014733
361 361 4 Worker 536798622
362 362 4 Worker 132049949
363 363 4 Worker 526144950
364 364 4 Worker 58892638
365 365 4 Worker 632742166
366 366 4 Worker 266155856
367 367 4 Worker 361531438
368 368 4 Worker 712603544
369 369 4 Worker 902349625
370 370 4 Worker 831731147
371 371 4 Worker 997987762
372 372 4 Worker 893054076
373 373 4 Worker 497638463
374 374 4 Worker 442035003
375 375 4 Worker 820836133
376 376 4 Worker 19407
377 377 4 Worker 803386500
378 378 4 Worker 66557439
379 379 4 Worker 317986773
380 380 4 Worker 398373942
381 381 4 Worker 173155917
382 382 4 Worker 586555487
383 383 4 Worker 806073702
384 384 4 Worker 422418661
385 385 4 Worker 85560187
386 386 4 Worker 806223818
387 387 4 Worker 400509249
388 388 4 Worker 899448323
389 389 4 Worker 378104353
390 390 4 Worker 883021138
391 391 4 Worker 429080237
392 392 4 Worker 172746542
393 393 4 Worker 27907537
394 394 4 Worker 656515693
395 395 4 Worker 656079354
396 396 4 Worker 881508898
397 397 4 Worker 67065196
398 398 4 Worker 662974567
399 399 4 Worker 387269705
400 400 4 Worker 895323279
401 401 4 Worker 416296782
402 402 4 Worker 486985218
403 403 4 Worker 941877703
404 404 4 Worker 309309419
405 405 4 Worker 442068520
406 406 4 Worker 880272583
407 407 4 Worker 48861087
408 408 4 Worker 57058528
409 409 4 Worker 223364724
410 410 4 Worker 370684577
411 411 4 Worker 524402701
412 412 4 Worker 949365520
413 413 4 Worker 128189980
414 414 4 Worker 677368291
415 415 4 Worker 231330389
416 416 4 Worker 923242954
417 417 4 Worker 445898898
418 418 4 Worker 66797833
419 419 4 Worker 278723549
420 420 4 Worker 946829564
421 421 4 Worker 107642975
422 422 4 Worker 847084335
423 423 4 Worker 434825818
424 424 4 Worker 26460251
425 425 4 Worker 795559858
426 426 4 Worker 54532787
427 427 4 Worker 89249196
428 428 4 Worker 245510520
429 429 4 Worker 410813306
430 430 4 Worker 177011671
431 431 4 Worker 673124233
432 432 4 Worker 846000778
433 433 4 Worker 369871414
434 434 4 Worker 782879913
435 435 4 Worker 411761541
436 436 4 Worker 82308985
437 437 4 Worker 930078591
438 438 4 Worker 895558296
439 439 4 Worker 110966817
440 440 4 Worker 13766428
441 441 4 Worker 965633244
442 442 4 Worker 30059059
443 443 4 Worker 895614819
444 444 4 Worker 285333596
445 445 4 Worker 690564909
446 446 4 Worker 765118673
447 447 4 Worker 872538008
448 448 4 Worker 667740758
449 449 4 Worker 1969488
450 450 4 Worker 336231738
451 451 4 Worker 237164551
452 452 4 Worker 635131233
453 453 4 Worker 372050120
454 454 4 Worker 53501007
455 455 4 Worker 901219310
456 456 4 Worker 324705935
457 457 4 Worker 396833781
458 458 4 Worker 965292297
459 459 4 Worker 443437037
460 460 4 Worker 352862095
461 461 4 Worker 32911401
462 462 4 Worker 196847764
463 463 4 Worker 94051999
464 464 4 Worker 296090755
465 465 4 Worker 498183383
466 466 4 Worker 692524579
467 467 4 Worker 112956607
468 468 4 Worker 653433570
469 469 4 Worker 156917648
470 470 4 Worker 579237260
471 471 4 Worker 89669900
472 472 4 Worker 378399975
473 473 4 Worker 842904304
474 474 4 Worker 281528601
475 475 4 Worker 180046731
476 476 4 Worker 896707763
477 477 4 Worker 338693715
478 478 4 Worker 189574203
479 479 4 Worker 287162424
480 480 4 Worker 764454170
481 481 4 Worker 63177936
482 482 4 Worker 212347367
483 483 4 Worker 325043841
484 484 4 Worker 509063814
485 485 4 Worker 86560661
486 486 4 Worker 34567263
487 487 4 Worker 372667663
488 488 4 Worker 577332944
489 489 4 Worker 215922505
490 490 4 Worker 386106563
491 491 4 Worker 285892044
492 492 4 Worker 493034157
493 493 4 Worker 411651862
494 494 4 Worker 915394461
495 495 4 Worker 830272776
496 496 4 Worker 364375545
497 497 4 Worker 532888001
498 498 4 Worker 812561864
499 499 4 Worker 100368078
500 500 4 Worker 55246400
501 501 4 Worker 382246824
502 502 4 Worker 56309020
503 503 4 Worker 18213324
504 504 4 Worker 460364441
505 505 4 Worker 140257266
506 506 4 Worker 947020564
507 507 4 Worker 937667359
508 508 4 Worker 113097698
509 509 4 Worker 393537796
510 510 4 Worker 315849881
511 511 4 Worker 603338307
