0 0 -1 Splicer 564120506
1 1 0 Worker 809888382
2 2 -1 PersistentDB 426765596
3 3 -1 InMemoryDB 875788280
4 4 -1 WorkManager 667998164
5 5 4 Worker 573007254
6 6 4 Worker 638369713
7 7 4 Worker 198220835
8 8 4 Worker 950176407
9 9 4 Worker 673817995
10 10 4 Worker 581141389
11 11 4 Worker 356692658
12 12 4 Worker 989700981
13 13 4 Worker 861846586
14 14 4 Worker 802373750
15 15 4 Worker 552970344
16 16 4 Worker 976489198
17 17 4 Worker 565790723
18 18 4 Worker 932647792
19 19 4 Worker 454874003
20 20 4 Worker 111343029
21 21 4 Worker 513811393
22 22 4 Worker 666545748
23 23 4 Worker 531218059
24 24 4 Worker 29626452
25 25 4 Worker 192381302
26 26 4 Worker 855676557
27 27 4 Worker 953570301
28 28 4 Worker 479173508
29 29 4 Worker 842907644
30 30 4 Worker 392887906
31 31 4 Worker 368277881
32 32 4 Worker 756026629
33 33 4 Worker 746287712
34 34 4 Worker 889938346
35 35 4 Worker 476554909
36 36 4 Worker 574513960
37 37 4 Worker 904422191
38 38 4 Worker 282090698
39 39 4 Worker 949994623
40 40 4 Worker 23239171
41 41 4 Worker 146890739
42 42 4 Worker 996898679
43 43 4 Worker 721395403
44 44 4 Worker 954998421
45 45 4 Worker 44822183
46 46 4 Worker 251865025
47 47 4 Worker 452956594
48 48 4 Worker 338795359
49 49 4 Worker 548510371
50 50 4 Worker 638618954
51 51 4 Worker 155834617
52 52 4 Worker 85139608
53 53 4 Worker 678513782
54 54 4 Worker 407693909
55 55 4 Worker 565308656
56 56 4 Worker 193344356
57 57 4 Worker 634453948
58 58 4 Worker 439693927
59 59 4 Worker 372677969
60 60 4 Worker 782817050
61 61 4 Worker 753213715
62 62 4 Worker 893341403
63 63 4 Worker 162701360
64 64 4 Worker 450764064
65 65 4 Worker 956544419
66 66 4 Worker 103028651
67 67 4 Worker 851578014
68 68 4 Worker 100055384
69 69 4 Worker 21948816
70 70 4 Worker 932492914
71 71 4 Worker 462723448
72 72 4 Worker 703958147
73 73 4 Worker 907820344
74 74 4 Worker 437673745
75 75 4 Worker 859341071
76 76 4 Worker 921978041
77 77 4 Worker 224851298
78 78 4 Worker 120560878
79 79 4 Worker 687978912
80 80 4 Worker 839800103
81 81 4 Worker 238261807
82 82 4 Worker 434112766
83 83 4 Worker 948261700
84 84 4 Worker 131840136
85 85 4 Worker 556405995
86 86 4 Worker 51092938
87 87 4 Worker 977015661
88 88 4 Worker 244236713
89 89 4 Worker 679982546
90 90 4 Worker 908976556
91 91 4 Worker 8934184
92 92 4 Worker 585880568
93 93 4 Worker 271797286
94 94 4 Worker 318936820
95 95 4 Worker 987291770
96 96 4 Worker 820093867
97 97 4 Worker 333736370
98 98 4 Worker 432707251
99 99 4 Worker 339143706
100 100 4 Worker 868640751
101 101 4 Worker 667140056
102 102 4 Worker 653897228
103 103 4 Worker 887301446
104 104 4 Worker 28761169
105 105 4 Worker 875827136
106 106 4 Worker 956582768
107 107 4 Worker 892693717
108 108 4 Worker 251926465
109 109 4 Worker 20000012
110 110 4 Worker 659074164
111 111 4 Worker 768165579
112 112 4 Worker 414409258
113 113 4 Worker 816395579
114 114 4 Worker 200024874
115 115 4 Worker 384840216
116 116 4 Worker 994889481
117 117 4 Worker 365762434
118 118 4 Worker 352187786
119 119 4 Worker 923278131
120 120 4 Worker 701073259
121 121 4 Worker 659672616
122 122 4 Worker 154619810
123 123 4 Worker 193669949
124 124 4 Worker 805903823
125 125 4 Worker 668792878
126 126 4 Worker 801424184
127 127 4 Worker 916818262
128 128 4 Worker 56555911
129 129 4 Worker 498642652
130 130 4 Worker 513610457
131 131 4 Worker 656548110
132 132 4 Worker 41255689
133 133 4 Worker 711108105
134 134 4 Worker 334027633
135 135 4 Worker 787681371
136 136 4 Worker 39124346
137 137 4 Worker 387768985
138 138 4 Worker 423216561
139 139 4 Worker 364240319
140 140 4 Worker 455701194
141 141 4 Worker 564295722
142 142 4 Worker 861827605
143 143 4 Worker 833561964
144 144 4 Worker 457185222
145 145 4 Worker 334379679
146 146 4 Worker 27163250
147 147 4 Worker 47587957
148 148 4 Worker 805913934
149 149 4 Worker 934014078
150 150 4 Worker 725413484
151 151 4 Worker 349490888
152 152 4 Worker 178116507
153 153 4 Worker 934741517
154 154 4 Worker 766432154
155 155 4 Worker 849693955
156 156 4 Worker 708960740
157 157 4 Worker 271394839
158 158 4 Worker 693012817
159 159 4 Worker 745827389
160 160 4 Worker 671142030
161 161 4 Worker 742838052
162 162 4 Worker 696343196
163 163 4 Worker 462905877
164 164 4 Worker 151207442
165 165 4 Worker 175886155
166 166 4 Worker 792185617
167 167 4 Worker 268158676
168 168 4 Worker 580791575
169 169 4 Worker 867234066
170 170 4 Worker 171189655
171 171 4 Worker 776296534
172 172 4 Worker 647325700
173 173 4 Worker 969462178
174 174 4 Worker 436424316
175 175 4 Worker 501952502
176 176 4 Worker 790397357
177 177 4 Worker 271129806
178 178 4 Worker 559663862
179 179 4 Worker 629310830
180 180 4 Worker 921795279
181 181 4 Worker 17912334
182 182 4 Worker 942828967
183 183 4 Worker 342306482
184 184 4 Worker 487814225
185 185 4 Worker 330094292
186 186 4 Worker 822545478
187 187 4 Worker 657681645
188 188 4 Worker 470428870
189 189 4 Worker 199041708
190 190 4 Worker 509971839
191 191 4 Worker 748622723
192 192 4 Worker 660152409
193 193 4 Worker 980378794
194 194 4 Worker 416637174
195 195 4 Worker 878769729
196 196 4 Worker 817344307
197 197 4 Worker 460214955
198 198 4 Worker 859663543
199 199 4 Worker 652193490
200 200 4 Worker 864139018
201 201 4 Worker 70237482
202 202 4 Worker 938816878
203 203 4 Worker 260533723
204 204 4 Worker 829542099
205 205 4 Worker 798486148
206 206 4 Worker 281378408
207 207 4 Worker 847594414
208 208 4 Worker 250315605
209 209 4 Worker 806888255
210 210 4 Worker 782039738
211 211 4 Worker 582968516
212 212 4 Worker 744086329
213 213 4 Worker 117331449
214 214 4 Worker 679364340
215 215 4 Worker 207621352
216 216 4 Worker 571606085
217 217 4 Worker 446404266
218 218 4 Worker 459398769
219 219 4 Worker 920266724
220 220 4 Worker 660176424
221 221 4 Worker 756479381
222 222 4 Worker 76680757
223 223 4 Worker 315097090
224 224 4 Worker 819899930
225 225 4 Worker 53562142
226 226 4 Worker 33988704
227 227 4 Worker 295812105
228 228 4 Worker 204871137
229 229 4 Worker 950009093
230 230 4 Worker 884351625
231 231 4 Worker 368652610
232 232 4 Worker 434500659
233 233 4 Worker 745299726
234 234 4 Worker 67649846
235 235 4 Worker 971309218
236 236 4 Worker 637416027
237 237 4 Worker 431817907
238 238 4 Worker 222486869
239 239 4 Worker 800130058
240 240 4 Worker 892526087
241 241 4 Worker 95772389
242 242 4 Worker 622448332
243 243 4 Worker 681135470
244 244 4 Worker 122995744
245 245 4 Worker 352662806
246 246 4 Worker 844120227
247 247 4 Worker 780726577
248 248 4 Worker 189939599
249 249 4 Worker 271017435
250 250 4 Worker 630289250
251 251 4 Worker 972880256
252 252 4 Worker 799872729
253 253 4 Worker 856467617
254 254 4 Worker 477624617
255 255 4 Worker 243177742
