0 0 -1 Splicer 499393346
1 1 0 Worker 147102594
2 2 -1 PersistentDB 131304354
3 3 -1 InMemoryDB 394077591
4 4 -1 WorkManager 118866991
5 5 4 Worker 326258193
6 6 4 Worker 373955191
7 7 4 Worker 360564007
8 8 4 Worker 548169234
9 9 4 Worker 311107889
10 10 4 Worker 629546507
11 11 4 Worker 319893951
12 12 4 Worker 320901405
13 13 4 Worker 352359336
14 14 4 Worker 266932903
15 15 4 Worker 31305650
16 16 4 Worker 815770299
17 17 4 Worker 662392909
18 18 4 Worker 278358740
19 19 4 Worker 697672564
20 20 4 Worker 797688869
21 21 4 Worker 750515440
22 22 4 Worker 589071131
23 23 4 Worker 527129865
24 24 4 Worker 984389647
25 25 4 Worker 999134358
26 26 4 Worker 223572704
27 27 4 Worker 295637814
28 28 4 Worker 390632658
29 29 4 Worker 766041499
30 30 4 Worker 56766583
31 31 4 Worker 498074039
32 32 4 Worker 476202535
33 33 4 Worker 868787144
34 34 4 Worker 869177494
35 35 4 Worker 722350523
36 36 4 Worker 20598762
37 37 4 Worker 956954602
38 38 4 Worker 399068239
39 39 4 Worker 247948255
40 40 4 Worker 272560542
41 41 4 Worker 933797102
42 42 4 Worker 918590949
43 43 4 Worker 571385916
44 44 4 Worker 171034669
45 45 4 Worker 669443240
46 46 4 Worker 207470916
47 47 4 Worker 964582447
48 48 4 Worker 473887113
49 49 4 Worker 530824389
50 50 4 Worker 488912911
51 51 4 Worker 998836703
52 52 4 Worker 310650030
53 53 4 Worker 510483185
54 54 4 Worker 747793232
55 55 4 Worker 621057053
56 56 4 Worker 572334143
57 57 4 Worker 878569205
58 58 4 Worker 426662098
59 59 4 Worker 582515112
60 60 4 Worker 120237701
61 61 4 Worker 902416119
62 62 4 Worker 262155219
63 63 4 Worker 694389623
64 64 4 Worker 599624280
65 65 4 Worker 687549690
66 66 4 Worker 779163040
67 67 4 Worker 469911887
68 68 4 Worker 730321060
69 69 4 Worker 665985171
70 70 4 Worker 629000868
71 71 4 Worker 93199587
72 72 4 Worker 834998534
73 73 4 Worker 811524433
74 74 4 Worker 899521538
75 75 4 Worker 224700723
76 76 4 Worker 56520553
77 77 4 Worker 199018282
78 78 4 Worker 990248856
79 79 4 Worker 873940961
80 80 4 Worker 778719055
81 81 4 Worker 591988531
82 82 4 Worker 798117610
83 83 4 Worker 101752398
84 84 4 Worker 673827773
85 85 4 Worker 515076495
86 86 4 Worker 776181664
87 87 4 Worker 915646360
88 88 4 Worker 856329311
89 89 4 Worker 565890829
90 90 4 Worker 267224202
91 91 4 Worker 171524150
92 92 4 Worker 635032274
93 93 4 Worker 723351964
94 94 4 Worker 650209173
95 95 4 Worker 218697289
96 96 4 Worker 725226789
97 97 4 Worker 544968245
98 98 4 Worker 132532464
99 99 4 Worker 923863783
100 100 4 Worker 824666474
101 101 4 Worker 394961333
102 102 4 Worker 890730395
103 103 4 Worker 734925438
104 104 4 Worker 869682063
105 105 4 Worker 360059561
106 106 4 Worker 256324436
107 107 4 Worker 973969495
108 108 4 Worker 273673943
109 109 4 Worker 966585092
110 110 4 Worker 696341665
111 111 4 Worker 764792152
112 112 4 Worker 629504568
113 113 4 Worker 572973636
114 114 4 Worker 324007374
115 115 4 Worker 5437959
116 116 4 Worker 543137994
117 117 4 Worker 911294358
118 118 4 Worker 720099650
119 119 4 Worker 701005385
120 120 4 Worker 123807616
121 121 4 Worker 70152587
122 122 4 Worker 912028187
123 123 4 Worker 495947058
124 124 4 Worker 387908426
125 125 4 Worker 767684782
126 126 4 Worker 830240749
127 127 4 Worker 833739183
