0 0 -1 Splicer 329231464
1 1 0 Worker 192242078
2 2 -1 PersistentDB 266661660
3 3 -1 InMemoryDB 616988091
4 4 -1 WorkManager 401865569
5 5 4 Worker 140457833
6 6 4 Worker 410255746
7 7 4 Worker 493201094
8 8 4 Worker 588695286
9 9 4 Worker 829857898
10 10 4 Worker 677468104
11 11 4 Worker 818359259
12 12 4 Worker 203292807
13 13 4 Worker 332934013
14 14 4 Worker 599909334
15 15 4 Worker 691939424
16 16 4 Worker 864198687
17 17 4 Worker 80862061
18 18 4 Worker 483747661
19 19 4 Worker 741812700
20 20 4 Worker 4044093
21 21 4 Worker 915419874
22 22 4 Worker 191959467
23 23 4 Worker 324576191
24 24 4 Worker 574405741
25 25 4 Worker 532946224
26 26 4 Worker 985682514
27 27 4 Worker 39009970
28 28 4 Worker 307052613
29 29 4 Worker 687771667
30 30 4 Worker 521680386
31 31 4 Worker 247423590
32 32 4 Worker 229820958
33 33 4 Worker 258540091
34 34 4 Worker 52481794
35 35 4 Worker 227326186
36 36 4 Worker 958800481
37 37 4 Worker 711594661
38 38 4 Worker 491600816
39 39 4 Worker 923573979
40 40 4 Worker 390388398
41 41 4 Worker 791729069
42 42 4 Worker 94594283
43 43 4 Worker 201262986
44 44 4 Worker 988945587
45 45 4 Worker 692262891
46 46 4 Worker 423457977
47 47 4 Worker 428702959
48 48 4 Worker 573216410
49 49 4 Worker 885009256
50 50 4 Worker 563747071
51 51 4 Worker 221171759
52 52 4 Worker 767839928
53 53 4 Worker 333687479
54 54 4 Worker 654289537
55 55 4 Worker 974096852
56 56 4 Worker 659804508
57 57 4 Worker 464767175
58 58 4 Worker 904474709
59 59 4 Worker 35974284
60 60 4 Worker 181745667
61 61 4 Worker 165219673
62 62 4 Worker 241693386
63 63 4 Worker 959398063
64 64 4 Worker 109446707
65 65 4 Worker 879192974
66 66 4 Worker 245394992
67 67 4 Worker 458911696
68 68 4 Worker 301142646
69 69 4 Worker 454696948
70 70 4 Worker 589334981
71 71 4 Worker 621998684
72 72 4 Worker 315829175
73 73 4 Worker 921012385
74 74 4 Worker 682900290
75 75 4 Worker 327358379
76 76 4 Worker 349622490
77 77 4 Worker 142229276
78 78 4 Worker 458766104
79 79 4 Worker 794503932
80 80 4 Worker 166976963
81 81 4 Worker 946094648
82 82 4 Worker 125401829
83 83 4 Worker 440224930
84 84 4 Worker 718406570
85 85 4 Worker 900591060
86 86 4 Worker 701508754
87 87 4 Worker 470912333
88 88 4 Worker 183291232
89 89 4 Worker 658177375
90 90 4 Worker 446992938
91 91 4 Worker 723894170
92 92 4 Worker 931447929
93 93 4 Worker 841889899
94 94 4 Worker 663899966
95 95 4 Worker 281000304
96 96 4 Worker 970131168
97 97 4 Worker 702421912
98 98 4 Worker 653670857
99 99 4 Worker 605056801
100 100 4 Worker 291157134
101 101 4 Worker 226596882
102 102 4 Worker 113509689
103 103 4 Worker 377471537
104 104 4 Worker 182471960
105 105 4 Worker 351313160
106 106 4 Worker 690254396
107 107 4 Worker 714072622
108 108 4 Worker 8802065
109 109 4 Worker 304560527
110 110 4 Worker 409726556
111 111 4 Worker 392984983
112 112 4 Worker 558748513
113 113 4 Worker 622520724
114 114 4 Worker 836423831
115 115 4 Worker 918377941
116 116 4 Worker 214451769
117 117 4 Worker 109061383
118 118 4 Worker 519675169
119 119 4 Worker 670568312
120 120 4 Worker 594499416
121 121 4 Worker 874289269
122 122 4 Worker 677230912
123 123 4 Worker 842862934
124 124 4 Worker 761838812
125 125 4 Worker 853934336
126 126 4 Worker 390994786
127 127 4 Worker 191881590
128 128 4 Worker 165812261
129 129 4 Worker 355858048
130 130 4 Worker 346098386
131 131 4 Worker 780110092
132 132 4 Worker 243630938
133 133 4 Worker 799483201
134 134 4 Worker 772716855
135 135 4 Worker 910261670
136 136 4 Worker 465417338
137 137 4 Worker 48115885
138 138 4 Worker 965677267
139 139 4 Worker 514003095
140 140 4 Worker 940854825
141 141 4 Worker 191777896
142 142 4 Worker 599983045
143 143 4 Worker 523660948
144 144 4 Worker 708533465
145 145 4 Worker 629500137
146 146 4 Worker 793294951
147 147 4 Worker 887936020
148 148 4 Worker 56662609
149 149 4 Worker 718320370
150 150 4 Worker 697764427
151 151 4 Worker 73437785
152 152 4 Worker 278684191
153 153 4 Worker 633980234
154 154 4 Worker 327108291
155 155 4 Worker 773503663
156 156 4 Worker 543662337
157 157 4 Worker 490429982
158 158 4 Worker 615265272
159 159 4 Worker 856599979
160 160 4 Worker 876543649
161 161 4 Worker 40975219
162 162 4 Worker 719797904
163 163 4 Worker 819586011
164 164 4 Worker 160255922
165 165 4 Worker 215027055
166 166 4 Worker 299451968
167 167 4 Worker 148141087
168 168 4 Worker 601394602
169 169 4 Worker 717784588
170 170 4 Worker 467153327
171 171 4 Worker 250655323
172 172 4 Worker 21429685
173 173 4 Worker 419943087
174 174 4 Worker 161520708
175 175 4 Worker 888341427
176 176 4 Worker 959894186
177 177 4 Worker 126031495
178 178 4 Worker 308206107
179 179 4 Worker 290287246
180 180 4 Worker 535194919
181 181 4 Worker 207021111
182 182 4 Worker 336338750
183 183 4 Worker 235749868
184 184 4 Worker 331084621
185 185 4 Worker 808835853
186 186 4 Worker 38565673
187 187 4 Worker 502367984
188 188 4 Worker 580803532
189 189 4 Worker 421325407
190 190 4 Worker 507460831
191 191 4 Worker 928531231
192 192 4 Worker 679883429
193 193 4 Worker 59531780
194 194 4 Worker 347105336
195 195 4 Worker 303391196
196 196 4 Worker 604274949
197 197 4 Worker 951367198
198 198 4 Worker 212180532
199 199 4 Worker 522707042
200 200 4 Worker 633963459
201 201 4 Worker 670290846
202 202 4 Worker 790266446
203 203 4 Worker 755866832
204 204 4 Worker 62315246
205 205 4 Worker 863581222
206 206 4 Worker 289678169
207 207 4 Worker 381770715
208 208 4 Worker 340239497
209 209 4 Worker 374932011
210 210 4 Worker 29208785
211 211 4 Worker 222699755
212 212 4 Worker 740998134
213 213 4 Worker 397875218
214 214 4 Worker 965425499
215 215 4 Worker 730555421
216 216 4 Worker 492337259
217 217 4 Worker 242726782
218 218 4 Worker 847101530
219 219 4 Worker 176306638
220 220 4 Worker 92557381
221 221 4 Worker 474121950
222 222 4 Worker 805027068
223 223 4 Worker 646745900
224 224 4 Worker 322784100
225 225 4 Worker 905233659
226 226 4 Worker 796707103
227 227 4 Worker 493899818
228 228 4 Worker 128841551
229 229 4 Worker 710660227
230 230 4 Worker 831389762
231 231 4 Worker 219592479
232 232 4 Worker 624370185
233 233 4 Worker 433595093
234 234 4 Worker 462675586
235 235 4 Worker 342048229
236 236 4 Worker 94195327
237 237 4 Worker 686175637
238 238 4 Worker 937022513
239 239 4 Worker 186627380
240 240 4 Worker 217050054
241 241 4 Worker 482583778
242 242 4 Worker 182580902
243 243 4 Worker 721681185
244 244 4 Worker 836648724
245 245 4 Worker 350927778
246 246 4 Worker 396580179
247 247 4 Worker 702846766
248 248 4 Worker 646432669
249 249 4 Worker 360359811
250 250 4 Worker 803011007
251 251 4 Worker 542542389
252 252 4 Worker 431362599
253 253 4 Worker 221715009
254 254 4 Worker 784391466
255 255 4 Worker 636277053
