0 0 -1 Splicer 386443599
1 1 0 Worker 372313428
2 2 -1 PersistentDB 849796623
3 3 -1 InMemoryDB 123608471
4 4 -1 WorkManager 17690200
5 5 4 Worker 687700824
6 6 4 Worker 941803595
7 7 4 Worker 912683147
8 8 4 Worker 408913571
9 9 4 Worker 883999517
10 10 4 Worker 59163664
11 11 4 Worker 245982131
12 12 4 Worker 104309287
13 13 4 Worker 115780289
14 14 4 Worker 428466947
15 15 4 Worker 158522916
16 16 4 Worker 345311450
17 17 4 Worker 16104416
18 18 4 Worker 201818472
19 19 4 Worker 136967979
20 20 4 Worker 533322450
21 21 4 Worker 137860339
22 22 4 Worker 770370765
23 23 4 Worker 121209941
24 24 4 Worker 310290378
25 25 4 Worker 560539095
26 26 4 Worker 344030998
27 27 4 Worker 148528380
28 28 4 Worker 807197909
29 29 4 Worker 981060582
30 30 4 Worker 747948700
31 31 4 Worker 367538229
32 32 4 Worker 484530560
33 33 4 Worker 916869896
34 34 4 Worker 23265144
35 35 4 Worker 74036912
36 36 4 Worker 515990427
37 37 4 Worker 556907056
38 38 4 Worker 136060252
39 39 4 Worker 887016046
40 40 4 Worker 168927269
41 41 4 Worker 43417461
42 42 4 Worker 406827068
43 43 4 Worker 190223108
44 44 4 Worker 173153977
45 45 4 Worker 550374116
46 46 4 Worker 642544161
47 47 4 Worker 126313235
48 48 4 Worker 628231258
49 49 4 Worker 988919944
50 50 4 Worker 313276188
51 51 4 Worker 860406037
52 52 4 Worker 917588831
53 53 4 Worker 423571291
54 54 4 Worker 481524584
55 55 4 Worker 29997504
56 56 4 Worker 173515559
57 57 4 Worker 889069998
58 58 4 Worker 600394232
59 59 4 Worker 187036275
60 60 4 Worker 672639182
61 61 4 Worker 204146873
62 62 4 Worker 832313335
63 63 4 Worker 829090232
64 64 4 Worker 130654002
65 65 4 Worker 19474795
66 66 4 Worker 333921690
67 67 4 Worker 619210998
68 68 4 Worker 373464380
69 69 4 Worker 665055062
70 70 4 Worker 228180703
71 71 4 Worker 108091179
72 72 4 Worker 918787335
73 73 4 Worker 926555713
74 74 4 Worker 403912832
75 75 4 Worker 413451726
76 76 4 Worker 71694206
77 77 4 Worker 119511071
78 78 4 Worker 442949538
79 79 4 Worker 181690250
80 80 4 Worker 731456853
81 81 4 Worker 738572020
82 82 4 Worker 274563686
83 83 4 Worker 203336019
84 84 4 Worker 686678123
85 85 4 Worker 563293091
86 86 4 Worker 834328793
87 87 4 Worker 528457097
88 88 4 Worker 877944055
89 89 4 Worker 878511367
90 90 4 Worker 647891670
91 91 4 Worker 297328956
92 92 4 Worker 398221502
93 93 4 Worker 697928204
94 94 4 Worker 670807739
95 95 4 Worker 40076186
96 96 4 Worker 185903
97 97 4 Worker 985715007
98 98 4 Worker 880553231
99 99 4 Worker 302370033
100 100 4 Worker 641806118
101 101 4 Worker 632483603
102 102 4 Worker 212179521
103 103 4 Worker 866495135
104 104 4 Worker 253601252
105 105 4 Worker 915319086
106 106 4 Worker 32741780
107 107 4 Worker 980588025
108 108 4 Worker 359588431
109 109 4 Worker 932868669
110 110 4 Worker 697649119
111 111 4 Worker 208074086
112 112 4 Worker 16026373
113 113 4 Worker 712956976
114 114 4 Worker 949023174
115 115 4 Worker 247899735
116 116 4 Worker 707623460
117 117 4 Worker 13891126
118 118 4 Worker 968409117
119 119 4 Worker 784246649
120 120 4 Worker 416716377
121 121 4 Worker 17520789
122 122 4 Worker 992833064
123 123 4 Worker 140260054
124 124 4 Worker 52636573
125 125 4 Worker 381326360
126 126 4 Worker 706162734
127 127 4 Worker 15500454
128 128 4 Worker 160027976
129 129 4 Worker 159330452
130 130 4 Worker 452443487
131 131 4 Worker 306052732
132 132 4 Worker 739668906
133 133 4 Worker 446418392
134 134 4 Worker 758989870
135 135 4 Worker 943974098
136 136 4 Worker 304201814
137 137 4 Worker 448770494
138 138 4 Worker 723558712
139 139 4 Worker 743688223
140 140 4 Worker 593293588
141 141 4 Worker 240553277
142 142 4 Worker 541336509
143 143 4 Worker 869116061
144 144 4 Worker 654406535
145 145 4 Worker 883897693
146 146 4 Worker 895672914
147 147 4 Worker 996219564
148 148 4 Worker 668643468
149 149 4 Worker 937404571
150 150 4 Worker 782375826
151 151 4 Worker 216929618
152 152 4 Worker 494446885
153 153 4 Worker 501339742
154 154 4 Worker 90740641
155 155 4 Worker 984362404
156 156 4 Worker 228593611
157 157 4 Worker 547177224
158 158 4 Worker 790000774
159 159 4 Worker 903864688
160 160 4 Worker 500177868
161 161 4 Worker 406291787
162 162 4 Worker 507951070
163 163 4 Worker 330254274
164 164 4 Worker 389009201
165 165 4 Worker 720466124
166 166 4 Worker 469181998
167 167 4 Worker 299660853
168 168 4 Worker 138901840
169 169 4 Worker 980025809
170 170 4 Worker 803753345
171 171 4 Worker 72332266
172 172 4 Worker 753534616
173 173 4 Worker 870570310
174 174 4 Worker 578710360
175 175 4 Worker 307286524
176 176 4 Worker 346326870
177 177 4 Worker 21749213
178 178 4 Worker 850082826
179 179 4 Worker 446751658
180 180 4 Worker 200611437
181 181 4 Worker 300941204
182 182 4 Worker 12062455
183 183 4 Worker 80928067
184 184 4 Worker 916877097
185 185 4 Worker 709619009
186 186 4 Worker 888050813
187 187 4 Worker 95913188
188 188 4 Worker 694970609
189 189 4 Worker 902285353
190 190 4 Worker 77409921
191 191 4 Worker 830426583
192 192 4 Worker 411918609
193 193 4 Worker 963462722
194 194 4 Worker 495646159
195 195 4 Worker 289530844
196 196 4 Worker 466309745
197 197 4 Worker 179583728
198 198 4 Worker 34975916
199 199 4 Worker 994205291
200 200 4 Worker 87201502
201 201 4 Worker 784052746
202 202 4 Worker 984433289
203 203 4 Worker 565491706
204 204 4 Worker 796771732
205 205 4 Worker 670266512
206 206 4 Worker 857934189
207 207 4 Worker 156511642
208 208 4 Worker 902912878
209 209 4 Worker 862373760
210 210 4 Worker 563987485
211 211 4 Worker 192444378
212 212 4 Worker 806896576
213 213 4 Worker 888586128
214 214 4 Worker 830860484
215 215 4 Worker 862600972
216 216 4 Worker 841095998
217 217 4 Worker 96809439
218 218 4 Worker 186301199
219 219 4 Worker 308177231
220 220 4 Worker 819898976
221 221 4 Worker 569269730
222 222 4 Worker 404337317
223 223 4 Worker 66272617
224 224 4 Worker 854811071
225 225 4 Worker 877178057
226 226 4 Worker 850935840
227 227 4 Worker 455590019
228 228 4 Worker 999145861
229 229 4 Worker 771149827
230 230 4 Worker 973732526
231 231 4 Worker 5941560
232 232 4 Worker 272550905
233 233 4 Worker 921846326
234 234 4 Worker 343142301
235 235 4 Worker 462037486
236 236 4 Worker 520898177
237 237 4 Worker 203177947
238 238 4 Worker 393391546
239 239 4 Worker 444486928
240 240 4 Worker 734533830
241 241 4 Worker 221062578
242 242 4 Worker 788014720
243 243 4 Worker 901424344
244 244 4 Worker 470738739
245 245 4 Worker 793972554
246 246 4 Worker 623607961
247 247 4 Worker 327499356
248 248 4 Worker 574496621
249 249 4 Worker 153961016
250 250 4 Worker 524496627
251 251 4 Worker 689540439
252 252 4 Worker 176826810
253 253 4 Worker 122546259
254 254 4 Worker 883900701
255 255 4 Worker 135453097
