0 0 -1 Splicer 661113139
1 1 0 Worker 599984472
2 2 -1 PersistentDB 199395797
3 3 -1 InMemoryDB 164994126
4 4 -1 WorkManager 154383578
5 5 4 Worker 126039419
6 6 4 Worker 691882988
7 7 4 Worker 894672403
8 8 4 Worker 9029209
9 9 4 Worker 43770913
10 10 4 Worker 878722914
11 11 4 Worker 454620099
12 12 4 Worker 318417867
13 13 4 Worker 759972505
14 14 4 Worker 554276343
15 15 4 Worker 114874627
16 16 4 Worker 280848297
17 17 4 Worker 111698125
18 18 4 Worker 427214282
19 19 4 Worker 674209358
20 20 4 Worker 268748249
21 21 4 Worker 653553650
22 22 4 Worker 348502543
23 23 4 Worker 369685226
24 24 4 Worker 768496097
25 25 4 Worker 764543614
26 26 4 Worker 687241023
27 27 4 Worker 182936941
28 28 4 Worker 536788633
29 29 4 Worker 175258582
30 30 4 Worker 550431660
31 31 4 Worker 938404999
32 32 4 Worker 512541951
33 33 4 Worker 456402341
34 34 4 Worker 977546074
35 35 4 Worker 841087475
36 36 4 Worker 101520856
37 37 4 Worker 600156256
38 38 4 Worker 382444862
39 39 4 Worker 172613431
40 40 4 Worker 444991790
41 41 4 Worker 822725869
42 42 4 Worker 642572814
43 43 4 Worker 716209242
44 44 4 Worker 853012769
45 45 4 Worker 590365678
46 46 4 Worker 983875621
47 47 4 Worker 873520354
48 48 4 Worker 706090228
49 49 4 Worker 624942144
50 50 4 Worker 296296276
51 51 4 Worker 223357206
52 52 4 Worker 612302787
53 53 4 Worker 597751510
54 54 4 Worker 491844866
55 55 4 Worker 723354785
56 56 4 Worker 144439783
57 57 4 Worker 433203243
58 58 4 Worker 697076804
59 59 4 Worker 570307306
60 60 4 Worker 221153095
61 61 4 Worker 821149807
62 62 4 Worker 348842167
63 63 4 Worker 577481171
64 64 4 Worker 734419655
65 65 4 Worker 615248973
66 66 4 Worker 153485074
67 67 4 Worker 837644966
68 68 4 Worker 254741554
69 69 4 Worker 369827813
70 70 4 Worker 635716065
71 71 4 Worker 391417756
72 72 4 Worker 529118145
73 73 4 Worker 862476476
74 74 4 Worker 269352170
75 75 4 Worker 995281107
76 76 4 Worker 522536138
77 77 4 Worker 936146900
78 78 4 Worker 568661090
79 79 4 Worker 641762762
80 80 4 Worker 789664977
81 81 4 Worker 655420661
82 82 4 Worker 879495570
83 83 4 Worker 145616662
84 84 4 Worker 991136392
85 85 4 Worker 496423302
86 86 4 Worker 75204158
87 87 4 Worker 211220163
88 88 4 Worker 781146934
89 89 4 Worker 89904596
90 90 4 Worker 328465223
91 91 4 Worker 167005304
92 92 4 Worker 142682643
93 93 4 Worker 697772202
94 94 4 Worker 429911098
95 95 4 Worker 833872986
96 96 4 Worker 365989413
97 97 4 Worker 483925292
98 98 4 Worker 433029860
99 99 4 Worker 559884091
100 100 4 Worker 951464212
101 101 4 Worker 993052929
102 102 4 Worker 553827120
103 103 4 Worker 762266448
104 104 4 Worker 321358805
105 105 4 Worker 388693269
106 106 4 Worker 926478511
107 107 4 Worker 538960166
108 108 4 Worker 631923032
109 109 4 Worker 966046082
110 110 4 Worker 991699072
111 111 4 Worker 715676567
112 112 4 Worker 829450294
113 113 4 Worker 445753220
114 114 4 Worker 296539293
115 115 4 Worker 95524678
116 116 4 Worker 439743902
117 117 4 Worker 579144834
118 118 4 Worker 489408652
119 119 4 Worker 768268627
120 120 4 Worker 23984939
121 121 4 Worker 167562549
122 122 4 Worker 921643029
123 123 4 Worker 377214640
124 124 4 Worker 276621707
125 125 4 Worker 940652833
126 126 4 Worker 281014111
127 127 4 Worker 69781357
