0 0 -1 Splicer 627301709
1 1 0 Worker 99069288
2 2 -1 PersistentDB 25414198
3 3 -1 InMemoryDB 848223148
4 4 -1 WorkManager 134438505
5 5 4 Worker 284163432
6 6 4 Worker 924247186
7 7 4 Worker 559757166
8 8 4 Worker 52331130
9 9 4 Worker 872165524
10 10 4 Worker 164368870
11 11 4 Worker 558133008
12 12 4 Worker 814394722
13 13 4 Worker 248143787
14 14 4 Worker 500430286
15 15 4 Worker 201354777
16 16 4 Worker 47909510
17 17 4 Worker 104029884
18 18 4 Worker 674698191
19 19 4 Worker 139423433
20 20 4 Worker 818711478
21 21 4 Worker 926360751
22 22 4 Worker 903419997
23 23 4 Worker 92258263
24 24 4 Worker 282099083
25 25 4 Worker 948543411
26 26 4 Worker 390358178
27 27 4 Worker 781924678
28 28 4 Worker 803342482
29 29 4 Worker 49795634
30 30 4 Worker 438897172
31 31 4 Worker 891232265
32 32 4 Worker 673452856
33 33 4 Worker 116470348
34 34 4 Worker 913252169
35 35 4 Worker 242321684
36 36 4 Worker 350372490
37 37 4 Worker 664028444
38 38 4 Worker 767046453
39 39 4 Worker 131360296
40 40 4 Worker 99993797
41 41 4 Worker 179015073
42 42 4 Worker 569108400
43 43 4 Worker 664680483
44 44 4 Worker 578771264
45 45 4 Worker 938690968
46 46 4 Worker 779150209
47 47 4 Worker 166619849
48 48 4 Worker 710811134
49 49 4 Worker 776807683
50 50 4 Worker 807906966
51 51 4 Worker 638958868
52 52 4 Worker 84908344
53 53 4 Worker 500617071
54 54 4 Worker 213406337
55 55 4 Worker 790969846
56 56 4 Worker 953453799
57 57 4 Worker 145940193
58 58 4 Worker 847053009
59 59 4 Worker 172089003
60 60 4 Worker 15870676
61 61 4 Worker 145616718
62 62 4 Worker 509662564
63 63 4 Worker 115240376
64 64 4 Worker 638423009
65 65 4 Worker 595355507
66 66 4 Worker 865946551
67 67 4 Worker 624774362
68 68 4 Worker 706044098
69 69 4 Worker 957458956
70 70 4 Worker 295789401
71 71 4 Worker 574362106
72 72 4 Worker 943559144
73 73 4 Worker 861786211
74 74 4 Worker 925901283
75 75 4 Worker 319838759
76 76 4 Worker 21907261
77 77 4 Worker 224340974
78 78 4 Worker 122318030
79 79 4 Worker 384987839
80 80 4 Worker 630965390
81 81 4 Worker 656551028
82 82 4 Worker 480121192
83 83 4 Worker 949165135
84 84 4 Worker 913082919
85 85 4 Worker 931680719
86 86 4 Worker 725837458
87 87 4 Worker 787861453
88 88 4 Worker 611514334
89 89 4 Worker 213409348
90 90 4 Worker 660182318
91 91 4 Worker 927604404
92 92 4 Worker 16625419
93 93 4 Worker 323708363
94 94 4 Worker 158073828
95 95 4 Worker 796402799
96 96 4 Worker 870463502
97 97 4 Worker 340130112
98 98 4 Worker 510429469
99 99 4 Worker 483862973
100 100 4 Worker 52830500
101 101 4 Worker 312293473
102 102 4 Worker 390709474
103 103 4 Worker 307462703
104 104 4 Worker 153907220
105 105 4 Worker 52511407
106 106 4 Worker 191833242
107 107 4 Worker 387385494
108 108 4 Worker 484112600
109 109 4 Worker 670914522
110 110 4 Worker 211861847
111 111 4 Worker 944935580
112 112 4 Worker 692627481
113 113 4 Worker 615789497
114 114 4 Worker 462781880
115 115 4 Worker 893316093
116 116 4 Worker 339234197
117 117 4 Worker 39598774
118 118 4 Worker 957110539
119 119 4 Worker 170583560
120 120 4 Worker 473106210
121 121 4 Worker 437104950
122 122 4 Worker 566984521
123 123 4 Worker 657398115
124 124 4 Worker 310301592
125 125 4 Worker 191162244
126 126 4 Worker 942086527
127 127 4 Worker 115241707
128 128 4 Worker 676157687
129 129 4 Worker 195126636
130 130 4 Worker 710329850
131 131 4 Worker 199466526
132 132 4 Worker 492362266
133 133 4 Worker 831532412
134 134 4 Worker 566210942
135 135 4 Worker 400000011
136 136 4 Worker 11934649
137 137 4 Worker 226622167
138 138 4 Worker 744184876
139 139 4 Worker 656648238
140 140 4 Worker 778460108
141 141 4 Worker 862176847
142 142 4 Worker 347397135
143 143 4 Worker 675819294
144 144 4 Worker 897969934
145 145 4 Worker 288256288
146 146 4 Worker 139607980
147 147 4 Worker 618855174
148 148 4 Worker 411156149
149 149 4 Worker 58486790
150 150 4 Worker 788103581
151 151 4 Worker 53156568
152 152 4 Worker 225025941
153 153 4 Worker 75250751
154 154 4 Worker 627644823
155 155 4 Worker 609190713
156 156 4 Worker 350194682
157 157 4 Worker 873758171
158 158 4 Worker 581762432
159 159 4 Worker 18849633
160 160 4 Worker 438462293
161 161 4 Worker 783638200
162 162 4 Worker 2381835
163 163 4 Worker 78987154
164 164 4 Worker 893106032
165 165 4 Worker 985833006
166 166 4 Worker 75735927
167 167 4 Worker 634071338
168 168 4 Worker 749953831
169 169 4 Worker 346636855
170 170 4 Worker 737468565
171 171 4 Worker 51276653
172 172 4 Worker 641048918
173 173 4 Worker 273639629
174 174 4 Worker 812202725
175 175 4 Worker 760955890
176 176 4 Worker 942192104
177 177 4 Worker 637227319
178 178 4 Worker 857911072
179 179 4 Worker 100955553
180 180 4 Worker 75433584
181 181 4 Worker 322736264
182 182 4 Worker 677799065
183 183 4 Worker 451440705
184 184 4 Worker 731845434
185 185 4 Worker 9224155
186 186 4 Worker 277340125
187 187 4 Worker 436916064
188 188 4 Worker 336370424
189 189 4 Worker 925897591
190 190 4 Worker 432516814
191 191 4 Worker 265498679
192 192 4 Worker 680673428
193 193 4 Worker 256426562
194 194 4 Worker 487730020
195 195 4 Worker 471027877
196 196 4 Worker 553658265
197 197 4 Worker 621776978
198 198 4 Worker 658639048
199 199 4 Worker 80630980
200 200 4 Worker 165868113
201 201 4 Worker 311121687
202 202 4 Worker 532279615
203 203 4 Worker 816562499
204 204 4 Worker 654217754
205 205 4 Worker 679662968
206 206 4 Worker 615569167
207 207 4 Worker 130684011
208 208 4 Worker 200799407
209 209 4 Worker 567256535
210 210 4 Worker 685317104
211 211 4 Worker 16953717
212 212 4 Worker 608612186
213 213 4 Worker 35516632
214 214 4 Worker 33367581
215 215 4 Worker 777179765
216 216 4 Worker 859236127
217 217 4 Worker 195206423
218 218 4 Worker 635424991
219 219 4 Worker 380661046
220 220 4 Worker 461720861
221 221 4 Worker 810923621
222 222 4 Worker 50463955
223 223 4 Worker 224861247
224 224 4 Worker 814556090
225 225 4 Worker 159353507
226 226 4 Worker 930070096
227 227 4 Worker 24552969
228 228 4 Worker 689825572
229 229 4 Worker 416140162
230 230 4 Worker 970302890
231 231 4 Worker 741260303
232 232 4 Worker 212174736
233 233 4 Worker 102401798
234 234 4 Worker 292346801
235 235 4 Worker 319218917
236 236 4 Worker 538061835
237 237 4 Worker 825226910
238 238 4 Worker 346844262
239 239 4 Worker 789619006
240 240 4 Worker 188433062
241 241 4 Worker 132123670
242 242 4 Worker 567839486
243 243 4 Worker 331012768
244 244 4 Worker 38418835
245 245 4 Worker 645974728
246 246 4 Worker 180091698
247 247 4 Worker 24826749
248 248 4 Worker 601477061
249 249 4 Worker 859860927
250 250 4 Worker 996683173
251 251 4 Worker 863946423
252 252 4 Worker 693032357
253 253 4 Worker 569189527
254 254 4 Worker 223913632
255 255 4 Worker 212830723
