0 0 -1 Splicer 750195915
1 1 0 Worker 775661480
2 2 -1 PersistentDB 462418175
3 3 -1 InMemoryDB 11086588
4 4 -1 WorkManager 724613640
5 5 4 Worker 722823575
6 6 4 Worker 77399341
7 7 4 Worker 763471346
8 8 4 Worker 957488149
9 9 4 Worker 975836823
10 10 4 Worker 112771284
11 11 4 Worker 447975556
12 12 4 Worker 816979088
13 13 4 Worker 481381207
14 14 4 Worker 87422063
15 15 4 Worker 147705056
16 16 4 Worker 210001387
17 17 4 Worker 627890742
18 18 4 Worker 59559286
19 19 4 Worker 507649965
20 20 4 Worker 977023428
21 21 4 Worker 783675130
22 22 4 Worker 706766352
23 23 4 Worker 736032266
24 24 4 Worker 718227712
25 25 4 Worker 475467825
26 26 4 Worker 89799476
27 27 4 Worker 488820411
28 28 4 Worker 431248275
29 29 4 Worker 832402626
30 30 4 Worker 509583199
31 31 4 Worker 929874754
32 32 4 Worker 795914024
33 33 4 Worker 371499836
34 34 4 Worker 928844714
35 35 4 Worker 679973685
36 36 4 Worker 131171618
37 37 4 Worker 940183943
38 38 4 Worker 651188527
39 39 4 Worker 677068162
40 40 4 Worker 552091639
41 41 4 Worker 351067993
42 42 4 Worker 904038618
43 43 4 Worker 722294386
44 44 4 Worker 188795949
45 45 4 Worker 103712961
46 46 4 Worker 214224680
47 47 4 Worker 806063587
48 48 4 Worker 828880757
49 49 4 Worker 556426980
50 50 4 Worker 819053944
51 51 4 Worker 486352010
52 52 4 Worker 511277453
53 53 4 Worker 402489080
54 54 4 Worker 126674558
55 55 4 Worker 600265285
56 56 4 Worker 376939893
57 57 4 Worker 210297127
58 58 4 Worker 159625302
59 59 4 Worker 995142155
60 60 4 Worker 484991307
61 61 4 Worker 585680072
62 62 4 Worker 868190218
63 63 4 Worker 600127023
64 64 4 Worker 646333695
65 65 4 Worker 193385113
66 66 4 Worker 358403305
67 67 4 Worker 387794278
68 68 4 Worker 669394243
69 69 4 Worker 421186913
70 70 4 Worker 307669240
71 71 4 Worker 847842005
72 72 4 Worker 662268768
73 73 4 Worker 397345153
74 74 4 Worker 415666583
75 75 4 Worker 180945460
76 76 4 Worker 139423805
77 77 4 Worker 627297951
78 78 4 Worker 502009855
79 79 4 Worker 497411330
80 80 4 Worker 285484809
81 81 4 Worker 149127603
82 82 4 Worker 850639389
83 83 4 Worker 783800203
84 84 4 Worker 804113400
85 85 4 Worker 1340306
86 86 4 Worker 796906892
87 87 4 Worker 709048958
88 88 4 Worker 862862933
89 89 4 Worker 844714371
90 90 4 Worker 939428148
91 91 4 Worker 121000753
92 92 4 Worker 126476697
93 93 4 Worker 716568325
94 94 4 Worker 494214730
95 95 4 Worker 313565118
96 96 4 Worker 276512049
97 97 4 Worker 691183378
98 98 4 Worker 368144059
99 99 4 Worker 362218161
100 100 4 Worker 623445130
101 101 4 Worker 535982655
102 102 4 Worker 770971341
103 103 4 Worker 109126416
104 104 4 Worker 53142525
105 105 4 Worker 60632237
106 106 4 Worker 578838421
107 107 4 Worker 100188436
108 108 4 Worker 668671321
109 109 4 Worker 260153233
110 110 4 Worker 865342718
111 111 4 Worker 691509133
112 112 4 Worker 883384894
113 113 4 Worker 364786614
114 114 4 Worker 590621738
115 115 4 Worker 604063552
116 116 4 Worker 572807772
117 117 4 Worker 656171255
118 118 4 Worker 490770639
119 119 4 Worker 987028162
120 120 4 Worker 27746750
121 121 4 Worker 343934460
122 122 4 Worker 997985365
123 123 4 Worker 171814161
124 124 4 Worker 579287111
125 125 4 Worker 915832394
126 126 4 Worker 353654802
127 127 4 Worker 719932385
128 128 4 Worker 726501161
129 129 4 Worker 513072532
130 130 4 Worker 403526014
131 131 4 Worker 581422784
132 132 4 Worker 22436985
133 133 4 Worker 6355578
134 134 4 Worker 92537623
135 135 4 Worker 9944718
136 136 4 Worker 96102664
137 137 4 Worker 752619018
138 138 4 Worker 276872976
139 139 4 Worker 789831194
140 140 4 Worker 684554571
141 141 4 Worker 230430579
142 142 4 Worker 747322935
143 143 4 Worker 123476065
144 144 4 Worker 402065836
145 145 4 Worker 438418310
146 146 4 Worker 684410212
147 147 4 Worker 280240123
148 148 4 Worker 53852214
149 149 4 Worker 710141915
150 150 4 Worker 634515898
151 151 4 Worker 731423469
152 152 4 Worker 808189502
153 153 4 Worker 238514680
154 154 4 Worker 189603306
155 155 4 Worker 528287834
156 156 4 Worker 458859943
157 157 4 Worker 509998107
158 158 4 Worker 524910445
159 159 4 Worker 643587794
160 160 4 Worker 642822870
161 161 4 Worker 570724452
162 162 4 Worker 354597086
163 163 4 Worker 724561053
164 164 4 Worker 847011880
165 165 4 Worker 303761430
166 166 4 Worker 217708212
167 167 4 Worker 565840112
168 168 4 Worker 632614434
169 169 4 Worker 78132132
170 170 4 Worker 46065694
171 171 4 Worker 221933644
172 172 4 Worker 152608939
173 173 4 Worker 639106464
174 174 4 Worker 869521139
175 175 4 Worker 946427843
176 176 4 Worker 733015558
177 177 4 Worker 687058168
178 178 4 Worker 620331413
179 179 4 Worker 867455106
180 180 4 Worker 358296408
181 181 4 Worker 78473085
182 182 4 Worker 561369444
183 183 4 Worker 374486004
184 184 4 Worker 694902499
185 185 4 Worker 910420012
186 186 4 Worker 776985105
187 187 4 Worker 200237836
188 188 4 Worker 276101115
189 189 4 Worker 233918228
190 190 4 Worker 280605387
191 191 4 Worker 889076330
192 192 4 Worker 377087257
193 193 4 Worker 889554603
194 194 4 Worker 967835135
195 195 4 Worker 324390046
196 196 4 Worker 427014068
197 197 4 Worker 618796341
198 198 4 Worker 598575793
199 199 4 Worker 946276950
200 200 4 Worker 316146910
201 201 4 Worker 449360434
202 202 4 Worker 974030387
203 203 4 Worker 950935006
204 204 4 Worker 902999782
205 205 4 Worker 79228596
206 206 4 Worker 951692966
207 207 4 Worker 619385013
208 208 4 Worker 642336224
209 209 4 Worker 80122701
210 210 4 Worker 581843677
211 211 4 Worker 178147103
212 212 4 Worker 536710675
213 213 4 Worker 808338022
214 214 4 Worker 773045467
215 215 4 Worker 180023418
216 216 4 Worker 986622947
217 217 4 Worker 688457631
218 218 4 Worker 642336951
219 219 4 Worker 171903356
220 220 4 Worker 656739243
221 221 4 Worker 452585748
222 222 4 Worker 820717709
223 223 4 Worker 671679470
224 224 4 Worker 150519829
225 225 4 Worker 87527256
226 226 4 Worker 94250269
227 227 4 Worker 139661270
228 228 4 Worker 174990143
229 229 4 Worker 831278709
230 230 4 Worker 997436466
231 231 4 Worker 14123655
232 232 4 Worker 339036693
233 233 4 Worker 916097811
234 234 4 Worker 14795781
235 235 4 Worker 576914471
236 236 4 Worker 591683783
237 237 4 Worker 767170410
238 238 4 Worker 833158664
239 239 4 Worker 203055567
240 240 4 Worker 544472715
241 241 4 Worker 497293489
242 242 4 Worker 268149933
243 243 4 Worker 72973765
244 244 4 Worker 710404411
245 245 4 Worker 456594290
246 246 4 Worker 918238634
247 247 4 Worker 267965803
248 248 4 Worker 687014845
249 249 4 Worker 876350157
250 250 4 Worker 109737205
251 251 4 Worker 256527418
252 252 4 Worker 721666676
253 253 4 Worker 534816115
254 254 4 Worker 55082425
255 255 4 Worker 641858034
