0 0 -1 Splicer 884220544
1 1 0 Worker 473218914
2 2 -1 PersistentDB 191698314
3 3 -1 InMemoryDB 689954022
4 4 -1 WorkManager 555333459
5 5 4 Worker 299693773
6 6 4 Worker 872955816
7 7 4 Worker 125996312
8 8 4 Worker 126872792
9 9 4 Worker 279495417
10 10 4 Worker 982951667
11 11 4 Worker 107810270
12 12 4 Worker 855570325
13 13 4 Worker 26510981
14 14 4 Worker 956662245
15 15 4 Worker 51354997
16 16 4 Worker 967103341
17 17 4 Worker 108405451
18 18 4 Worker 968127343
19 19 4 Worker 148380155
20 20 4 Worker 731295567
21 21 4 Worker 942990016
22 22 4 Worker 710496762
23 23 4 Worker 901190236
24 24 4 Worker 696374224
25 25 4 Worker 337660702
26 26 4 Worker 351248823
27 27 4 Worker 652411781
28 28 4 Worker 202473155
29 29 4 Worker 813621119
30 30 4 Worker 19349686
31 31 4 Worker 451854057
