0 0 -1 Splicer 391962898
1 1 0 Worker 219246143
2 2 -1 PersistentDB 157832969
3 3 -1 InMemoryDB 982910599
4 4 -1 WorkManager 439999752
5 5 4 Worker 943610486
6 6 4 Worker 600414696
7 7 4 Worker 33072687
8 8 4 Worker 215666525
9 9 4 Worker 823488532
10 10 4 Worker 730429791
11 11 4 Worker 357841761
12 12 4 Worker 450277119
13 13 4 Worker 119205170
14 14 4 Worker 982530393
15 15 4 Worker 779849625
16 16 4 Worker 856523269
17 17 4 Worker 345971513
18 18 4 Worker 448790347
19 19 4 Worker 422664418
20 20 4 Worker 519377100
21 21 4 Worker 609378153
22 22 4 Worker 97935276
23 23 4 Worker 687227914
24 24 4 Worker 847844300
25 25 4 Worker 246318436
26 26 4 Worker 563201655
27 27 4 Worker 906882675
28 28 4 Worker 55303541
29 29 4 Worker 830597561
30 30 4 Worker 469323095
31 31 4 Worker 24403935
32 32 4 Worker 332746031
33 33 4 Worker 802280331
34 34 4 Worker 360223134
35 35 4 Worker 651420755
36 36 4 Worker 395920935
37 37 4 Worker 656224115
38 38 4 Worker 889634338
39 39 4 Worker 420835788
40 40 4 Worker 954182259
41 41 4 Worker 428809175
42 42 4 Worker 899246803
43 43 4 Worker 291141098
44 44 4 Worker 607084450
45 45 4 Worker 217357464
46 46 4 Worker 322515752
47 47 4 Worker 298900627
48 48 4 Worker 962955764
49 49 4 Worker 371824605
50 50 4 Worker 442300028
51 51 4 Worker 235623610
52 52 4 Worker 693073044
53 53 4 Worker 771428291
54 54 4 Worker 878106262
55 55 4 Worker 268610057
56 56 4 Worker 89922328
57 57 4 Worker 851396328
58 58 4 Worker 109470573
59 59 4 Worker 974977894
60 60 4 Worker 561044809
61 61 4 Worker 935275649
62 62 4 Worker 44773601
63 63 4 Worker 960907059
64 64 4 Worker 726197972
65 65 4 Worker 524536231
66 66 4 Worker 940808431
67 67 4 Worker 491719285
68 68 4 Worker 916880627
69 69 4 Worker 701582261
70 70 4 Worker 847857486
71 71 4 Worker 745294304
72 72 4 Worker 666110412
73 73 4 Worker 90453225
74 74 4 Worker 707175538
75 75 4 Worker 710460949
76 76 4 Worker 196121469
77 77 4 Worker 70498134
78 78 4 Worker 956270867
79 79 4 Worker 869068060
80 80 4 Worker 826244557
81 81 4 Worker 592695229
82 82 4 Worker 199404568
83 83 4 Worker 718901067
84 84 4 Worker 741432990
85 85 4 Worker 751664712
86 86 4 Worker 833949161
87 87 4 Worker 990999325
88 88 4 Worker 447942143
89 89 4 Worker 546479435
90 90 4 Worker 423650752
91 91 4 Worker 36775176
92 92 4 Worker 34933473
93 93 4 Worker 52125652
94 94 4 Worker 146948296
95 95 4 Worker 186888869
96 96 4 Worker 492273221
97 97 4 Worker 753496755
98 98 4 Worker 675518736
99 99 4 Worker 581785113
100 100 4 Worker 25135074
101 101 4 Worker 1807726
102 102 4 Worker 127353457
103 103 4 Worker 753485025
104 104 4 Worker 508498467
105 105 4 Worker 610339421
106 106 4 Worker 636600547
107 107 4 Worker 457056454
108 108 4 Worker 200684263
109 109 4 Worker 194283667
110 110 4 Worker 152436278
111 111 4 Worker 426744223
112 112 4 Worker 241993122
113 113 4 Worker 397897983
114 114 4 Worker 532132443
115 115 4 Worker 152660736
116 116 4 Worker 226297505
117 117 4 Worker 351383819
118 118 4 Worker 860881388
119 119 4 Worker 893218964
120 120 4 Worker 996768617
121 121 4 Worker 124161907
122 122 4 Worker 557555055
123 123 4 Worker 243781990
124 124 4 Worker 488535036
125 125 4 Worker 834975305
126 126 4 Worker 758866773
127 127 4 Worker 262603548
