0 0 -1 Splicer 156976066
1 1 0 Worker 558351818
2 2 -1 PersistentDB 575005881
3 3 -1 InMemoryDB 284905157
4 4 -1 WorkManager 243513825
5 5 4 Worker 304860305
6 6 4 Worker 862081184
7 7 4 Worker 911787088
8 8 4 Worker 535380192
9 9 4 Worker 609870988
10 10 4 Worker 461139301
11 11 4 Worker 706816105
12 12 4 Worker 15414500
13 13 4 Worker 207653009
14 14 4 Worker 855535868
15 15 4 Worker 289319455
16 16 4 Worker 349963069
17 17 4 Worker 659267770
18 18 4 Worker 205194619
19 19 4 Worker 334423805
20 20 4 Worker 345434511
21 21 4 Worker 191234576
22 22 4 Worker 410727098
23 23 4 Worker 855255602
24 24 4 Worker 349244359
25 25 4 Worker 104323045
26 26 4 Worker 988559713
27 27 4 Worker 270361492
28 28 4 Worker 144581081
29 29 4 Worker 159893142
30 30 4 Worker 437434288
31 31 4 Worker 174145230
32 32 4 Worker 936449220
33 33 4 Worker 987651850
34 34 4 Worker 636200677
35 35 4 Worker 29989861
36 36 4 Worker 873623471
37 37 4 Worker 614699777
38 38 4 Worker 727850193
39 39 4 Worker 216175196
40 40 4 Worker 211818847
41 41 4 Worker 736853142
42 42 4 Worker 582724642
43 43 4 Worker 618229200
44 44 4 Worker 239741730
45 45 4 Worker 661707659
46 46 4 Worker 375693574
47 47 4 Worker 41364444
48 48 4 Worker 805119098
49 49 4 Worker 963303341
50 50 4 Worker 665197833
51 51 4 Worker 39221415
52 52 4 Worker 147059228
53 53 4 Worker 413407777
54 54 4 Worker 874132296
55 55 4 Worker 52349704
56 56 4 Worker 567702437
57 57 4 Worker 106144184
58 58 4 Worker 531062107
59 59 4 Worker 274401759
60 60 4 Worker 775776985
61 61 4 Worker 634752051
62 62 4 Worker 654491904
63 63 4 Worker 168389586
64 64 4 Worker 659285523
65 65 4 Worker 34876887
66 66 4 Worker 984410293
67 67 4 Worker 217442885
68 68 4 Worker 702217279
69 69 4 Worker 554024204
70 70 4 Worker 743130184
71 71 4 Worker 157250511
72 72 4 Worker 434250220
73 73 4 Worker 278452615
74 74 4 Worker 314263371
75 75 4 Worker 690850424
76 76 4 Worker 677996072
77 77 4 Worker 580255278
78 78 4 Worker 834278248
79 79 4 Worker 767795061
80 80 4 Worker 714307079
81 81 4 Worker 401604073
82 82 4 Worker 111972320
83 83 4 Worker 177386921
84 84 4 Worker 796782939
85 85 4 Worker 623366496
86 86 4 Worker 682138209
87 87 4 Worker 414107516
88 88 4 Worker 85120997
89 89 4 Worker 639643195
90 90 4 Worker 806156809
91 91 4 Worker 896487598
92 92 4 Worker 844404781
93 93 4 Worker 729151155
94 94 4 Worker 871512642
95 95 4 Worker 679251092
96 96 4 Worker 324869111
97 97 4 Worker 532638700
98 98 4 Worker 721813738
99 99 4 Worker 608600345
100 100 4 Worker 852854870
101 101 4 Worker 578472869
102 102 4 Worker 12635143
103 103 4 Worker 53531118
104 104 4 Worker 990773014
105 105 4 Worker 746364481
106 106 4 Worker 470141064
107 107 4 Worker 80792651
108 108 4 Worker 929499080
109 109 4 Worker 872494054
110 110 4 Worker 901630407
111 111 4 Worker 28833486
112 112 4 Worker 442160521
113 113 4 Worker 966715385
114 114 4 Worker 614428184
115 115 4 Worker 655886547
116 116 4 Worker 302546665
117 117 4 Worker 231050282
118 118 4 Worker 122878958
119 119 4 Worker 881458589
120 120 4 Worker 125647891
121 121 4 Worker 659762428
122 122 4 Worker 677157005
123 123 4 Worker 728169947
124 124 4 Worker 575046942
125 125 4 Worker 591686006
126 126 4 Worker 793920708
127 127 4 Worker 268069551
128 128 4 Worker 557900594
129 129 4 Worker 831671648
130 130 4 Worker 855736595
131 131 4 Worker 228659563
132 132 4 Worker 940498101
133 133 4 Worker 308377562
134 134 4 Worker 805341939
135 135 4 Worker 630595047
136 136 4 Worker 442573761
137 137 4 Worker 271685220
138 138 4 Worker 82276405
139 139 4 Worker 566819772
140 140 4 Worker 902354968
141 141 4 Worker 554400892
142 142 4 Worker 866590713
143 143 4 Worker 120172976
144 144 4 Worker 383878646
145 145 4 Worker 553866964
146 146 4 Worker 173304553
147 147 4 Worker 755556515
148 148 4 Worker 282719480
149 149 4 Worker 798964914
150 150 4 Worker 285393617
151 151 4 Worker 150053236
152 152 4 Worker 771531998
153 153 4 Worker 258036085
154 154 4 Worker 341355488
155 155 4 Worker 129018993
156 156 4 Worker 383613659
157 157 4 Worker 189141129
158 158 4 Worker 663235086
159 159 4 Worker 363594407
160 160 4 Worker 528750924
161 161 4 Worker 340030273
162 162 4 Worker 493461105
163 163 4 Worker 537036061
164 164 4 Worker 97238120
165 165 4 Worker 202484278
166 166 4 Worker 213017219
167 167 4 Worker 819974407
168 168 4 Worker 25192621
169 169 4 Worker 338715127
170 170 4 Worker 825586083
171 171 4 Worker 819035002
172 172 4 Worker 864280755
173 173 4 Worker 237159852
174 174 4 Worker 166444161
175 175 4 Worker 126950027
176 176 4 Worker 363781448
177 177 4 Worker 910480647
178 178 4 Worker 989659803
179 179 4 Worker 507733890
180 180 4 Worker 670890700
181 181 4 Worker 221980857
182 182 4 Worker 616868004
183 183 4 Worker 313529475
184 184 4 Worker 687520806
185 185 4 Worker 235597086
186 186 4 Worker 972607953
187 187 4 Worker 997215512
188 188 4 Worker 567092498
189 189 4 Worker 108862946
190 190 4 Worker 459252928
191 191 4 Worker 571432009
192 192 4 Worker 241921050
193 193 4 Worker 503613211
194 194 4 Worker 71682813
195 195 4 Worker 153669053
196 196 4 Worker 134704003
197 197 4 Worker 72954648
198 198 4 Worker 90049532
199 199 4 Worker 460310874
200 200 4 Worker 500458861
201 201 4 Worker 692230279
202 202 4 Worker 566812518
203 203 4 Worker 107560325
204 204 4 Worker 490484013
205 205 4 Worker 372096433
206 206 4 Worker 396830249
207 207 4 Worker 894546020
208 208 4 Worker 629119834
209 209 4 Worker 147357723
210 210 4 Worker 766969970
211 211 4 Worker 23762535
212 212 4 Worker 740412276
213 213 4 Worker 57761288
214 214 4 Worker 662549426
215 215 4 Worker 209495951
216 216 4 Worker 694679319
217 217 4 Worker 986489649
218 218 4 Worker 584274322
219 219 4 Worker 610090552
220 220 4 Worker 453958595
221 221 4 Worker 234217580
222 222 4 Worker 924793356
223 223 4 Worker 349286139
224 224 4 Worker 310153949
225 225 4 Worker 144927813
226 226 4 Worker 552006598
227 227 4 Worker 745450532
228 228 4 Worker 451790699
229 229 4 Worker 870871766
230 230 4 Worker 285464024
231 231 4 Worker 240958021
232 232 4 Worker 424009391
233 233 4 Worker 769700687
234 234 4 Worker 41144295
235 235 4 Worker 78140322
236 236 4 Worker 938637495
237 237 4 Worker 861928112
238 238 4 Worker 217768706
239 239 4 Worker 730061654
240 240 4 Worker 847966096
241 241 4 Worker 248488873
242 242 4 Worker 63797075
243 243 4 Worker 393048654
244 244 4 Worker 588746366
245 245 4 Worker 155404872
246 246 4 Worker 358256029
247 247 4 Worker 144628696
248 248 4 Worker 742115212
249 249 4 Worker 927490821
250 250 4 Worker 905494903
251 251 4 Worker 268016154
252 252 4 Worker 66708227
253 253 4 Worker 196969051
254 254 4 Worker 173429202
255 255 4 Worker 71309805
