0 0 -1 Splicer 8563603
1 1 0 Worker 953980394
2 2 -1 PersistentDB 108465257
3 3 -1 InMemoryDB 676182324
4 4 -1 WorkManager 253790143
5 5 4 Worker 481268013
6 6 4 Worker 970792496
7 7 4 Worker 394731000
8 8 4 Worker 534538235
9 9 4 Worker 647882044
10 10 4 Worker 197296549
11 11 4 Worker 402698606
12 12 4 Worker 202796889
13 13 4 Worker 786278995
14 14 4 Worker 311963325
15 15 4 Worker 500097519
16 16 4 Worker 214793848
17 17 4 Worker 419147949
18 18 4 Worker 186509754
19 19 4 Worker 262442754
20 20 4 Worker 898065922
21 21 4 Worker 40477723
22 22 4 Worker 342092603
23 23 4 Worker 236059352
24 24 4 Worker 617199165
25 25 4 Worker 806772973
26 26 4 Worker 2528952
27 27 4 Worker 643837177
28 28 4 Worker 607997591
29 29 4 Worker 236509994
30 30 4 Worker 529600161
31 31 4 Worker 231822731
32 32 4 Worker 255197810
33 33 4 Worker 538987220
34 34 4 Worker 953498457
35 35 4 Worker 417007575
36 36 4 Worker 239593708
37 37 4 Worker 799036663
38 38 4 Worker 220026427
39 39 4 Worker 419887320
40 40 4 Worker 224342543
41 41 4 Worker 304579739
42 42 4 Worker 470379142
43 43 4 Worker 520336509
44 44 4 Worker 642271640
45 45 4 Worker 310480498
46 46 4 Worker 759784865
47 47 4 Worker 530640288
48 48 4 Worker 204020903
49 49 4 Worker 639389294
50 50 4 Worker 267063505
51 51 4 Worker 863714711
52 52 4 Worker 475499206
53 53 4 Worker 865333800
54 54 4 Worker 83947000
55 55 4 Worker 435349519
56 56 4 Worker 83504958
57 57 4 Worker 505047522
58 58 4 Worker 463884098
59 59 4 Worker 269550044
60 60 4 Worker 229576519
61 61 4 Worker 688032534
62 62 4 Worker 337941392
63 63 4 Worker 301526140
64 64 4 Worker 645157464
65 65 4 Worker 226599387
66 66 4 Worker 407702706
67 67 4 Worker 87227511
68 68 4 Worker 131332820
69 69 4 Worker 225041832
70 70 4 Worker 234964875
71 71 4 Worker 224344030
72 72 4 Worker 950271399
73 73 4 Worker 187284834
74 74 4 Worker 787313223
75 75 4 Worker 597081678
76 76 4 Worker 118700349
77 77 4 Worker 17596576
78 78 4 Worker 546824234
79 79 4 Worker 760783705
80 80 4 Worker 914918116
81 81 4 Worker 896661132
82 82 4 Worker 224446687
83 83 4 Worker 726468830
84 84 4 Worker 934443418
85 85 4 Worker 852828236
86 86 4 Worker 355883911
87 87 4 Worker 243481320
88 88 4 Worker 203694936
89 89 4 Worker 250203789
90 90 4 Worker 744756952
91 91 4 Worker 576648702
92 92 4 Worker 367152671
93 93 4 Worker 780006258
94 94 4 Worker 100226933
95 95 4 Worker 905165987
96 96 4 Worker 485913833
97 97 4 Worker 176351837
98 98 4 Worker 509090451
99 99 4 Worker 17400189
100 100 4 Worker 312049485
101 101 4 Worker 344089847
102 102 4 Worker 157502516
103 103 4 Worker 572978377
104 104 4 Worker 192470871
105 105 4 Worker 354167312
106 106 4 Worker 297079294
107 107 4 Worker 136562645
108 108 4 Worker 335749827
109 109 4 Worker 785379868
110 110 4 Worker 637126849
111 111 4 Worker 743316674
112 112 4 Worker 513192666
113 113 4 Worker 188012525
114 114 4 Worker 419373463
115 115 4 Worker 676056061
116 116 4 Worker 81879868
117 117 4 Worker 753597574
118 118 4 Worker 367790992
119 119 4 Worker 604597132
120 120 4 Worker 979919003
121 121 4 Worker 722642237
122 122 4 Worker 137932560
123 123 4 Worker 680963909
124 124 4 Worker 320949382
125 125 4 Worker 201629543
126 126 4 Worker 412760669
127 127 4 Worker 822693014
128 128 4 Worker 44104164
129 129 4 Worker 834307503
130 130 4 Worker 198671735
131 131 4 Worker 207139769
132 132 4 Worker 478555100
133 133 4 Worker 650270530
134 134 4 Worker 376962635
135 135 4 Worker 825918069
136 136 4 Worker 995771088
137 137 4 Worker 52417714
138 138 4 Worker 623311388
139 139 4 Worker 288229757
140 140 4 Worker 230939426
141 141 4 Worker 181770833
142 142 4 Worker 951888663
143 143 4 Worker 238470183
144 144 4 Worker 823732687
145 145 4 Worker 702782957
146 146 4 Worker 993172925
147 147 4 Worker 711136915
148 148 4 Worker 219607846
149 149 4 Worker 732778105
150 150 4 Worker 462814071
151 151 4 Worker 871462047
152 152 4 Worker 566566164
153 153 4 Worker 937668477
154 154 4 Worker 960593660
155 155 4 Worker 645734072
156 156 4 Worker 931773292
157 157 4 Worker 530229850
158 158 4 Worker 826388923
159 159 4 Worker 83046104
160 160 4 Worker 943670603
161 161 4 Worker 594079899
162 162 4 Worker 557003836
163 163 4 Worker 169467897
164 164 4 Worker 645913520
165 165 4 Worker 969303911
166 166 4 Worker 134887539
167 167 4 Worker 433516343
168 168 4 Worker 565746498
169 169 4 Worker 358938855
170 170 4 Worker 862873180
171 171 4 Worker 944029396
172 172 4 Worker 935355854
173 173 4 Worker 185573699
174 174 4 Worker 516515320
175 175 4 Worker 935178721
176 176 4 Worker 787470939
177 177 4 Worker 292998969
178 178 4 Worker 405726458
179 179 4 Worker 927564646
180 180 4 Worker 88691814
181 181 4 Worker 787626557
182 182 4 Worker 486628178
183 183 4 Worker 767255251
184 184 4 Worker 482612672
185 185 4 Worker 436851886
186 186 4 Worker 497314495
187 187 4 Worker 587617356
188 188 4 Worker 490056982
189 189 4 Worker 613014803
190 190 4 Worker 835644368
191 191 4 Worker 404585836
192 192 4 Worker 765413354
193 193 4 Worker 652379566
194 194 4 Worker 67220645
195 195 4 Worker 123133794
196 196 4 Worker 960589482
197 197 4 Worker 901547788
198 198 4 Worker 690046250
199 199 4 Worker 10957858
200 200 4 Worker 218821870
201 201 4 Worker 139350907
202 202 4 Worker 767583410
203 203 4 Worker 445759997
204 204 4 Worker 144484692
205 205 4 Worker 607061463
206 206 4 Worker 223080966
207 207 4 Worker 324123316
208 208 4 Worker 898949469
209 209 4 Worker 685201209
210 210 4 Worker 638692761
211 211 4 Worker 3339183
212 212 4 Worker 898549741
213 213 4 Worker 787698622
214 214 4 Worker 246034242
215 215 4 Worker 497068442
216 216 4 Worker 293872847
217 217 4 Worker 228716900
218 218 4 Worker 83629055
219 219 4 Worker 17091748
220 220 4 Worker 382769070
221 221 4 Worker 324544746
222 222 4 Worker 813940724
223 223 4 Worker 183774465
224 224 4 Worker 865445859
225 225 4 Worker 497123330
226 226 4 Worker 820490020
227 227 4 Worker 306775856
228 228 4 Worker 232736366
229 229 4 Worker 991891628
230 230 4 Worker 654113141
231 231 4 Worker 269223282
232 232 4 Worker 884046256
233 233 4 Worker 776581309
234 234 4 Worker 962134497
235 235 4 Worker 874933408
236 236 4 Worker 318250663
237 237 4 Worker 766078152
238 238 4 Worker 724874505
239 239 4 Worker 305188697
240 240 4 Worker 243088669
241 241 4 Worker 106816995
242 242 4 Worker 718538870
243 243 4 Worker 139028505
244 244 4 Worker 824602597
245 245 4 Worker 40876895
246 246 4 Worker 358599332
247 247 4 Worker 734909174
248 248 4 Worker 742906228
249 249 4 Worker 941188478
250 250 4 Worker 476804225
251 251 4 Worker 16195416
252 252 4 Worker 633869703
253 253 4 Worker 392435060
254 254 4 Worker 496157128
255 255 4 Worker 480669169
