0 0 -1 Splicer 33777740
1 1 0 Worker 545972315
2 2 -1 PersistentDB 351565579
3 3 -1 InMemoryDB 159333636
4 4 -1 WorkManager 491209192
5 5 4 Worker 805762246
6 6 4 Worker 739261599
7 7 4 Worker 271137840
8 8 4 Worker 246915549
9 9 4 Worker 428683362
10 10 4 Worker 916009493
11 11 4 Worker 311700819
12 12 4 Worker 440843874
13 13 4 Worker 252513512
14 14 4 Worker 44583468
15 15 4 Worker 384508144
16 16 4 Worker 559957544
17 17 4 Worker 491908899
18 18 4 Worker 353577175
19 19 4 Worker 369857102
20 20 4 Worker 831314554
21 21 4 Worker 789418629
22 22 4 Worker 610081481
23 23 4 Worker 837280823
24 24 4 Worker 372879773
25 25 4 Worker 357835309
26 26 4 Worker 856332999
27 27 4 Worker 195461713
28 28 4 Worker 132384007
29 29 4 Worker 150756873
30 30 4 Worker 196393696
31 31 4 Worker 159584491
32 32 4 Worker 685119886
33 33 4 Worker 389223985
34 34 4 Worker 913069764
35 35 4 Worker 626387328
36 36 4 Worker 156712278
37 37 4 Worker 391098457
38 38 4 Worker 23174614
39 39 4 Worker 663980143
40 40 4 Worker 361305281
41 41 4 Worker 340736214
42 42 4 Worker 556177161
43 43 4 Worker 432920684
44 44 4 Worker 395303742
45 45 4 Worker 745414106
46 46 4 Worker 95313181
47 47 4 Worker 900705459
48 48 4 Worker 860502263
49 49 4 Worker 76390509
50 50 4 Worker 552907802
51 51 4 Worker 834637792
52 52 4 Worker 85700816
53 53 4 Worker 170237281
54 54 4 Worker 837893158
55 55 4 Worker 144509416
56 56 4 Worker 983773738
57 57 4 Worker 696244743
58 58 4 Worker 141611950
59 59 4 Worker 786370584
60 60 4 Worker 494913618
61 61 4 Worker 27212505
62 62 4 Worker 723588781
63 63 4 Worker 123783559
64 64 4 Worker 938657141
65 65 4 Worker 807593006
66 66 4 Worker 405695277
67 67 4 Worker 492418052
68 68 4 Worker 964307071
69 69 4 Worker 480441049
70 70 4 Worker 902263162
71 71 4 Worker 510336634
72 72 4 Worker 916452911
73 73 4 Worker 70641690
74 74 4 Worker 794101282
75 75 4 Worker 984441874
76 76 4 Worker 423499865
77 77 4 Worker 279514504
78 78 4 Worker 331941712
79 79 4 Worker 312068507
80 80 4 Worker 146197494
81 81 4 Worker 473563269
82 82 4 Worker 695897390
83 83 4 Worker 515094284
84 84 4 Worker 837535479
85 85 4 Worker 964465926
86 86 4 Worker 701534572
87 87 4 Worker 842353984
88 88 4 Worker 351255589
89 89 4 Worker 879989382
90 90 4 Worker 110504884
91 91 4 Worker 207448243
92 92 4 Worker 756251455
93 93 4 Worker 959249222
94 94 4 Worker 623924832
95 95 4 Worker 810036474
96 96 4 Worker 825210235
97 97 4 Worker 389993146
98 98 4 Worker 27033644
99 99 4 Worker 610238584
100 100 4 Worker 391702657
101 101 4 Worker 914563051
102 102 4 Worker 889303568
103 103 4 Worker 582938438
104 104 4 Worker 188863711
105 105 4 Worker 468869668
106 106 4 Worker 328665997
107 107 4 Worker 386125025
108 108 4 Worker 285800769
109 109 4 Worker 844443587
110 110 4 Worker 716157760
111 111 4 Worker 743745761
112 112 4 Worker 288348128
113 113 4 Worker 849649078
114 114 4 Worker 499367908
115 115 4 Worker 906912841
116 116 4 Worker 893425264
117 117 4 Worker 487913107
118 118 4 Worker 980275714
119 119 4 Worker 256154279
120 120 4 Worker 102619133
121 121 4 Worker 575243953
122 122 4 Worker 721876975
123 123 4 Worker 172062027
124 124 4 Worker 696229963
125 125 4 Worker 99952008
126 126 4 Worker 482489872
127 127 4 Worker 950881284
128 128 4 Worker 625643192
129 129 4 Worker 971818160
130 130 4 Worker 581241563
131 131 4 Worker 476050937
132 132 4 Worker 326438679
133 133 4 Worker 861997220
134 134 4 Worker 764385745
135 135 4 Worker 205999319
136 136 4 Worker 31617343
137 137 4 Worker 122380335
138 138 4 Worker 704425393
139 139 4 Worker 736627887
140 140 4 Worker 389660969
141 141 4 Worker 600587830
142 142 4 Worker 164172225
143 143 4 Worker 919220796
144 144 4 Worker 115348844
145 145 4 Worker 572630765
146 146 4 Worker 331227284
147 147 4 Worker 566002291
148 148 4 Worker 491221371
149 149 4 Worker 462106774
150 150 4 Worker 612439746
151 151 4 Worker 757733566
152 152 4 Worker 18998001
153 153 4 Worker 993120336
154 154 4 Worker 117228118
155 155 4 Worker 579251568
156 156 4 Worker 710224891
157 157 4 Worker 893850758
158 158 4 Worker 807728152
159 159 4 Worker 903401492
160 160 4 Worker 139617429
161 161 4 Worker 312827288
162 162 4 Worker 346208274
163 163 4 Worker 719375474
164 164 4 Worker 52496938
165 165 4 Worker 403963530
166 166 4 Worker 133167970
167 167 4 Worker 440174720
168 168 4 Worker 984440476
169 169 4 Worker 56058040
170 170 4 Worker 738135699
171 171 4 Worker 536190808
172 172 4 Worker 798922592
173 173 4 Worker 686583030
174 174 4 Worker 415888911
175 175 4 Worker 671340858
176 176 4 Worker 509042250
177 177 4 Worker 673708415
178 178 4 Worker 887391306
179 179 4 Worker 89280628
180 180 4 Worker 137541346
181 181 4 Worker 553651944
182 182 4 Worker 958638767
183 183 4 Worker 570779890
184 184 4 Worker 982347214
185 185 4 Worker 220938567
186 186 4 Worker 126341888
187 187 4 Worker 491996031
188 188 4 Worker 106881556
189 189 4 Worker 145652514
190 190 4 Worker 584468639
191 191 4 Worker 86584099
192 192 4 Worker 295143124
193 193 4 Worker 448751463
194 194 4 Worker 59291147
195 195 4 Worker 341424805
196 196 4 Worker 408342848
197 197 4 Worker 618514500
198 198 4 Worker 960593322
199 199 4 Worker 718134359
200 200 4 Worker 850630026
201 201 4 Worker 181277128
202 202 4 Worker 915324846
203 203 4 Worker 177255705
204 204 4 Worker 916792486
205 205 4 Worker 962461786
206 206 4 Worker 468905940
207 207 4 Worker 399354795
208 208 4 Worker 21864596
209 209 4 Worker 59038012
210 210 4 Worker 98563947
211 211 4 Worker 628314385
212 212 4 Worker 648072737
213 213 4 Worker 108639911
214 214 4 Worker 298325199
215 215 4 Worker 948825952
216 216 4 Worker 140479189
217 217 4 Worker 893445014
218 218 4 Worker 264135557
219 219 4 Worker 982377007
220 220 4 Worker 665455899
221 221 4 Worker 843612408
222 222 4 Worker 483273311
223 223 4 Worker 603479319
224 224 4 Worker 534134294
225 225 4 Worker 914435046
226 226 4 Worker 31307171
227 227 4 Worker 782763788
228 228 4 Worker 285584372
229 229 4 Worker 26490329
230 230 4 Worker 587136220
231 231 4 Worker 900475342
232 232 4 Worker 504774342
233 233 4 Worker 666831778
234 234 4 Worker 543247584
235 235 4 Worker 60390186
236 236 4 Worker 121424447
237 237 4 Worker 300531318
238 238 4 Worker 919492233
239 239 4 Worker 764213662
240 240 4 Worker 578786145
241 241 4 Worker 429009371
242 242 4 Worker 622435411
243 243 4 Worker 445486987
244 244 4 Worker 817557621
245 245 4 Worker 225288771
246 246 4 Worker 602373936
247 247 4 Worker 809918298
248 248 4 Worker 134657497
249 249 4 Worker 845748427
250 250 4 Worker 922547700
251 251 4 Worker 221204103
252 252 4 Worker 199260676
253 253 4 Worker 218591247
254 254 4 Worker 269342194
255 255 4 Worker 255032131
