0 0 -1 Splicer 491960312
1 1 0 Worker 936181312
2 2 -1 PersistentDB 281442690
3 3 -1 InMemoryDB 214380719
4 4 -1 WorkManager 911278332
5 5 4 Worker 500974115
6 6 4 Worker 646689044
7 7 4 Worker 396665936
8 8 4 Worker 974540743
9 9 4 Worker 602037363
10 10 4 Worker 911680389
11 11 4 Worker 742670724
12 12 4 Worker 181192350
13 13 4 Worker 644159905
14 14 4 Worker 416215486
15 15 4 Worker 190603354
16 16 4 Worker 638126927
17 17 4 Worker 139983258
18 18 4 Worker 655912005
19 19 4 Worker 186409065
20 20 4 Worker 977160274
21 21 4 Worker 68923260
22 22 4 Worker 580710816
23 23 4 Worker 519881092
24 24 4 Worker 213754849
25 25 4 Worker 492480010
26 26 4 Worker 277517378
27 27 4 Worker 636941728
28 28 4 Worker 849714772
29 29 4 Worker 987835136
30 30 4 Worker 699136201
31 31 4 Worker 797709532
32 32 4 Worker 184629043
33 33 4 Worker 483858479
34 34 4 Worker 284455238
35 35 4 Worker 65301362
36 36 4 Worker 345621366
37 37 4 Worker 434003321
38 38 4 Worker 668814159
39 39 4 Worker 939429650
40 40 4 Worker 965518116
41 41 4 Worker 105904458
42 42 4 Worker 212954994
43 43 4 Worker 718292739
44 44 4 Worker 880278232
45 45 4 Worker 481766527
46 46 4 Worker 694768676
47 47 4 Worker 173398235
48 48 4 Worker 884398684
49 49 4 Worker 697824179
50 50 4 Worker 97289866
51 51 4 Worker 568623959
52 52 4 Worker 575706570
53 53 4 Worker 547997859
54 54 4 Worker 239997613
55 55 4 Worker 967584304
56 56 4 Worker 254128607
57 57 4 Worker 577543753
58 58 4 Worker 211533403
59 59 4 Worker 673339652
60 60 4 Worker 626201508
61 61 4 Worker 274396956
62 62 4 Worker 507880046
63 63 4 Worker 950335547
64 64 4 Worker 845952406
65 65 4 Worker 813407151
66 66 4 Worker 577704232
67 67 4 Worker 781021132
68 68 4 Worker 58748399
69 69 4 Worker 951270058
70 70 4 Worker 661092605
71 71 4 Worker 315470247
72 72 4 Worker 282828075
73 73 4 Worker 883683520
74 74 4 Worker 441973141
75 75 4 Worker 618222413
76 76 4 Worker 909988824
77 77 4 Worker 482189385
78 78 4 Worker 205350661
79 79 4 Worker 896373932
80 80 4 Worker 317566380
81 81 4 Worker 423518162
82 82 4 Worker 815135177
83 83 4 Worker 405855360
84 84 4 Worker 656797367
85 85 4 Worker 661036650
86 86 4 Worker 503293416
87 87 4 Worker 480411217
88 88 4 Worker 179284284
89 89 4 Worker 392367055
90 90 4 Worker 776964127
91 91 4 Worker 629545604
92 92 4 Worker 400211815
93 93 4 Worker 296611268
94 94 4 Worker 403795185
95 95 4 Worker 294628151
96 96 4 Worker 686891922
97 97 4 Worker 14110374
98 98 4 Worker 480318623
99 99 4 Worker 620378980
100 100 4 Worker 504725643
101 101 4 Worker 898282091
102 102 4 Worker 709272040
103 103 4 Worker 826757072
104 104 4 Worker 810748527
105 105 4 Worker 591310970
106 106 4 Worker 28712601
107 107 4 Worker 78438178
108 108 4 Worker 615975940
109 109 4 Worker 996378936
110 110 4 Worker 755679504
111 111 4 Worker 578049983
112 112 4 Worker 321964736
113 113 4 Worker 854396026
114 114 4 Worker 637966644
115 115 4 Worker 643735885
116 116 4 Worker 714941295
117 117 4 Worker 331634126
118 118 4 Worker 825538422
119 119 4 Worker 730637519
120 120 4 Worker 425405176
121 121 4 Worker 724979596
122 122 4 Worker 42042615
123 123 4 Worker 849051607
124 124 4 Worker 83946009
125 125 4 Worker 672761827
126 126 4 Worker 262133201
127 127 4 Worker 338809837
128 128 4 Worker 281398460
129 129 4 Worker 896094396
130 130 4 Worker 613039394
131 131 4 Worker 571747797
132 132 4 Worker 637631161
133 133 4 Worker 514418669
134 134 4 Worker 803740324
135 135 4 Worker 979125762
136 136 4 Worker 347253926
137 137 4 Worker 409528980
138 138 4 Worker 528066178
139 139 4 Worker 886933464
140 140 4 Worker 222279818
141 141 4 Worker 368750702
142 142 4 Worker 662648442
143 143 4 Worker 32116773
144 144 4 Worker 896363648
145 145 4 Worker 527457280
146 146 4 Worker 138287282
147 147 4 Worker 990170726
148 148 4 Worker 304135395
149 149 4 Worker 886790635
150 150 4 Worker 836759618
151 151 4 Worker 10132271
152 152 4 Worker 436238659
153 153 4 Worker 984560626
154 154 4 Worker 764355388
155 155 4 Worker 312399899
156 156 4 Worker 601866247
157 157 4 Worker 850695049
158 158 4 Worker 115339393
159 159 4 Worker 935829454
160 160 4 Worker 34380264
161 161 4 Worker 715718310
162 162 4 Worker 449982010
163 163 4 Worker 772558541
164 164 4 Worker 734917237
165 165 4 Worker 2947680
166 166 4 Worker 220264555
167 167 4 Worker 259138313
168 168 4 Worker 283633031
169 169 4 Worker 780165828
170 170 4 Worker 312351372
171 171 4 Worker 655958133
172 172 4 Worker 441396099
173 173 4 Worker 84758337
174 174 4 Worker 366923136
175 175 4 Worker 565049798
176 176 4 Worker 31610054
177 177 4 Worker 283375849
178 178 4 Worker 854658537
179 179 4 Worker 814414969
180 180 4 Worker 752441366
181 181 4 Worker 957634815
182 182 4 Worker 744335376
183 183 4 Worker 154182381
184 184 4 Worker 929619617
185 185 4 Worker 539406499
186 186 4 Worker 58837320
187 187 4 Worker 311472650
188 188 4 Worker 692306775
189 189 4 Worker 384401558
190 190 4 Worker 688473650
191 191 4 Worker 104446387
192 192 4 Worker 774211285
193 193 4 Worker 479568414
194 194 4 Worker 388306986
195 195 4 Worker 29699074
196 196 4 Worker 703475083
197 197 4 Worker 180405457
198 198 4 Worker 774981437
199 199 4 Worker 205152977
200 200 4 Worker 716252774
201 201 4 Worker 649063793
202 202 4 Worker 452620499
203 203 4 Worker 595441131
204 204 4 Worker 753064076
205 205 4 Worker 809910857
206 206 4 Worker 566645233
207 207 4 Worker 757682715
208 208 4 Worker 634982499
209 209 4 Worker 867198510
210 210 4 Worker 127210907
211 211 4 Worker 144263663
212 212 4 Worker 40079732
213 213 4 Worker 715955960
214 214 4 Worker 281950992
215 215 4 Worker 835509947
216 216 4 Worker 932747887
217 217 4 Worker 966494809
218 218 4 Worker 575865322
219 219 4 Worker 942549584
220 220 4 Worker 74833090
221 221 4 Worker 786948113
222 222 4 Worker 19016230
223 223 4 Worker 60094899
224 224 4 Worker 555426189
225 225 4 Worker 990072485
226 226 4 Worker 409943053
227 227 4 Worker 351920194
228 228 4 Worker 79354685
229 229 4 Worker 676917344
230 230 4 Worker 59718685
231 231 4 Worker 711621082
232 232 4 Worker 1491504
233 233 4 Worker 332199101
234 234 4 Worker 706521431
235 235 4 Worker 301197716
236 236 4 Worker 907219350
237 237 4 Worker 46259386
238 238 4 Worker 804248967
239 239 4 Worker 29910522
240 240 4 Worker 527134599
241 241 4 Worker 845051943
242 242 4 Worker 266872682
243 243 4 Worker 716653227
244 244 4 Worker 842659006
245 245 4 Worker 538412263
246 246 4 Worker 988256241
247 247 4 Worker 98316844
248 248 4 Worker 237432851
249 249 4 Worker 306497228
250 250 4 Worker 316163770
251 251 4 Worker 423122231
252 252 4 Worker 386395423
253 253 4 Worker 665582020
254 254 4 Worker 547369852
255 255 4 Worker 454932009
