0 0 -1 Splicer 883379210
1 1 0 Worker 940437202
2 2 -1 PersistentDB 425585358
3 3 -1 InMemoryDB 243771027
4 4 -1 WorkManager 113361599
5 5 4 Worker 623945353
6 6 4 Worker 267052423
7 7 4 Worker 272515188
8 8 4 Worker 764167502
9 9 4 Worker 784630261
10 10 4 Worker 196147487
11 11 4 Worker 168123287
12 12 4 Worker 555270238
13 13 4 Worker 748345510
14 14 4 Worker 257237456
15 15 4 Worker 798101072
16 16 4 Worker 753071776
17 17 4 Worker 479612719
18 18 4 Worker 506926859
19 19 4 Worker 253364691
20 20 4 Worker 762741493
21 21 4 Worker 356352580
22 22 4 Worker 997408415
23 23 4 Worker 924941431
24 24 4 Worker 708158900
25 25 4 Worker 325880996
26 26 4 Worker 255699802
27 27 4 Worker 14750761
28 28 4 Worker 766246489
29 29 4 Worker 563000016
30 30 4 Worker 424690375
31 31 4 Worker 848871897
32 32 4 Worker 279970001
33 33 4 Worker 882240064
34 34 4 Worker 106986542
35 35 4 Worker 89789124
36 36 4 Worker 429667961
37 37 4 Worker 935792127
38 38 4 Worker 928025650
39 39 4 Worker 647202560
40 40 4 Worker 810271082
41 41 4 Worker 33649746
42 42 4 Worker 616015821
43 43 4 Worker 257077343
44 44 4 Worker 106869173
45 45 4 Worker 182605896
46 46 4 Worker 768313862
47 47 4 Worker 809073447
48 48 4 Worker 109488988
49 49 4 Worker 563742077
50 50 4 Worker 600408535
51 51 4 Worker 793090921
52 52 4 Worker 453398119
53 53 4 Worker 670479158
54 54 4 Worker 90499180
55 55 4 Worker 294256529
56 56 4 Worker 312389883
57 57 4 Worker 673682993
58 58 4 Worker 861089501
59 59 4 Worker 518330849
60 60 4 Worker 400280191
61 61 4 Worker 868502551
62 62 4 Worker 724456169
63 63 4 Worker 876134155
64 64 4 Worker 857384497
65 65 4 Worker 806528674
66 66 4 Worker 643850590
67 67 4 Worker 566234758
68 68 4 Worker 144830492
69 69 4 Worker 458248461
70 70 4 Worker 540029385
71 71 4 Worker 717217379
72 72 4 Worker 989883611
73 73 4 Worker 453105338
74 74 4 Worker 15394616
75 75 4 Worker 13463412
76 76 4 Worker 930012922
77 77 4 Worker 924488329
78 78 4 Worker 116051336
79 79 4 Worker 828895020
80 80 4 Worker 192600510
81 81 4 Worker 974275009
82 82 4 Worker 87944749
83 83 4 Worker 891196759
84 84 4 Worker 785827672
85 85 4 Worker 255247121
86 86 4 Worker 284747982
87 87 4 Worker 832398264
88 88 4 Worker 393658209
89 89 4 Worker 168258478
90 90 4 Worker 871328861
91 91 4 Worker 822813469
92 92 4 Worker 561915806
93 93 4 Worker 867396350
94 94 4 Worker 396568366
95 95 4 Worker 850964612
96 96 4 Worker 741821113
97 97 4 Worker 836753942
98 98 4 Worker 434772378
99 99 4 Worker 408823521
100 100 4 Worker 851068555
101 101 4 Worker 977387381
102 102 4 Worker 693568118
103 103 4 Worker 225627804
104 104 4 Worker 831485824
105 105 4 Worker 579226093
106 106 4 Worker 429057055
107 107 4 Worker 407999933
108 108 4 Worker 767572545
109 109 4 Worker 82448849
110 110 4 Worker 700992264
111 111 4 Worker 625330538
112 112 4 Worker 66594887
113 113 4 Worker 390706761
114 114 4 Worker 42981312
115 115 4 Worker 207918215
116 116 4 Worker 787318125
117 117 4 Worker 15612034
118 118 4 Worker 266868070
119 119 4 Worker 915703115
120 120 4 Worker 985318479
121 121 4 Worker 228438490
122 122 4 Worker 187954036
123 123 4 Worker 632336254
124 124 4 Worker 700992404
125 125 4 Worker 977094647
126 126 4 Worker 515304502
127 127 4 Worker 983883343
128 128 4 Worker 439575139
129 129 4 Worker 934691537
130 130 4 Worker 591049551
131 131 4 Worker 951194053
132 132 4 Worker 998902306
133 133 4 Worker 369784634
134 134 4 Worker 238841192
135 135 4 Worker 944911683
136 136 4 Worker 434731999
137 137 4 Worker 951290229
138 138 4 Worker 432651920
139 139 4 Worker 480435686
140 140 4 Worker 984001657
141 141 4 Worker 508128024
142 142 4 Worker 137275894
143 143 4 Worker 706513202
144 144 4 Worker 171609962
145 145 4 Worker 228985080
146 146 4 Worker 884108003
147 147 4 Worker 912679314
148 148 4 Worker 678733271
149 149 4 Worker 642957024
150 150 4 Worker 915326265
151 151 4 Worker 293881897
152 152 4 Worker 586929550
153 153 4 Worker 949958900
154 154 4 Worker 174982529
155 155 4 Worker 787392552
156 156 4 Worker 488389710
157 157 4 Worker 182806189
158 158 4 Worker 220096257
159 159 4 Worker 860827271
160 160 4 Worker 175506473
161 161 4 Worker 559441041
162 162 4 Worker 784916507
163 163 4 Worker 693193656
164 164 4 Worker 353246635
165 165 4 Worker 324309443
166 166 4 Worker 304948055
167 167 4 Worker 967971355
168 168 4 Worker 836676424
169 169 4 Worker 867644614
170 170 4 Worker 996164560
171 171 4 Worker 455341366
172 172 4 Worker 812611783
173 173 4 Worker 586821467
174 174 4 Worker 745663589
175 175 4 Worker 822733721
176 176 4 Worker 256998471
177 177 4 Worker 724541684
178 178 4 Worker 947471792
179 179 4 Worker 185169695
180 180 4 Worker 267169544
181 181 4 Worker 449220564
182 182 4 Worker 546424084
183 183 4 Worker 576829705
184 184 4 Worker 73307965
185 185 4 Worker 771791757
186 186 4 Worker 8431334
187 187 4 Worker 504507647
188 188 4 Worker 353952032
189 189 4 Worker 852583402
190 190 4 Worker 428242819
191 191 4 Worker 710526870
192 192 4 Worker 138663493
193 193 4 Worker 658782210
194 194 4 Worker 199800594
195 195 4 Worker 408242068
196 196 4 Worker 848073641
197 197 4 Worker 385268758
198 198 4 Worker 1922879
199 199 4 Worker 430469418
200 200 4 Worker 516220997
201 201 4 Worker 338791265
202 202 4 Worker 625302455
203 203 4 Worker 157666109
204 204 4 Worker 590571629
205 205 4 Worker 515021671
206 206 4 Worker 861000576
207 207 4 Worker 186331117
208 208 4 Worker 862618854
209 209 4 Worker 730280820
210 210 4 Worker 496099125
211 211 4 Worker 833094483
212 212 4 Worker 322450396
213 213 4 Worker 47500011
214 214 4 Worker 78454882
215 215 4 Worker 896892980
216 216 4 Worker 22686358
217 217 4 Worker 208821658
218 218 4 Worker 809397202
219 219 4 Worker 266408810
220 220 4 Worker 946454823
221 221 4 Worker 884707251
222 222 4 Worker 914161001
223 223 4 Worker 500743106
224 224 4 Worker 700064247
225 225 4 Worker 249074321
226 226 4 Worker 970576086
227 227 4 Worker 930764083
228 228 4 Worker 57317456
229 229 4 Worker 962311266
230 230 4 Worker 338394053
231 231 4 Worker 681806252
232 232 4 Worker 587198568
233 233 4 Worker 299455068
234 234 4 Worker 846750620
235 235 4 Worker 153748644
236 236 4 Worker 840212245
237 237 4 Worker 24556230
238 238 4 Worker 800181618
239 239 4 Worker 183337272
240 240 4 Worker 185352386
241 241 4 Worker 453305111
242 242 4 Worker 186174082
243 243 4 Worker 127724999
244 244 4 Worker 32180245
245 245 4 Worker 750556840
246 246 4 Worker 652899197
247 247 4 Worker 934122519
248 248 4 Worker 454572364
249 249 4 Worker 767424949
250 250 4 Worker 673970506
251 251 4 Worker 372939738
252 252 4 Worker 651575004
253 253 4 Worker 38500696
254 254 4 Worker 831315173
255 255 4 Worker 270384707
