0 0 -1 Splicer 264070288
1 1 0 Worker 941739360
2 2 -1 PersistentDB 447839294
3 3 -1 InMemoryDB 532718910
4 4 -1 WorkManager 601232990
5 5 4 Worker 923937795
6 6 4 Worker 688102789
7 7 4 Worker 974808187
8 8 4 Worker 904078771
9 9 4 Worker 1648743
10 10 4 Worker 397220707
11 11 4 Worker 639571546
12 12 4 Worker 181663606
13 13 4 Worker 727668273
14 14 4 Worker 557043191
15 15 4 Worker 588478558
16 16 4 Worker 730248361
17 17 4 Worker 261030871
18 18 4 Worker 356460219
19 19 4 Worker 683377256
20 20 4 Worker 895282862
21 21 4 Worker 21326422
22 22 4 Worker 151953260
23 23 4 Worker 145601259
24 24 4 Worker 954031952
25 25 4 Worker 890383240
26 26 4 Worker 600366979
27 27 4 Worker 450358307
28 28 4 Worker 530601007
29 29 4 Worker 518050557
30 30 4 Worker 258786946
31 31 4 Worker 69124696
32 32 4 Worker 952146843
33 33 4 Worker 717989242
34 34 4 Worker 495211076
35 35 4 Worker 694182113
36 36 4 Worker 757630185
37 37 4 Worker 766023859
38 38 4 Worker 509782742
39 39 4 Worker 60398423
40 40 4 Worker 847861692
41 41 4 Worker 295577520
42 42 4 Worker 710549738
43 43 4 Worker 200303875
44 44 4 Worker 966879438
45 45 4 Worker 837492086
46 46 4 Worker 981198903
47 47 4 Worker 67187926
48 48 4 Worker 513998324
49 49 4 Worker 284152887
50 50 4 Worker 373994858
51 51 4 Worker 305511886
52 52 4 Worker 958736529
53 53 4 Worker 946177883
54 54 4 Worker 425650388
55 55 4 Worker 594466258
56 56 4 Worker 976428698
57 57 4 Worker 820079378
58 58 4 Worker 670026806
59 59 4 Worker 11008759
60 60 4 Worker 787767557
61 61 4 Worker 724563506
62 62 4 Worker 415941648
63 63 4 Worker 730818481
64 64 4 Worker 730787636
65 65 4 Worker 925666455
66 66 4 Worker 312932576
67 67 4 Worker 501275905
68 68 4 Worker 994827736
69 69 4 Worker 777128469
70 70 4 Worker 956801
71 71 4 Worker 298236732
72 72 4 Worker 716120804
73 73 4 Worker 957413238
74 74 4 Worker 897618492
75 75 4 Worker 491475715
76 76 4 Worker 968251896
77 77 4 Worker 125572237
78 78 4 Worker 436738300
79 79 4 Worker 281974976
80 80 4 Worker 106600389
81 81 4 Worker 696423451
82 82 4 Worker 678203803
83 83 4 Worker 974181970
84 84 4 Worker 468688128
85 85 4 Worker 801599062
86 86 4 Worker 167918819
87 87 4 Worker 597813229
88 88 4 Worker 688231511
89 89 4 Worker 527292744
90 90 4 Worker 265171661
91 91 4 Worker 939994484
92 92 4 Worker 837073012
93 93 4 Worker 449395693
94 94 4 Worker 620859060
95 95 4 Worker 575821412
96 96 4 Worker 509417583
97 97 4 Worker 957953527
98 98 4 Worker 830527911
99 99 4 Worker 941625354
100 100 4 Worker 731662858
101 101 4 Worker 968151858
102 102 4 Worker 241275257
103 103 4 Worker 469374596
104 104 4 Worker 136627017
105 105 4 Worker 110998495
106 106 4 Worker 630309280
107 107 4 Worker 296246501
108 108 4 Worker 844612325
109 109 4 Worker 854623462
110 110 4 Worker 835887628
111 111 4 Worker 938123129
112 112 4 Worker 364241722
113 113 4 Worker 760711142
114 114 4 Worker 106975012
115 115 4 Worker 562712751
116 116 4 Worker 127526899
117 117 4 Worker 870234591
118 118 4 Worker 144958140
119 119 4 Worker 337840906
120 120 4 Worker 741468561
121 121 4 Worker 21049380
122 122 4 Worker 327540627
123 123 4 Worker 779753156
124 124 4 Worker 957418445
125 125 4 Worker 961994381
126 126 4 Worker 502289216
127 127 4 Worker 883544990
128 128 4 Worker 673805215
129 129 4 Worker 497565512
130 130 4 Worker 573581303
131 131 4 Worker 607280832
132 132 4 Worker 851889611
133 133 4 Worker 626451988
134 134 4 Worker 92335366
135 135 4 Worker 7983927
136 136 4 Worker 290175156
137 137 4 Worker 937402174
138 138 4 Worker 365307631
139 139 4 Worker 455326368
140 140 4 Worker 762375806
141 141 4 Worker 791647006
142 142 4 Worker 383448667
143 143 4 Worker 208559084
144 144 4 Worker 331292545
145 145 4 Worker 209069719
146 146 4 Worker 101483375
147 147 4 Worker 341562973
148 148 4 Worker 708041611
149 149 4 Worker 559975562
150 150 4 Worker 580658755
151 151 4 Worker 107933075
152 152 4 Worker 479188435
153 153 4 Worker 400620002
154 154 4 Worker 566482961
155 155 4 Worker 644487597
156 156 4 Worker 312195792
157 157 4 Worker 213043699
158 158 4 Worker 787277139
159 159 4 Worker 494560482
160 160 4 Worker 223065183
161 161 4 Worker 384552537
162 162 4 Worker 20899194
163 163 4 Worker 252049782
164 164 4 Worker 483463331
165 165 4 Worker 930574341
166 166 4 Worker 879207718
167 167 4 Worker 10148951
168 168 4 Worker 840914233
169 169 4 Worker 489676618
170 170 4 Worker 835154469
171 171 4 Worker 261474682
172 172 4 Worker 282142514
173 173 4 Worker 700073882
174 174 4 Worker 217470175
175 175 4 Worker 589711787
176 176 4 Worker 207511272
177 177 4 Worker 160305686
178 178 4 Worker 504172499
179 179 4 Worker 36265667
180 180 4 Worker 682694942
181 181 4 Worker 80741149
182 182 4 Worker 981025649
183 183 4 Worker 492531825
184 184 4 Worker 411929576
185 185 4 Worker 157170760
186 186 4 Worker 683126800
187 187 4 Worker 512462025
188 188 4 Worker 218824826
189 189 4 Worker 629684813
190 190 4 Worker 848376846
191 191 4 Worker 939077585
192 192 4 Worker 37772210
193 193 4 Worker 63011513
194 194 4 Worker 621574161
195 195 4 Worker 59087086
196 196 4 Worker 996517682
197 197 4 Worker 877681705
198 198 4 Worker 732230852
199 199 4 Worker 313655448
200 200 4 Worker 520783841
201 201 4 Worker 923375053
202 202 4 Worker 824279131
203 203 4 Worker 317742140
204 204 4 Worker 635920665
205 205 4 Worker 949520757
206 206 4 Worker 44834583
207 207 4 Worker 597247781
208 208 4 Worker 218596944
209 209 4 Worker 146735439
210 210 4 Worker 520532313
211 211 4 Worker 874326828
212 212 4 Worker 676760674
213 213 4 Worker 144713253
214 214 4 Worker 188135987
215 215 4 Worker 2988295
216 216 4 Worker 655673855
217 217 4 Worker 897302360
218 218 4 Worker 436768937
219 219 4 Worker 805878903
220 220 4 Worker 29717000
221 221 4 Worker 434793581
222 222 4 Worker 559661619
223 223 4 Worker 855861501
224 224 4 Worker 808544140
225 225 4 Worker 352424702
226 226 4 Worker 840843699
227 227 4 Worker 82675873
228 228 4 Worker 554822593
229 229 4 Worker 571871219
230 230 4 Worker 281839683
231 231 4 Worker 198716786
232 232 4 Worker 749622005
233 233 4 Worker 405144891
234 234 4 Worker 485754147
235 235 4 Worker 722607009
236 236 4 Worker 685639905
237 237 4 Worker 904030232
238 238 4 Worker 120875341
239 239 4 Worker 543620652
240 240 4 Worker 954382067
241 241 4 Worker 861968542
242 242 4 Worker 447222021
243 243 4 Worker 460419620
244 244 4 Worker 654245112
245 245 4 Worker 680781298
246 246 4 Worker 234820342
247 247 4 Worker 809641249
248 248 4 Worker 532703792
249 249 4 Worker 937409603
250 250 4 Worker 117302774
251 251 4 Worker 410823091
252 252 4 Worker 968917079
253 253 4 Worker 607447874
254 254 4 Worker 370431878
255 255 4 Worker 654356401
