0 0 -1 Splicer 146684034
1 1 0 Worker 229551482
2 2 -1 PersistentDB 190022655
3 3 -1 InMemoryDB 201868645
4 4 -1 WorkManager 605496364
5 5 4 Worker 763052154
6 6 4 Worker 603662718
7 7 4 Worker 840197834
8 8 4 Worker 228080089
9 9 4 Worker 171301969
10 10 4 Worker 141748596
11 11 4 Worker 352473053
12 12 4 Worker 683310048
13 13 4 Worker 825273326
14 14 4 Worker 638458027
15 15 4 Worker 787696623
16 16 4 Worker 99610089
17 17 4 Worker 712992974
18 18 4 Worker 207703279
19 19 4 Worker 801559940
20 20 4 Worker 300428508
21 21 4 Worker 933460362
22 22 4 Worker 811690407
23 23 4 Worker 608348110
24 24 4 Worker 381839836
25 25 4 Worker 226497291
26 26 4 Worker 377048553
27 27 4 Worker 117404955
28 28 4 Worker 927889183
29 29 4 Worker 96353335
30 30 4 Worker 223244942
31 31 4 Worker 925842941
32 32 4 Worker 976870679
33 33 4 Worker 268948246
34 34 4 Worker 658976138
35 35 4 Worker 748796976
36 36 4 Worker 64664474
37 37 4 Worker 789559092
38 38 4 Worker 987010010
39 39 4 Worker 23338112
40 40 4 Worker 939286172
41 41 4 Worker 664622036
42 42 4 Worker 230993184
43 43 4 Worker 649746424
44 44 4 Worker 804149864
45 45 4 Worker 288955305
46 46 4 Worker 182770942
47 47 4 Worker 21465667
48 48 4 Worker 849436993
49 49 4 Worker 472242749
50 50 4 Worker 308797830
51 51 4 Worker 28546095
52 52 4 Worker 256962263
53 53 4 Worker 196488150
54 54 4 Worker 197751023
55 55 4 Worker 872452275
56 56 4 Worker 641197420
57 57 4 Worker 498865460
58 58 4 Worker 913472310
59 59 4 Worker 307430772
60 60 4 Worker 43756789
61 61 4 Worker 642632846
62 62 4 Worker 522459264
63 63 4 Worker 934372359
64 64 4 Worker 263658696
65 65 4 Worker 677336234
66 66 4 Worker 999213643
67 67 4 Worker 859449027
68 68 4 Worker 84465790
69 69 4 Worker 354847243
70 70 4 Worker 881496218
71 71 4 Worker 842199430
72 72 4 Worker 927230291
73 73 4 Worker 688619095
74 74 4 Worker 406115818
75 75 4 Worker 285317688
76 76 4 Worker 940659346
77 77 4 Worker 597604469
78 78 4 Worker 93568417
79 79 4 Worker 25452435
80 80 4 Worker 78043664
81 81 4 Worker 84650843
82 82 4 Worker 263601896
83 83 4 Worker 629392041
84 84 4 Worker 428358757
85 85 4 Worker 102755618
86 86 4 Worker 535642647
87 87 4 Worker 910433958
88 88 4 Worker 607494947
89 89 4 Worker 325276895
90 90 4 Worker 186605613
91 91 4 Worker 118556617
92 92 4 Worker 344714180
93 93 4 Worker 711525881
94 94 4 Worker 321049974
95 95 4 Worker 950506355
96 96 4 Worker 421283152
97 97 4 Worker 389287786
98 98 4 Worker 203548169
99 99 4 Worker 743111869
100 100 4 Worker 83134863
101 101 4 Worker 839194776
102 102 4 Worker 571963439
103 103 4 Worker 587594462
104 104 4 Worker 134111692
105 105 4 Worker 569627685
106 106 4 Worker 112446222
107 107 4 Worker 677948744
108 108 4 Worker 512660501
109 109 4 Worker 882915760
110 110 4 Worker 882960533
111 111 4 Worker 46915619
112 112 4 Worker 916455120
113 113 4 Worker 756251432
114 114 4 Worker 490673247
115 115 4 Worker 617620023
116 116 4 Worker 410404917
117 117 4 Worker 994605658
118 118 4 Worker 533465362
119 119 4 Worker 262187390
120 120 4 Worker 553673848
121 121 4 Worker 844484407
122 122 4 Worker 456686515
123 123 4 Worker 315446629
124 124 4 Worker 166956522
125 125 4 Worker 368847914
126 126 4 Worker 704407955
127 127 4 Worker 581350649
128 128 4 Worker 448672557
129 129 4 Worker 742751644
130 130 4 Worker 152146351
131 131 4 Worker 871671361
132 132 4 Worker 633432732
133 133 4 Worker 614244419
134 134 4 Worker 256136320
135 135 4 Worker 696033092
136 136 4 Worker 639962236
137 137 4 Worker 944454505
138 138 4 Worker 375722686
139 139 4 Worker 38478899
140 140 4 Worker 711874475
141 141 4 Worker 976531215
142 142 4 Worker 768091400
143 143 4 Worker 456434469
144 144 4 Worker 517324317
145 145 4 Worker 541829946
146 146 4 Worker 864732410
147 147 4 Worker 171444708
148 148 4 Worker 206138818
149 149 4 Worker 745446692
150 150 4 Worker 906712930
151 151 4 Worker 545025946
152 152 4 Worker 652173220
153 153 4 Worker 331941415
154 154 4 Worker 495757853
155 155 4 Worker 20523827
156 156 4 Worker 545447099
157 157 4 Worker 850548697
158 158 4 Worker 123684215
159 159 4 Worker 45565515
160 160 4 Worker 26183785
161 161 4 Worker 871122976
162 162 4 Worker 136556389
163 163 4 Worker 484836296
164 164 4 Worker 496414638
165 165 4 Worker 335826230
166 166 4 Worker 961488882
167 167 4 Worker 744521780
168 168 4 Worker 794088942
169 169 4 Worker 561831360
170 170 4 Worker 555198645
171 171 4 Worker 742725875
172 172 4 Worker 573288997
173 173 4 Worker 234768027
174 174 4 Worker 234718297
175 175 4 Worker 152782725
176 176 4 Worker 822498194
177 177 4 Worker 823309813
178 178 4 Worker 831115579
179 179 4 Worker 620302119
180 180 4 Worker 897182689
181 181 4 Worker 426632578
182 182 4 Worker 894451335
183 183 4 Worker 154367341
184 184 4 Worker 675715018
185 185 4 Worker 991604204
186 186 4 Worker 194605287
187 187 4 Worker 843123388
188 188 4 Worker 31270280
189 189 4 Worker 831225476
190 190 4 Worker 410293626
191 191 4 Worker 306827164
192 192 4 Worker 439478786
193 193 4 Worker 882572390
194 194 4 Worker 70042978
195 195 4 Worker 607628493
196 196 4 Worker 194350470
197 197 4 Worker 746572741
198 198 4 Worker 686628954
199 199 4 Worker 283245228
200 200 4 Worker 955879041
201 201 4 Worker 430609765
202 202 4 Worker 652626839
203 203 4 Worker 163824526
204 204 4 Worker 656238669
205 205 4 Worker 606890487
206 206 4 Worker 276681295
207 207 4 Worker 219140880
208 208 4 Worker 311266127
209 209 4 Worker 513788953
210 210 4 Worker 284248708
211 211 4 Worker 429643737
212 212 4 Worker 624500136
213 213 4 Worker 802349247
214 214 4 Worker 361395662
215 215 4 Worker 808871019
216 216 4 Worker 736406989
217 217 4 Worker 790724929
218 218 4 Worker 263080868
219 219 4 Worker 575028863
220 220 4 Worker 415256553
221 221 4 Worker 395361733
222 222 4 Worker 185577717
223 223 4 Worker 501913782
224 224 4 Worker 118000588
225 225 4 Worker 808889813
226 226 4 Worker 454288772
227 227 4 Worker 117711230
228 228 4 Worker 190988001
229 229 4 Worker 688143985
230 230 4 Worker 829523029
231 231 4 Worker 891170087
232 232 4 Worker 125619357
233 233 4 Worker 866755812
234 234 4 Worker 994882433
235 235 4 Worker 674003398
236 236 4 Worker 757901647
237 237 4 Worker 951183866
238 238 4 Worker 746739918
239 239 4 Worker 86007224
240 240 4 Worker 985787695
241 241 4 Worker 777145884
242 242 4 Worker 167130200
243 243 4 Worker 322346307
244 244 4 Worker 377033272
245 245 4 Worker 825834117
246 246 4 Worker 216810216
247 247 4 Worker 599393628
248 248 4 Worker 713808775
249 249 4 Worker 596215151
250 250 4 Worker 719569974
251 251 4 Worker 467295668
252 252 4 Worker 375013375
253 253 4 Worker 548753260
254 254 4 Worker 571836167
255 255 4 Worker 204779463
