0 0 -1 Splicer 131869169
1 1 0 Worker 34886994
2 2 -1 PersistentDB 939237713
3 3 -1 InMemoryDB 742835922
4 4 -1 WorkManager 748078638
5 5 4 Worker 262796300
6 6 4 Worker 446197473
7 7 4 Worker 174302165
8 8 4 Worker 24989445
9 9 4 Worker 3246394
10 10 4 Worker 753000351
11 11 4 Worker 868699035
12 12 4 Worker 322610865
13 13 4 Worker 662215268
14 14 4 Worker 566440541
15 15 4 Worker 62074731
16 16 4 Worker 276265642
17 17 4 Worker 17604406
18 18 4 Worker 741682968
19 19 4 Worker 691865479
20 20 4 Worker 619871530
21 21 4 Worker 651846520
22 22 4 Worker 383073232
23 23 4 Worker 405497567
24 24 4 Worker 636640213
25 25 4 Worker 548921659
26 26 4 Worker 451117905
27 27 4 Worker 17627159
28 28 4 Worker 75897345
29 29 4 Worker 34551990
30 30 4 Worker 49972807
31 31 4 Worker 340828789
32 32 4 Worker 409790932
33 33 4 Worker 776116291
34 34 4 Worker 283154426
35 35 4 Worker 903547339
36 36 4 Worker 192358228
37 37 4 Worker 608252219
38 38 4 Worker 929276339
39 39 4 Worker 242687183
40 40 4 Worker 342373903
41 41 4 Worker 930991010
42 42 4 Worker 176101726
43 43 4 Worker 597900901
44 44 4 Worker 332526250
45 45 4 Worker 844589836
46 46 4 Worker 265428202
47 47 4 Worker 281336349
48 48 4 Worker 526984607
49 49 4 Worker 435262396
50 50 4 Worker 543198460
51 51 4 Worker 276344616
52 52 4 Worker 962318772
53 53 4 Worker 934876139
54 54 4 Worker 241074712
55 55 4 Worker 595882045
56 56 4 Worker 383882039
57 57 4 Worker 317953262
58 58 4 Worker 707169151
59 59 4 Worker 438305850
60 60 4 Worker 481478073
61 61 4 Worker 767628553
62 62 4 Worker 121521189
63 63 4 Worker 549029357
64 64 4 Worker 664728658
65 65 4 Worker 664032758
66 66 4 Worker 192205910
67 67 4 Worker 298793645
68 68 4 Worker 368095639
69 69 4 Worker 628610132
70 70 4 Worker 769518923
71 71 4 Worker 683916410
72 72 4 Worker 57812524
73 73 4 Worker 77056541
74 74 4 Worker 212559850
75 75 4 Worker 624665642
76 76 4 Worker 404537072
77 77 4 Worker 711367965
78 78 4 Worker 372539799
79 79 4 Worker 210759782
80 80 4 Worker 732912215
81 81 4 Worker 669382769
82 82 4 Worker 823396686
83 83 4 Worker 825566869
84 84 4 Worker 345045248
85 85 4 Worker 960796009
86 86 4 Worker 604132980
87 87 4 Worker 459180557
88 88 4 Worker 477354303
89 89 4 Worker 336629419
90 90 4 Worker 258256553
91 91 4 Worker 393211127
92 92 4 Worker 506653571
93 93 4 Worker 645069227
94 94 4 Worker 309768866
95 95 4 Worker 325090377
96 96 4 Worker 365498602
97 97 4 Worker 65520101
98 98 4 Worker 225327666
99 99 4 Worker 133814493
100 100 4 Worker 115752882
101 101 4 Worker 474672678
102 102 4 Worker 741516378
103 103 4 Worker 203345322
104 104 4 Worker 444231382
105 105 4 Worker 79399858
106 106 4 Worker 936780603
107 107 4 Worker 208979535
108 108 4 Worker 999192930
109 109 4 Worker 201474582
110 110 4 Worker 199188843
111 111 4 Worker 818686369
112 112 4 Worker 360580277
113 113 4 Worker 332851619
114 114 4 Worker 182783669
115 115 4 Worker 816625983
116 116 4 Worker 176089285
117 117 4 Worker 709085492
118 118 4 Worker 322092017
119 119 4 Worker 584097358
120 120 4 Worker 897334287
121 121 4 Worker 282205520
122 122 4 Worker 817056727
123 123 4 Worker 348321294
124 124 4 Worker 510813381
125 125 4 Worker 412148190
126 126 4 Worker 615700138
127 127 4 Worker 915891061
128 128 4 Worker 693982874
129 129 4 Worker 143774951
130 130 4 Worker 132762439
131 131 4 Worker 792243162
132 132 4 Worker 457360437
133 133 4 Worker 741804615
134 134 4 Worker 673171922
135 135 4 Worker 576648714
136 136 4 Worker 337962289
137 137 4 Worker 963886132
138 138 4 Worker 433369252
139 139 4 Worker 585613492
140 140 4 Worker 101642923
141 141 4 Worker 109612201
142 142 4 Worker 427254045
143 143 4 Worker 651031772
144 144 4 Worker 22432239
145 145 4 Worker 416435419
146 146 4 Worker 833161479
147 147 4 Worker 900425564
148 148 4 Worker 57288879
149 149 4 Worker 832743073
150 150 4 Worker 911294222
151 151 4 Worker 225577806
152 152 4 Worker 526686704
153 153 4 Worker 824740204
154 154 4 Worker 601823261
155 155 4 Worker 443632849
156 156 4 Worker 300807906
157 157 4 Worker 93173143
158 158 4 Worker 118607227
159 159 4 Worker 269827255
160 160 4 Worker 117192628
161 161 4 Worker 566275443
162 162 4 Worker 475712397
163 163 4 Worker 707409340
164 164 4 Worker 588139207
165 165 4 Worker 542044644
166 166 4 Worker 410007549
167 167 4 Worker 950921686
168 168 4 Worker 701846861
169 169 4 Worker 144999684
170 170 4 Worker 94890991
171 171 4 Worker 946608838
172 172 4 Worker 474405918
173 173 4 Worker 374393266
174 174 4 Worker 465981414
175 175 4 Worker 601534105
176 176 4 Worker 525601534
177 177 4 Worker 634254979
178 178 4 Worker 877992915
179 179 4 Worker 266079517
180 180 4 Worker 761463485
181 181 4 Worker 860591969
182 182 4 Worker 591058359
183 183 4 Worker 670851591
184 184 4 Worker 573063835
185 185 4 Worker 363019859
186 186 4 Worker 297805480
187 187 4 Worker 360651886
188 188 4 Worker 377336484
189 189 4 Worker 829954131
190 190 4 Worker 116130142
191 191 4 Worker 492023008
192 192 4 Worker 807251841
193 193 4 Worker 643342583
194 194 4 Worker 984494769
195 195 4 Worker 794430769
196 196 4 Worker 98736441
197 197 4 Worker 597740742
198 198 4 Worker 538483934
199 199 4 Worker 806701987
200 200 4 Worker 910562780
201 201 4 Worker 949366175
202 202 4 Worker 170640880
203 203 4 Worker 929687455
204 204 4 Worker 223775675
205 205 4 Worker 637670093
206 206 4 Worker 734168103
207 207 4 Worker 328563107
208 208 4 Worker 128577538
209 209 4 Worker 751109169
210 210 4 Worker 482692171
211 211 4 Worker 913329394
212 212 4 Worker 871829932
213 213 4 Worker 963109019
214 214 4 Worker 453398182
215 215 4 Worker 462563839
216 216 4 Worker 961918475
217 217 4 Worker 394094063
218 218 4 Worker 852974192
219 219 4 Worker 454830444
220 220 4 Worker 659477802
221 221 4 Worker 834550009
222 222 4 Worker 351130396
223 223 4 Worker 76513103
224 224 4 Worker 686428685
225 225 4 Worker 962780019
226 226 4 Worker 479336510
227 227 4 Worker 411906212
228 228 4 Worker 57325165
229 229 4 Worker 860104109
230 230 4 Worker 106374409
231 231 4 Worker 631167169
232 232 4 Worker 731000909
233 233 4 Worker 370773271
234 234 4 Worker 901363276
235 235 4 Worker 792567250
236 236 4 Worker 706525324
237 237 4 Worker 828848856
238 238 4 Worker 294465851
239 239 4 Worker 396021297
240 240 4 Worker 389449876
241 241 4 Worker 809564154
242 242 4 Worker 142722218
243 243 4 Worker 973450064
244 244 4 Worker 826919381
245 245 4 Worker 32251036
246 246 4 Worker 839512095
247 247 4 Worker 751546054
248 248 4 Worker 325885410
249 249 4 Worker 437551721
250 250 4 Worker 410392760
251 251 4 Worker 182434340
252 252 4 Worker 792189330
253 253 4 Worker 343604154
254 254 4 Worker 603462409
255 255 4 Worker 54386830
