0 0 -1 Splicer 459790130
1 1 0 Worker 735028621
2 2 -1 PersistentDB 264088894
3 3 -1 InMemoryDB 971984340
4 4 -1 WorkManager 412258563
5 5 4 Worker 644108439
6 6 4 Worker 554285865
7 7 4 Worker 548008845
8 8 4 Worker 542108140
9 9 4 Worker 871735740
10 10 4 Worker 882253778
11 11 4 Worker 672552137
12 12 4 Worker 891758956
13 13 4 Worker 708794877
14 14 4 Worker 403010061
15 15 4 Worker 273590421
16 16 4 Worker 962274595
17 17 4 Worker 699832747
18 18 4 Worker 536941457
19 19 4 Worker 350297360
20 20 4 Worker 245970580
21 21 4 Worker 730321117
22 22 4 Worker 378057102
23 23 4 Worker 972713391
24 24 4 Worker 433753112
25 25 4 Worker 875977813
26 26 4 Worker 436127071
27 27 4 Worker 764649629
28 28 4 Worker 737509706
29 29 4 Worker 217764312
30 30 4 Worker 556255741
31 31 4 Worker 283967644
