0 0 -1 Splicer 685137387
1 1 0 Worker 568369207
2 2 -1 PersistentDB 927594441
3 3 -1 InMemoryDB 619762739
4 4 -1 WorkManager 161156268
5 5 4 Worker 800148550
6 6 4 Worker 253792387
7 7 4 Worker 267130133
8 8 4 Worker 52652314
9 9 4 Worker 187982448
10 10 4 Worker 791156589
11 11 4 Worker 215245697
12 12 4 Worker 848107232
13 13 4 Worker 677014144
14 14 4 Worker 812196206
15 15 4 Worker 371575640
16 16 4 Worker 875425111
17 17 4 Worker 441106258
18 18 4 Worker 918476056
19 19 4 Worker 384720315
20 20 4 Worker 241145608
21 21 4 Worker 188290545
22 22 4 Worker 809941834
23 23 4 Worker 485317388
24 24 4 Worker 924363126
25 25 4 Worker 26861126
26 26 4 Worker 686995891
27 27 4 Worker 496272185
28 28 4 Worker 257052581
29 29 4 Worker 950636957
30 30 4 Worker 622720085
31 31 4 Worker 541096541
