0 0 -1 Splicer 595511179
1 1 0 Worker 766934225
2 2 -1 PersistentDB 375757881
3 3 -1 InMemoryDB 898631843
4 4 -1 WorkManager 98645065
5 5 4 Worker 275192032
6 6 4 Worker 814509087
7 7 4 Worker 479854294
8 8 4 Worker 646516763
9 9 4 Worker 978007984
10 10 4 Worker 438212500
11 11 4 Worker 918952468
12 12 4 Worker 502598783
13 13 4 Worker 641301258
14 14 4 Worker 635157936
15 15 4 Worker 597165385
16 16 4 Worker 32969122
17 17 4 Worker 76023909
18 18 4 Worker 973376388
19 19 4 Worker 69155490
20 20 4 Worker 862372399
21 21 4 Worker 624135913
22 22 4 Worker 249326762
23 23 4 Worker 838677775
24 24 4 Worker 781746298
25 25 4 Worker 225292575
26 26 4 Worker 259545607
27 27 4 Worker 747293508
28 28 4 Worker 250052734
29 29 4 Worker 237842734
30 30 4 Worker 765794865
31 31 4 Worker 558350129
32 32 4 Worker 332685708
33 33 4 Worker 492411597
34 34 4 Worker 442898321
35 35 4 Worker 735577594
36 36 4 Worker 579204643
37 37 4 Worker 554990157
38 38 4 Worker 766291491
39 39 4 Worker 875902272
40 40 4 Worker 525899488
41 41 4 Worker 992211997
42 42 4 Worker 572771823
43 43 4 Worker 487871427
44 44 4 Worker 536981590
45 45 4 Worker 189135147
46 46 4 Worker 301242835
47 47 4 Worker 880135606
48 48 4 Worker 185838892
49 49 4 Worker 848401320
50 50 4 Worker 499946747
51 51 4 Worker 779857808
52 52 4 Worker 743217555
53 53 4 Worker 98909757
54 54 4 Worker 766783840
55 55 4 Worker 908298245
56 56 4 Worker 946967841
57 57 4 Worker 334132596
58 58 4 Worker 684506366
59 59 4 Worker 815918013
60 60 4 Worker 763688863
61 61 4 Worker 898249751
62 62 4 Worker 750727628
63 63 4 Worker 250237510
64 64 4 Worker 252623037
65 65 4 Worker 148184789
66 66 4 Worker 541916173
67 67 4 Worker 965176903
68 68 4 Worker 175199741
69 69 4 Worker 446727676
70 70 4 Worker 428945998
71 71 4 Worker 287116520
72 72 4 Worker 617323943
73 73 4 Worker 961640044
74 74 4 Worker 333063079
75 75 4 Worker 408882716
76 76 4 Worker 990315720
77 77 4 Worker 3723905
78 78 4 Worker 622701582
79 79 4 Worker 299636327
80 80 4 Worker 461028568
81 81 4 Worker 757254367
82 82 4 Worker 597596321
83 83 4 Worker 690123535
84 84 4 Worker 164438785
85 85 4 Worker 554474084
86 86 4 Worker 191432079
87 87 4 Worker 694108376
88 88 4 Worker 134638398
89 89 4 Worker 225535036
90 90 4 Worker 13152877
91 91 4 Worker 915302359
92 92 4 Worker 351524068
93 93 4 Worker 969848800
94 94 4 Worker 948296266
95 95 4 Worker 627171427
96 96 4 Worker 72107145
97 97 4 Worker 180840243
98 98 4 Worker 221751233
99 99 4 Worker 766637893
100 100 4 Worker 633215685
101 101 4 Worker 130957358
102 102 4 Worker 524478607
103 103 4 Worker 316204753
104 104 4 Worker 460514175
105 105 4 Worker 624720783
106 106 4 Worker 181741974
107 107 4 Worker 877022891
108 108 4 Worker 518092211
109 109 4 Worker 625282802
110 110 4 Worker 495713089
111 111 4 Worker 965230928
112 112 4 Worker 290892962
113 113 4 Worker 360381470
114 114 4 Worker 254493227
115 115 4 Worker 659477307
116 116 4 Worker 88193146
117 117 4 Worker 783948227
118 118 4 Worker 231313577
119 119 4 Worker 753090414
120 120 4 Worker 744045682
121 121 4 Worker 606072738
122 122 4 Worker 361592850
123 123 4 Worker 868781371
124 124 4 Worker 856206918
125 125 4 Worker 715975432
126 126 4 Worker 311531746
127 127 4 Worker 461131978
