0 0 -1 Splicer 691695285
1 1 0 Worker 385288935
2 2 -1 PersistentDB 456928735
3 3 -1 InMemoryDB 248067706
4 4 -1 WorkManager 191197865
5 5 4 Worker 288114393
6 6 4 Worker 876327521
7 7 4 Worker 85011448
8 8 4 Worker 317021848
9 9 4 Worker 400719976
10 10 4 Worker 290163225
11 11 4 Worker 689164623
12 12 4 Worker 480464866
13 13 4 Worker 447662537
14 14 4 Worker 169610385
15 15 4 Worker 724080444
16 16 4 Worker 415556627
17 17 4 Worker 727977888
18 18 4 Worker 259407514
19 19 4 Worker 4457123
20 20 4 Worker 672055480
21 21 4 Worker 392709415
22 22 4 Worker 212984985
23 23 4 Worker 332191519
24 24 4 Worker 40493854
25 25 4 Worker 283625762
26 26 4 Worker 898485718
27 27 4 Worker 818314835
28 28 4 Worker 440878922
29 29 4 Worker 357877044
30 30 4 Worker 682944445
31 31 4 Worker 942738104
