0 0 -1 Splicer 437084353
1 1 0 Worker 260041834
2 2 -1 PersistentDB 838913690
3 3 -1 InMemoryDB 462716769
4 4 -1 WorkManager 713452505
5 5 4 Worker 657638398
6 6 4 Worker 753783518
7 7 4 Worker 935034226
8 8 4 Worker 571823035
9 9 4 Worker 101294612
10 10 4 Worker 202491912
11 11 4 Worker 35485840
12 12 4 Worker 300882326
13 13 4 Worker 447857717
14 14 4 Worker 115063331
15 15 4 Worker 846842336
16 16 4 Worker 198380270
17 17 4 Worker 159623327
18 18 4 Worker 794969347
19 19 4 Worker 717218126
20 20 4 Worker 291338006
21 21 4 Worker 445037045
22 22 4 Worker 709128959
23 23 4 Worker 262998323
24 24 4 Worker 935621970
25 25 4 Worker 504614626
26 26 4 Worker 375449423
27 27 4 Worker 146745547
28 28 4 Worker 176566277
29 29 4 Worker 363355416
30 30 4 Worker 261443158
31 31 4 Worker 884624536
