0 0 -1 Splicer 774889521
1 1 0 Worker 391706802
2 2 -1 PersistentDB 474020057
3 3 -1 InMemoryDB 28460462
4 4 -1 WorkManager 364140780
5 5 4 Worker 957821062
6 6 4 Worker 504811862
7 7 4 Worker 734695147
8 8 4 Worker 483001468
9 9 4 Worker 418060186
10 10 4 Worker 932864328
11 11 4 Worker 102875721
12 12 4 Worker 131775362
13 13 4 Worker 224545630
14 14 4 Worker 15354021
15 15 4 Worker 367909669
16 16 4 Worker 245121511
17 17 4 Worker 870641543
18 18 4 Worker 375703202
19 19 4 Worker 711508807
20 20 4 Worker 806526690
21 21 4 Worker 882289034
22 22 4 Worker 528888034
23 23 4 Worker 320765849
24 24 4 Worker 832373338
25 25 4 Worker 936232917
26 26 4 Worker 320075612
27 27 4 Worker 81272098
28 28 4 Worker 322453543
29 29 4 Worker 671432926
30 30 4 Worker 835153308
31 31 4 Worker 760912075
32 32 4 Worker 461349673
33 33 4 Worker 994519216
34 34 4 Worker 573051915
35 35 4 Worker 47667187
36 36 4 Worker 865175551
37 37 4 Worker 80967562
38 38 4 Worker 500822886
39 39 4 Worker 806566534
40 40 4 Worker 745063949
41 41 4 Worker 496904057
42 42 4 Worker 165844810
43 43 4 Worker 548802653
44 44 4 Worker 402985327
45 45 4 Worker 802593184
46 46 4 Worker 43692335
47 47 4 Worker 19886862
48 48 4 Worker 887699947
49 49 4 Worker 24392819
50 50 4 Worker 280797730
51 51 4 Worker 856804841
52 52 4 Worker 957429666
53 53 4 Worker 673208487
54 54 4 Worker 126580334
55 55 4 Worker 321680105
56 56 4 Worker 341038257
57 57 4 Worker 410853258
58 58 4 Worker 776367406
59 59 4 Worker 106146556
60 60 4 Worker 728411394
61 61 4 Worker 303812907
62 62 4 Worker 29822692
63 63 4 Worker 684383281
64 64 4 Worker 286636175
65 65 4 Worker 565723696
66 66 4 Worker 333871523
67 67 4 Worker 534354936
68 68 4 Worker 81941275
69 69 4 Worker 325421640
70 70 4 Worker 161536767
71 71 4 Worker 644203689
72 72 4 Worker 560755109
73 73 4 Worker 440997370
74 74 4 Worker 927384805
75 75 4 Worker 334481952
76 76 4 Worker 517889465
77 77 4 Worker 448847949
78 78 4 Worker 597512245
79 79 4 Worker 338570458
80 80 4 Worker 860659374
81 81 4 Worker 168474246
82 82 4 Worker 484364142
83 83 4 Worker 934542189
84 84 4 Worker 257563916
85 85 4 Worker 397105167
86 86 4 Worker 57150506
87 87 4 Worker 92759333
88 88 4 Worker 249504828
89 89 4 Worker 892304326
90 90 4 Worker 337933721
91 91 4 Worker 558309851
92 92 4 Worker 816496584
93 93 4 Worker 492398239
94 94 4 Worker 233151743
95 95 4 Worker 471451708
96 96 4 Worker 316191573
97 97 4 Worker 333296207
98 98 4 Worker 885398607
99 99 4 Worker 915083187
100 100 4 Worker 932938630
101 101 4 Worker 47026516
102 102 4 Worker 472994555
103 103 4 Worker 815547760
104 104 4 Worker 17785730
105 105 4 Worker 620001291
106 106 4 Worker 11278789
107 107 4 Worker 669186538
108 108 4 Worker 99243637
109 109 4 Worker 935914029
110 110 4 Worker 407748714
111 111 4 Worker 454176658
112 112 4 Worker 145088930
113 113 4 Worker 640309989
114 114 4 Worker 529570412
115 115 4 Worker 244440
116 116 4 Worker 967175928
117 117 4 Worker 138969880
118 118 4 Worker 559013043
119 119 4 Worker 953980910
120 120 4 Worker 396852209
121 121 4 Worker 717358813
122 122 4 Worker 161843227
123 123 4 Worker 582215644
124 124 4 Worker 965482530
125 125 4 Worker 2162455
126 126 4 Worker 130188232
127 127 4 Worker 278906540
128 128 4 Worker 106218263
129 129 4 Worker 834333510
130 130 4 Worker 987584870
131 131 4 Worker 968388782
132 132 4 Worker 672769406
133 133 4 Worker 978458315
134 134 4 Worker 842438241
135 135 4 Worker 166449511
136 136 4 Worker 914651495
137 137 4 Worker 965942390
138 138 4 Worker 580121864
139 139 4 Worker 310752950
140 140 4 Worker 183663777
141 141 4 Worker 771307525
142 142 4 Worker 466649738
143 143 4 Worker 864081579
144 144 4 Worker 110065948
145 145 4 Worker 390394375
146 146 4 Worker 560677100
147 147 4 Worker 589263151
148 148 4 Worker 388777474
149 149 4 Worker 307986548
150 150 4 Worker 878343796
151 151 4 Worker 715024134
152 152 4 Worker 531119681
153 153 4 Worker 678671082
154 154 4 Worker 288230294
155 155 4 Worker 998547706
156 156 4 Worker 789987246
157 157 4 Worker 748364731
158 158 4 Worker 692096173
159 159 4 Worker 218495103
160 160 4 Worker 265877562
161 161 4 Worker 122365794
162 162 4 Worker 854317392
163 163 4 Worker 618240430
164 164 4 Worker 648090024
165 165 4 Worker 792828005
166 166 4 Worker 414215116
167 167 4 Worker 693688996
168 168 4 Worker 922844101
169 169 4 Worker 740139268
170 170 4 Worker 764065890
171 171 4 Worker 304834833
172 172 4 Worker 193661832
173 173 4 Worker 728693822
174 174 4 Worker 2909952
175 175 4 Worker 554307643
176 176 4 Worker 602270088
177 177 4 Worker 483571206
178 178 4 Worker 828654589
179 179 4 Worker 419434954
180 180 4 Worker 773018191
181 181 4 Worker 287391010
182 182 4 Worker 828116862
183 183 4 Worker 730364285
184 184 4 Worker 796512883
185 185 4 Worker 760911322
186 186 4 Worker 658016365
187 187 4 Worker 74883861
188 188 4 Worker 573485642
189 189 4 Worker 858567389
190 190 4 Worker 715475071
191 191 4 Worker 784897703
192 192 4 Worker 21306376
193 193 4 Worker 601982584
194 194 4 Worker 92633611
195 195 4 Worker 498040769
196 196 4 Worker 896956728
197 197 4 Worker 769388985
198 198 4 Worker 34576428
199 199 4 Worker 198399637
200 200 4 Worker 14342508
201 201 4 Worker 575420090
202 202 4 Worker 946169502
203 203 4 Worker 758981757
204 204 4 Worker 789503424
205 205 4 Worker 180601727
206 206 4 Worker 412835103
207 207 4 Worker 745808286
208 208 4 Worker 799193112
209 209 4 Worker 558162117
210 210 4 Worker 150979976
211 211 4 Worker 338828277
212 212 4 Worker 961037422
213 213 4 Worker 952466408
214 214 4 Worker 946753015
215 215 4 Worker 359991445
216 216 4 Worker 721390412
217 217 4 Worker 644947853
218 218 4 Worker 58509601
219 219 4 Worker 577944832
220 220 4 Worker 774965956
221 221 4 Worker 212672160
222 222 4 Worker 552673193
223 223 4 Worker 725662263
224 224 4 Worker 521845064
225 225 4 Worker 538827566
226 226 4 Worker 872321370
227 227 4 Worker 319841635
228 228 4 Worker 595667062
229 229 4 Worker 561979351
230 230 4 Worker 569868281
231 231 4 Worker 977462133
232 232 4 Worker 645931680
233 233 4 Worker 882379045
234 234 4 Worker 244510573
235 235 4 Worker 323635197
236 236 4 Worker 859098338
237 237 4 Worker 500509130
238 238 4 Worker 215752487
239 239 4 Worker 82173622
240 240 4 Worker 72975399
241 241 4 Worker 186753058
242 242 4 Worker 864851880
243 243 4 Worker 209367086
244 244 4 Worker 451324850
245 245 4 Worker 803598767
246 246 4 Worker 839560732
247 247 4 Worker 460352886
248 248 4 Worker 520942373
249 249 4 Worker 3030178
250 250 4 Worker 416072789
251 251 4 Worker 427711211
252 252 4 Worker 97675742
253 253 4 Worker 50040766
254 254 4 Worker 131084437
255 255 4 Worker 343191143
