0 0 -1 Splicer 187602801
1 1 0 Worker 586508228
2 2 -1 PersistentDB 670151217
3 3 -1 InMemoryDB 941707689
4 4 -1 WorkManager 490918410
5 5 4 Worker 419714568
6 6 4 Worker 259974369
7 7 4 Worker 230015521
8 8 4 Worker 642286684
9 9 4 Worker 692749026
10 10 4 Worker 973369328
11 11 4 Worker 677653234
12 12 4 Worker 314348878
13 13 4 Worker 68420710
14 14 4 Worker 684248191
15 15 4 Worker 428206977
16 16 4 Worker 64130522
17 17 4 Worker 63316297
18 18 4 Worker 149296229
19 19 4 Worker 656841935
20 20 4 Worker 178245887
21 21 4 Worker 765938451
22 22 4 Worker 967403211
23 23 4 Worker 664513707
24 24 4 Worker 350047938
25 25 4 Worker 397858545
26 26 4 Worker 556374470
27 27 4 Worker 4483536
28 28 4 Worker 763091813
29 29 4 Worker 275830047
30 30 4 Worker 534055750
31 31 4 Worker 912581837
