0 0 -1 Splicer 262502301
1 1 0 Worker 659748663
2 2 -1 PersistentDB 193398437
3 3 -1 InMemoryDB 101180128
4 4 -1 WorkManager 123546547
5 5 4 Worker 830936283
6 6 4 Worker 57519576
7 7 4 Worker 801376731
8 8 4 Worker 338218474
9 9 4 Worker 142552698
10 10 4 Worker 404990969
11 11 4 Worker 160291778
12 12 4 Worker 527222609
13 13 4 Worker 613712140
14 14 4 Worker 4719963
15 15 4 Worker 599009446
16 16 4 Worker 943797373
17 17 4 Worker 702160474
18 18 4 Worker 843526014
19 19 4 Worker 612155445
20 20 4 Worker 745707401
21 21 4 Worker 671497338
22 22 4 Worker 569965483
23 23 4 Worker 749653883
24 24 4 Worker 536564170
25 25 4 Worker 985736539
26 26 4 Worker 316177913
27 27 4 Worker 138575271
28 28 4 Worker 337638015
29 29 4 Worker 551482176
30 30 4 Worker 23282639
31 31 4 Worker 744526772
