0 0 -1 Splicer 201234864
1 1 0 Worker 32284341
2 2 -1 PersistentDB 113207519
3 3 -1 InMemoryDB 839493378
4 4 -1 WorkManager 163359587
5 5 4 Worker 937122109
6 6 4 Worker 190391609
7 7 4 Worker 676155111
8 8 4 Worker 665838096
9 9 4 Worker 958151641
10 10 4 Worker 483129665
11 11 4 Worker 972747470
12 12 4 Worker 968987880
13 13 4 Worker 323412936
14 14 4 Worker 407414134
15 15 4 Worker 394675014
16 16 4 Worker 39594074
17 17 4 Worker 582308120
18 18 4 Worker 606850727
19 19 4 Worker 806389100
20 20 4 Worker 19309341
21 21 4 Worker 51195210
22 22 4 Worker 614083771
23 23 4 Worker 783609514
24 24 4 Worker 795356287
25 25 4 Worker 179238900
26 26 4 Worker 649598848
27 27 4 Worker 950119505
28 28 4 Worker 393996807
29 29 4 Worker 79043649
30 30 4 Worker 236089527
31 31 4 Worker 867015399
32 32 4 Worker 70818040
33 33 4 Worker 48793752
34 34 4 Worker 870801707
35 35 4 Worker 500870358
36 36 4 Worker 851703720
37 37 4 Worker 151960770
38 38 4 Worker 699230883
39 39 4 Worker 982607541
40 40 4 Worker 790452484
41 41 4 Worker 902229821
42 42 4 Worker 354543795
43 43 4 Worker 823855073
44 44 4 Worker 236306036
45 45 4 Worker 977861274
46 46 4 Worker 267141899
47 47 4 Worker 303053672
48 48 4 Worker 423846462
49 49 4 Worker 187478331
50 50 4 Worker 485333064
51 51 4 Worker 912257947
52 52 4 Worker 904165341
53 53 4 Worker 117300007
54 54 4 Worker 776435930
55 55 4 Worker 526631311
56 56 4 Worker 846583177
57 57 4 Worker 140665314
58 58 4 Worker 887323952
59 59 4 Worker 691370175
60 60 4 Worker 404081698
61 61 4 Worker 120979073
62 62 4 Worker 366079363
63 63 4 Worker 909003618
64 64 4 Worker 251743173
65 65 4 Worker 569493328
66 66 4 Worker 964918085
67 67 4 Worker 732635466
68 68 4 Worker 165212841
69 69 4 Worker 970446659
70 70 4 Worker 955432705
71 71 4 Worker 853983001
72 72 4 Worker 922885727
73 73 4 Worker 528920226
74 74 4 Worker 219540985
75 75 4 Worker 848751568
76 76 4 Worker 442161006
77 77 4 Worker 895225007
78 78 4 Worker 380357450
79 79 4 Worker 509938041
80 80 4 Worker 614583519
81 81 4 Worker 501290547
82 82 4 Worker 587141086
83 83 4 Worker 575527421
84 84 4 Worker 325261681
85 85 4 Worker 30725254
86 86 4 Worker 806419130
87 87 4 Worker 383117020
88 88 4 Worker 11901898
89 89 4 Worker 200101516
90 90 4 Worker 464707176
91 91 4 Worker 531978290
92 92 4 Worker 373871035
93 93 4 Worker 887773019
94 94 4 Worker 199097084
95 95 4 Worker 454965944
96 96 4 Worker 84641508
97 97 4 Worker 971024721
98 98 4 Worker 549504244
99 99 4 Worker 993987873
100 100 4 Worker 175326974
101 101 4 Worker 649714505
102 102 4 Worker 181160036
103 103 4 Worker 313460698
104 104 4 Worker 655131627
105 105 4 Worker 934162878
106 106 4 Worker 713730362
107 107 4 Worker 906075221
108 108 4 Worker 945722000
109 109 4 Worker 788035028
110 110 4 Worker 877561152
111 111 4 Worker 113366057
112 112 4 Worker 18057059
113 113 4 Worker 81655490
114 114 4 Worker 239086231
115 115 4 Worker 473753882
116 116 4 Worker 152664162
117 117 4 Worker 818051133
118 118 4 Worker 416253312
119 119 4 Worker 141315998
120 120 4 Worker 957255761
121 121 4 Worker 45929758
122 122 4 Worker 219079872
123 123 4 Worker 647384435
124 124 4 Worker 46529611
125 125 4 Worker 726143454
126 126 4 Worker 159909330
127 127 4 Worker 9779191
