0 0 -1 Splicer 617051268
1 1 0 Worker 345188313
2 2 -1 PersistentDB 469966183
3 3 -1 InMemoryDB 437408889
4 4 -1 WorkManager 707316241
5 5 4 Worker 30690080
6 6 4 Worker 744624138
7 7 4 Worker 982788683
8 8 4 Worker 737872805
9 9 4 Worker 170490713
10 10 4 Worker 441078772
11 11 4 Worker 332760148
12 12 4 Worker 413324739
13 13 4 Worker 51909797
14 14 4 Worker 779231777
15 15 4 Worker 259571959
16 16 4 Worker 333431911
17 17 4 Worker 503834198
18 18 4 Worker 224511357
19 19 4 Worker 322137633
20 20 4 Worker 914085446
21 21 4 Worker 490081288
22 22 4 Worker 96564586
23 23 4 Worker 207260923
24 24 4 Worker 265516527
25 25 4 Worker 967327994
26 26 4 Worker 388962478
27 27 4 Worker 754081154
28 28 4 Worker 326814349
29 29 4 Worker 697521541
30 30 4 Worker 367403023
31 31 4 Worker 208453503
