0 0 -1 Splicer 984347419
1 1 0 Worker 460826534
2 2 -1 PersistentDB 21606768
3 3 -1 InMemoryDB 412433794
4 4 -1 WorkManager 296471417
5 5 4 Worker 118531469
6 6 4 Worker 732240332
7 7 4 Worker 265224081
8 8 4 Worker 625893507
9 9 4 Worker 724338682
10 10 4 Worker 650179282
11 11 4 Worker 634268738
12 12 4 Worker 237195654
13 13 4 Worker 404115508
14 14 4 Worker 817943813
15 15 4 Worker 581660856
16 16 4 Worker 290346720
17 17 4 Worker 915187088
18 18 4 Worker 526498008
19 19 4 Worker 180160135
20 20 4 Worker 975004873
21 21 4 Worker 504540942
22 22 4 Worker 411956070
23 23 4 Worker 822775079
24 24 4 Worker 259600621
25 25 4 Worker 179857398
26 26 4 Worker 366518249
27 27 4 Worker 374070260
28 28 4 Worker 540114454
29 29 4 Worker 510330552
30 30 4 Worker 325528514
31 31 4 Worker 925311171
32 32 4 Worker 426394692
33 33 4 Worker 756948417
34 34 4 Worker 725953516
35 35 4 Worker 698311310
36 36 4 Worker 686405540
37 37 4 Worker 676652693
38 38 4 Worker 159710788
39 39 4 Worker 349267978
40 40 4 Worker 531591397
41 41 4 Worker 646092923
42 42 4 Worker 270716426
43 43 4 Worker 634473217
44 44 4 Worker 252435893
45 45 4 Worker 636774439
46 46 4 Worker 536744319
47 47 4 Worker 472935727
48 48 4 Worker 69030306
49 49 4 Worker 59374720
50 50 4 Worker 917124982
51 51 4 Worker 532090829
52 52 4 Worker 544032359
53 53 4 Worker 318209098
54 54 4 Worker 688994474
55 55 4 Worker 680495936
56 56 4 Worker 279111381
57 57 4 Worker 709410604
58 58 4 Worker 848654050
59 59 4 Worker 957277375
60 60 4 Worker 809091830
61 61 4 Worker 191846270
62 62 4 Worker 318581748
63 63 4 Worker 176635537
64 64 4 Worker 630965952
65 65 4 Worker 165241229
66 66 4 Worker 508070703
67 67 4 Worker 548756252
68 68 4 Worker 775554090
69 69 4 Worker 290215501
70 70 4 Worker 410488538
71 71 4 Worker 544908934
72 72 4 Worker 93882121
73 73 4 Worker 771541479
74 74 4 Worker 706594616
75 75 4 Worker 614445717
76 76 4 Worker 160598642
77 77 4 Worker 505575386
78 78 4 Worker 204596328
79 79 4 Worker 314569255
80 80 4 Worker 830731555
81 81 4 Worker 876721439
82 82 4 Worker 207145402
83 83 4 Worker 582813270
84 84 4 Worker 943891148
85 85 4 Worker 739395797
86 86 4 Worker 358002106
87 87 4 Worker 841790685
88 88 4 Worker 564075584
89 89 4 Worker 549659759
90 90 4 Worker 880345511
91 91 4 Worker 818862243
92 92 4 Worker 7411753
93 93 4 Worker 5173493
94 94 4 Worker 513609364
95 95 4 Worker 12415191
96 96 4 Worker 645117478
97 97 4 Worker 278387321
98 98 4 Worker 754120485
99 99 4 Worker 481043572
100 100 4 Worker 686914586
101 101 4 Worker 35516185
102 102 4 Worker 242413735
103 103 4 Worker 17907543
104 104 4 Worker 317768240
105 105 4 Worker 434874233
106 106 4 Worker 676814944
107 107 4 Worker 610557775
108 108 4 Worker 504387036
109 109 4 Worker 463435817
110 110 4 Worker 335482059
111 111 4 Worker 678343074
112 112 4 Worker 657920539
113 113 4 Worker 453832446
114 114 4 Worker 359467423
115 115 4 Worker 514753371
116 116 4 Worker 688603020
117 117 4 Worker 28576383
118 118 4 Worker 372631754
119 119 4 Worker 472441540
120 120 4 Worker 541572120
121 121 4 Worker 564575378
122 122 4 Worker 384232035
123 123 4 Worker 47118148
124 124 4 Worker 238475736
125 125 4 Worker 820867918
126 126 4 Worker 733637403
127 127 4 Worker 158454715
128 128 4 Worker 531405584
129 129 4 Worker 461429271
130 130 4 Worker 550831964
131 131 4 Worker 401301394
132 132 4 Worker 821423806
133 133 4 Worker 190928457
134 134 4 Worker 221100186
135 135 4 Worker 899413916
136 136 4 Worker 25005332
137 137 4 Worker 322043115
138 138 4 Worker 276834712
139 139 4 Worker 360286751
140 140 4 Worker 368508998
141 141 4 Worker 568964875
142 142 4 Worker 78524234
143 143 4 Worker 819956696
144 144 4 Worker 674698737
145 145 4 Worker 487410177
146 146 4 Worker 199925857
147 147 4 Worker 707689015
148 148 4 Worker 651391134
149 149 4 Worker 672352225
150 150 4 Worker 927264555
151 151 4 Worker 759527016
152 152 4 Worker 689283080
153 153 4 Worker 506013385
154 154 4 Worker 635370199
155 155 4 Worker 699409687
156 156 4 Worker 461535403
157 157 4 Worker 995296316
158 158 4 Worker 13356992
159 159 4 Worker 867827859
160 160 4 Worker 312930490
161 161 4 Worker 774266283
162 162 4 Worker 423794858
163 163 4 Worker 19476551
164 164 4 Worker 188368400
165 165 4 Worker 333707245
166 166 4 Worker 158324582
167 167 4 Worker 375010875
168 168 4 Worker 622555809
169 169 4 Worker 532772436
170 170 4 Worker 312993522
171 171 4 Worker 30670798
172 172 4 Worker 566275087
173 173 4 Worker 480041622
174 174 4 Worker 983213090
175 175 4 Worker 983480508
176 176 4 Worker 720771019
177 177 4 Worker 42913440
178 178 4 Worker 111554465
179 179 4 Worker 224628115
180 180 4 Worker 916239469
181 181 4 Worker 28622478
182 182 4 Worker 943813747
183 183 4 Worker 459800644
184 184 4 Worker 408927129
185 185 4 Worker 708869819
186 186 4 Worker 219110823
187 187 4 Worker 131754731
188 188 4 Worker 37972598
189 189 4 Worker 453130455
190 190 4 Worker 315388619
191 191 4 Worker 259565140
192 192 4 Worker 102321040
193 193 4 Worker 1314549
194 194 4 Worker 760652101
195 195 4 Worker 225839418
196 196 4 Worker 705175788
197 197 4 Worker 801266259
198 198 4 Worker 747840139
199 199 4 Worker 28973070
200 200 4 Worker 689202194
201 201 4 Worker 968099931
202 202 4 Worker 201957275
203 203 4 Worker 400872764
204 204 4 Worker 44825843
205 205 4 Worker 392883209
206 206 4 Worker 913510638
207 207 4 Worker 772891115
208 208 4 Worker 647957172
209 209 4 Worker 265170698
210 210 4 Worker 780427143
211 211 4 Worker 588296727
212 212 4 Worker 285763639
213 213 4 Worker 699850657
214 214 4 Worker 838819499
215 215 4 Worker 995911553
216 216 4 Worker 577418106
217 217 4 Worker 746855868
218 218 4 Worker 54723091
219 219 4 Worker 866572765
220 220 4 Worker 415849364
221 221 4 Worker 478713235
222 222 4 Worker 804940517
223 223 4 Worker 172425079
224 224 4 Worker 176804413
225 225 4 Worker 654072474
226 226 4 Worker 313098495
227 227 4 Worker 620610785
228 228 4 Worker 847283797
229 229 4 Worker 717685167
230 230 4 Worker 372707540
231 231 4 Worker 552958928
232 232 4 Worker 612409234
233 233 4 Worker 38701928
234 234 4 Worker 703616908
235 235 4 Worker 326169891
236 236 4 Worker 996360474
237 237 4 Worker 694658333
238 238 4 Worker 618328826
239 239 4 Worker 73198377
240 240 4 Worker 190784445
241 241 4 Worker 481092498
242 242 4 Worker 895959365
243 243 4 Worker 267274860
244 244 4 Worker 796086601
245 245 4 Worker 84902065
246 246 4 Worker 636565848
247 247 4 Worker 813890676
248 248 4 Worker 107876633
249 249 4 Worker 648507956
250 250 4 Worker 438826280
251 251 4 Worker 423262588
252 252 4 Worker 547111435
253 253 4 Worker 498808276
254 254 4 Worker 988938984
255 255 4 Worker 469864349
