0 0 -1 Splicer 703446285
1 1 0 Worker 452683057
2 2 -1 PersistentDB 700055961
3 3 -1 InMemoryDB 609308015
4 4 -1 WorkManager 250943642
5 5 4 Worker 157418196
6 6 4 Worker 484333356
7 7 4 Worker 287321467
8 8 4 Worker 509677921
9 9 4 Worker 475413555
10 10 4 Worker 199916116
11 11 4 Worker 723443782
12 12 4 Worker 60666005
13 13 4 Worker 461445801
14 14 4 Worker 552475064
15 15 4 Worker 858778848
16 16 4 Worker 263991621
17 17 4 Worker 27144092
18 18 4 Worker 207255134
19 19 4 Worker 23807083
20 20 4 Worker 137272211
21 21 4 Worker 741650497
22 22 4 Worker 662575988
23 23 4 Worker 166165531
24 24 4 Worker 376254848
25 25 4 Worker 875189574
26 26 4 Worker 19896396
27 27 4 Worker 987023565
28 28 4 Worker 923113009
29 29 4 Worker 989832878
30 30 4 Worker 421774017
31 31 4 Worker 699784489
32 32 4 Worker 40914482
33 33 4 Worker 317092739
34 34 4 Worker 215206280
35 35 4 Worker 188383841
36 36 4 Worker 654233454
37 37 4 Worker 524293961
38 38 4 Worker 421087326
39 39 4 Worker 972004156
40 40 4 Worker 442136037
41 41 4 Worker 640312970
42 42 4 Worker 843219821
43 43 4 Worker 291166120
44 44 4 Worker 668090300
45 45 4 Worker 376829279
46 46 4 Worker 15945456
47 47 4 Worker 132463323
48 48 4 Worker 690695673
49 49 4 Worker 233679538
50 50 4 Worker 1425902
51 51 4 Worker 379446119
52 52 4 Worker 449564422
53 53 4 Worker 218643234
54 54 4 Worker 349440762
55 55 4 Worker 762763615
56 56 4 Worker 270434975
57 57 4 Worker 419449105
58 58 4 Worker 602218477
59 59 4 Worker 200952506
60 60 4 Worker 222629363
61 61 4 Worker 51067379
62 62 4 Worker 440209582
63 63 4 Worker 938915680
64 64 4 Worker 278157476
65 65 4 Worker 181785401
66 66 4 Worker 242084326
67 67 4 Worker 207279455
68 68 4 Worker 524025799
69 69 4 Worker 397410178
70 70 4 Worker 977928111
71 71 4 Worker 864629991
72 72 4 Worker 702620986
73 73 4 Worker 723815196
74 74 4 Worker 867269260
75 75 4 Worker 625682694
76 76 4 Worker 626939207
77 77 4 Worker 268306041
78 78 4 Worker 902915957
79 79 4 Worker 225572744
80 80 4 Worker 48813604
81 81 4 Worker 184871645
82 82 4 Worker 918532437
83 83 4 Worker 906622891
84 84 4 Worker 991843002
85 85 4 Worker 482662584
86 86 4 Worker 122114073
87 87 4 Worker 547685480
88 88 4 Worker 109472806
89 89 4 Worker 244378358
90 90 4 Worker 350234214
91 91 4 Worker 786188398
92 92 4 Worker 612983628
93 93 4 Worker 996727047
94 94 4 Worker 476735712
95 95 4 Worker 579217937
96 96 4 Worker 28580573
97 97 4 Worker 797533652
98 98 4 Worker 228185449
99 99 4 Worker 909625784
100 100 4 Worker 338283383
101 101 4 Worker 446863132
102 102 4 Worker 834823375
103 103 4 Worker 722251838
104 104 4 Worker 223436641
105 105 4 Worker 685072996
106 106 4 Worker 542170740
107 107 4 Worker 50313164
108 108 4 Worker 508989271
109 109 4 Worker 895602561
110 110 4 Worker 347090001
111 111 4 Worker 726786451
112 112 4 Worker 683377703
113 113 4 Worker 864413387
114 114 4 Worker 687667552
115 115 4 Worker 788950060
116 116 4 Worker 877675928
117 117 4 Worker 616063090
118 118 4 Worker 62991516
119 119 4 Worker 753476632
120 120 4 Worker 916489614
121 121 4 Worker 670595969
122 122 4 Worker 71220803
123 123 4 Worker 596632449
124 124 4 Worker 34294029
125 125 4 Worker 734320353
126 126 4 Worker 521487899
127 127 4 Worker 879447701
128 128 4 Worker 693729429
129 129 4 Worker 523295632
130 130 4 Worker 459137898
131 131 4 Worker 925454417
132 132 4 Worker 456197442
133 133 4 Worker 438058454
134 134 4 Worker 423721951
135 135 4 Worker 370163581
136 136 4 Worker 670669223
137 137 4 Worker 808024011
138 138 4 Worker 327211677
139 139 4 Worker 572148022
140 140 4 Worker 755105040
141 141 4 Worker 868584062
142 142 4 Worker 662644210
143 143 4 Worker 230245378
144 144 4 Worker 716634386
145 145 4 Worker 533670294
146 146 4 Worker 737739275
147 147 4 Worker 321122641
148 148 4 Worker 561929873
149 149 4 Worker 518764627
150 150 4 Worker 475896083
151 151 4 Worker 397263583
152 152 4 Worker 123351931
153 153 4 Worker 756877808
154 154 4 Worker 848881066
155 155 4 Worker 124892489
156 156 4 Worker 788504914
157 157 4 Worker 135106697
158 158 4 Worker 737413807
159 159 4 Worker 919786198
160 160 4 Worker 931963261
161 161 4 Worker 99847807
162 162 4 Worker 40961849
163 163 4 Worker 452304353
164 164 4 Worker 446997963
165 165 4 Worker 788318139
166 166 4 Worker 902416658
167 167 4 Worker 226727125
168 168 4 Worker 878689211
169 169 4 Worker 299505557
170 170 4 Worker 907261152
171 171 4 Worker 441988198
172 172 4 Worker 449844163
173 173 4 Worker 679019175
174 174 4 Worker 166950523
175 175 4 Worker 700527629
176 176 4 Worker 407884190
177 177 4 Worker 621036820
178 178 4 Worker 242422445
179 179 4 Worker 846827220
180 180 4 Worker 372198379
181 181 4 Worker 195390002
182 182 4 Worker 672053646
183 183 4 Worker 358313742
184 184 4 Worker 548913802
185 185 4 Worker 703162529
186 186 4 Worker 544527016
187 187 4 Worker 175101773
188 188 4 Worker 107881504
189 189 4 Worker 304402140
190 190 4 Worker 840616679
191 191 4 Worker 455880531
192 192 4 Worker 999709280
193 193 4 Worker 397381023
194 194 4 Worker 67838084
195 195 4 Worker 155639768
196 196 4 Worker 272755358
197 197 4 Worker 136078911
198 198 4 Worker 493308584
199 199 4 Worker 349742675
200 200 4 Worker 41525868
201 201 4 Worker 333500004
202 202 4 Worker 72386504
203 203 4 Worker 453135486
204 204 4 Worker 290178884
205 205 4 Worker 294095989
206 206 4 Worker 931043297
207 207 4 Worker 864891123
208 208 4 Worker 949775590
209 209 4 Worker 837578378
210 210 4 Worker 473926258
211 211 4 Worker 636849173
212 212 4 Worker 113055199
213 213 4 Worker 73717609
214 214 4 Worker 695408553
215 215 4 Worker 504317226
216 216 4 Worker 254504339
217 217 4 Worker 105516082
218 218 4 Worker 863928511
219 219 4 Worker 65168497
220 220 4 Worker 183880080
221 221 4 Worker 834024386
222 222 4 Worker 258017023
223 223 4 Worker 722090054
224 224 4 Worker 503038977
225 225 4 Worker 490363813
226 226 4 Worker 827522131
227 227 4 Worker 276740571
228 228 4 Worker 477244581
229 229 4 Worker 135144684
230 230 4 Worker 924551126
231 231 4 Worker 221502359
232 232 4 Worker 127078839
233 233 4 Worker 319134258
234 234 4 Worker 565904756
235 235 4 Worker 335212892
236 236 4 Worker 577764765
237 237 4 Worker 21687075
238 238 4 Worker 177175600
239 239 4 Worker 696561851
240 240 4 Worker 194836448
241 241 4 Worker 116231179
242 242 4 Worker 902494853
243 243 4 Worker 40692700
244 244 4 Worker 923468955
245 245 4 Worker 539980340
246 246 4 Worker 242072550
247 247 4 Worker 394832258
248 248 4 Worker 737206364
249 249 4 Worker 229539324
250 250 4 Worker 320074668
251 251 4 Worker 765402575
252 252 4 Worker 838389638
253 253 4 Worker 845914411
254 254 4 Worker 807109976
255 255 4 Worker 25292991
