0 0 -1 Splicer 248114737
1 1 0 Worker 370495318
2 2 -1 PersistentDB 268049373
3 3 -1 InMemoryDB 874827114
4 4 -1 WorkManager 825257805
5 5 4 Worker 511157768
6 6 4 Worker 620592281
7 7 4 Worker 1885365
8 8 4 Worker 339259501
9 9 4 Worker 145985521
10 10 4 Worker 461703308
11 11 4 Worker 566577269
12 12 4 Worker 118103124
13 13 4 Worker 782892907
14 14 4 Worker 339332019
15 15 4 Worker 971906147
16 16 4 Worker 66528225
17 17 4 Worker 273689628
18 18 4 Worker 999346514
19 19 4 Worker 600504122
20 20 4 Worker 599807264
21 21 4 Worker 771007473
22 22 4 Worker 767787616
23 23 4 Worker 617979767
24 24 4 Worker 143426970
25 25 4 Worker 759816590
26 26 4 Worker 65467046
27 27 4 Worker 416303521
28 28 4 Worker 387605495
29 29 4 Worker 683431651
30 30 4 Worker 706805879
31 31 4 Worker 257725607
