0 0 -1 Splicer 120912504
1 1 0 Worker 278665760
2 2 -1 PersistentDB 593009265
3 3 -1 InMemoryDB 675590000
4 4 -1 WorkManager 847971087
5 5 4 Worker 573470083
6 6 4 Worker 388821538
7 7 4 Worker 826654054
8 8 4 Worker 740413413
9 9 4 Worker 423455755
10 10 4 Worker 266921255
11 11 4 Worker 14458462
12 12 4 Worker 312677745
13 13 4 Worker 162162111
14 14 4 Worker 451323433
15 15 4 Worker 120287468
16 16 4 Worker 964281176
17 17 4 Worker 856272216
18 18 4 Worker 318008480
19 19 4 Worker 626308739
20 20 4 Worker 371434524
21 21 4 Worker 933117715
22 22 4 Worker 196582794
23 23 4 Worker 845492705
24 24 4 Worker 927266188
25 25 4 Worker 95608499
26 26 4 Worker 567059617
27 27 4 Worker 349694578
28 28 4 Worker 926452562
29 29 4 Worker 20855636
30 30 4 Worker 579836151
31 31 4 Worker 349305523
