0 0 -1 Splicer 524225864
1 1 0 Worker 451305416
2 2 -1 PersistentDB 666679660
3 3 -1 InMemoryDB 450004907
4 4 -1 WorkManager 296304706
5 5 4 Worker 831759312
6 6 4 Worker 995074461
7 7 4 Worker 433513256
8 8 4 Worker 124569870
9 9 4 Worker 116081655
10 10 4 Worker 734047109
11 11 4 Worker 479703567
12 12 4 Worker 591100004
13 13 4 Worker 293110621
14 14 4 Worker 162132424
15 15 4 Worker 622315260
16 16 4 Worker 926275046
17 17 4 Worker 920473753
18 18 4 Worker 945622207
19 19 4 Worker 998737607
20 20 4 Worker 336433896
21 21 4 Worker 191183866
22 22 4 Worker 49004880
23 23 4 Worker 454355291
24 24 4 Worker 596386943
25 25 4 Worker 489092776
26 26 4 Worker 250488943
27 27 4 Worker 194940898
28 28 4 Worker 791838787
29 29 4 Worker 182073387
30 30 4 Worker 665077723
31 31 4 Worker 204887683
32 32 4 Worker 890614356
33 33 4 Worker 607483174
34 34 4 Worker 263408397
35 35 4 Worker 649270465
36 36 4 Worker 78611777
37 37 4 Worker 657909392
38 38 4 Worker 537240934
39 39 4 Worker 514619745
40 40 4 Worker 514222372
41 41 4 Worker 584708280
42 42 4 Worker 112038160
43 43 4 Worker 810696602
44 44 4 Worker 808230880
45 45 4 Worker 52916547
46 46 4 Worker 304864090
47 47 4 Worker 267739378
48 48 4 Worker 375639
49 49 4 Worker 168133867
50 50 4 Worker 698542599
51 51 4 Worker 266322916
52 52 4 Worker 53621429
53 53 4 Worker 523051779
54 54 4 Worker 529470140
55 55 4 Worker 425986790
56 56 4 Worker 848665238
57 57 4 Worker 328270464
58 58 4 Worker 487726479
59 59 4 Worker 875913432
60 60 4 Worker 450020202
61 61 4 Worker 203463120
62 62 4 Worker 292187836
63 63 4 Worker 99986811
64 64 4 Worker 16526469
65 65 4 Worker 903136952
66 66 4 Worker 260113117
67 67 4 Worker 75415912
68 68 4 Worker 247079712
69 69 4 Worker 629080570
70 70 4 Worker 330865238
71 71 4 Worker 527450352
72 72 4 Worker 120955561
73 73 4 Worker 963871474
74 74 4 Worker 294925470
75 75 4 Worker 606005774
76 76 4 Worker 493641383
77 77 4 Worker 116827312
78 78 4 Worker 181563314
79 79 4 Worker 243154403
80 80 4 Worker 314583610
81 81 4 Worker 451669219
82 82 4 Worker 598296253
83 83 4 Worker 332873932
84 84 4 Worker 466634509
85 85 4 Worker 894138315
86 86 4 Worker 634211149
87 87 4 Worker 958991677
88 88 4 Worker 55389484
89 89 4 Worker 409096523
90 90 4 Worker 713651296
91 91 4 Worker 512879263
92 92 4 Worker 71168558
93 93 4 Worker 571421280
94 94 4 Worker 438953574
95 95 4 Worker 919251810
96 96 4 Worker 498415708
97 97 4 Worker 286322724
98 98 4 Worker 561449922
99 99 4 Worker 625837286
100 100 4 Worker 985930445
101 101 4 Worker 365444609
102 102 4 Worker 417706453
103 103 4 Worker 423509782
104 104 4 Worker 94047612
105 105 4 Worker 152278900
106 106 4 Worker 259782141
107 107 4 Worker 205664445
108 108 4 Worker 176113473
109 109 4 Worker 237238964
110 110 4 Worker 929775046
111 111 4 Worker 829302667
112 112 4 Worker 188397591
113 113 4 Worker 134829170
114 114 4 Worker 234909070
115 115 4 Worker 724987747
116 116 4 Worker 704731103
117 117 4 Worker 828859394
118 118 4 Worker 175944275
119 119 4 Worker 187261788
120 120 4 Worker 65372008
121 121 4 Worker 193998695
122 122 4 Worker 635563798
123 123 4 Worker 173946115
124 124 4 Worker 861815267
125 125 4 Worker 906054358
126 126 4 Worker 725143324
127 127 4 Worker 786790573
128 128 4 Worker 748793882
129 129 4 Worker 574478582
130 130 4 Worker 412297458
131 131 4 Worker 201687737
132 132 4 Worker 773177314
133 133 4 Worker 534273238
134 134 4 Worker 366867403
135 135 4 Worker 4170414
136 136 4 Worker 791123567
137 137 4 Worker 883648020
138 138 4 Worker 257141526
139 139 4 Worker 399397104
140 140 4 Worker 360251851
141 141 4 Worker 186586497
142 142 4 Worker 962045212
143 143 4 Worker 748316204
144 144 4 Worker 13337833
145 145 4 Worker 912045819
146 146 4 Worker 498767209
147 147 4 Worker 22478194
148 148 4 Worker 913835977
149 149 4 Worker 768070416
150 150 4 Worker 402392675
151 151 4 Worker 962468335
152 152 4 Worker 446356498
153 153 4 Worker 805727997
154 154 4 Worker 494685489
155 155 4 Worker 289397477
156 156 4 Worker 213045477
157 157 4 Worker 382860315
158 158 4 Worker 114819639
159 159 4 Worker 483737055
160 160 4 Worker 479744441
161 161 4 Worker 856036687
162 162 4 Worker 876980039
163 163 4 Worker 631257225
164 164 4 Worker 708578460
165 165 4 Worker 217354940
166 166 4 Worker 405119986
167 167 4 Worker 168433826
168 168 4 Worker 832027297
169 169 4 Worker 45221021
170 170 4 Worker 681238566
171 171 4 Worker 287101894
172 172 4 Worker 96963205
173 173 4 Worker 41187894
174 174 4 Worker 887605414
175 175 4 Worker 489522366
176 176 4 Worker 245289204
177 177 4 Worker 637974131
178 178 4 Worker 677761173
179 179 4 Worker 765347310
180 180 4 Worker 645957140
181 181 4 Worker 769766455
182 182 4 Worker 914936700
183 183 4 Worker 451675038
184 184 4 Worker 365198118
185 185 4 Worker 983894758
186 186 4 Worker 554692076
187 187 4 Worker 818509378
188 188 4 Worker 859062221
189 189 4 Worker 594401537
190 190 4 Worker 421822146
191 191 4 Worker 229716967
192 192 4 Worker 433903808
193 193 4 Worker 954829837
194 194 4 Worker 888344779
195 195 4 Worker 405705078
196 196 4 Worker 323406479
197 197 4 Worker 591463001
198 198 4 Worker 48543226
199 199 4 Worker 724575452
200 200 4 Worker 65943692
201 201 4 Worker 881746550
202 202 4 Worker 101457590
203 203 4 Worker 625727453
204 204 4 Worker 938968376
205 205 4 Worker 743410672
206 206 4 Worker 782536755
207 207 4 Worker 766142426
208 208 4 Worker 819999013
209 209 4 Worker 775404040
210 210 4 Worker 584057866
211 211 4 Worker 632174426
212 212 4 Worker 674245422
213 213 4 Worker 595377884
214 214 4 Worker 277798010
215 215 4 Worker 848609278
216 216 4 Worker 765701433
217 217 4 Worker 720170318
218 218 4 Worker 499323482
219 219 4 Worker 885315445
220 220 4 Worker 437577790
221 221 4 Worker 618585920
222 222 4 Worker 9769855
223 223 4 Worker 114833171
224 224 4 Worker 466934830
225 225 4 Worker 471485017
226 226 4 Worker 274398134
227 227 4 Worker 254439296
228 228 4 Worker 496210527
229 229 4 Worker 696705303
230 230 4 Worker 311032013
231 231 4 Worker 523433333
232 232 4 Worker 732039268
233 233 4 Worker 595171155
234 234 4 Worker 196125464
235 235 4 Worker 574862491
236 236 4 Worker 663113437
237 237 4 Worker 368482610
238 238 4 Worker 520005528
239 239 4 Worker 641696393
240 240 4 Worker 614944621
241 241 4 Worker 15394391
242 242 4 Worker 181488470
243 243 4 Worker 545321822
244 244 4 Worker 991264149
245 245 4 Worker 142263511
246 246 4 Worker 101825959
247 247 4 Worker 245157957
248 248 4 Worker 270073672
249 249 4 Worker 557995061
250 250 4 Worker 312224307
251 251 4 Worker 970550747
252 252 4 Worker 957058331
253 253 4 Worker 49142439
254 254 4 Worker 19824408
255 255 4 Worker 243200833
