0 0 -1 Splicer 182769420
1 1 0 Worker 580286254
2 2 -1 PersistentDB 868302313
3 3 -1 InMemoryDB 887231293
4 4 -1 WorkManager 530302153
5 5 4 Worker 301686096
6 6 4 Worker 101076252
7 7 4 Worker 511755814
8 8 4 Worker 849316802
9 9 4 Worker 869372792
10 10 4 Worker 504926654
11 11 4 Worker 90711282
12 12 4 Worker 499891460
13 13 4 Worker 602613079
14 14 4 Worker 951474416
15 15 4 Worker 470380536
16 16 4 Worker 301032150
17 17 4 Worker 764006030
18 18 4 Worker 732390531
19 19 4 Worker 552292199
20 20 4 Worker 943010004
21 21 4 Worker 310713461
22 22 4 Worker 693390148
23 23 4 Worker 796416198
24 24 4 Worker 806193295
25 25 4 Worker 538028588
26 26 4 Worker 101629653
27 27 4 Worker 335958241
28 28 4 Worker 466240525
29 29 4 Worker 214285835
30 30 4 Worker 91392602
31 31 4 Worker 379229879
32 32 4 Worker 817246689
33 33 4 Worker 581632324
34 34 4 Worker 403474755
35 35 4 Worker 197693604
36 36 4 Worker 624155279
37 37 4 Worker 499763807
38 38 4 Worker 241671895
39 39 4 Worker 216082093
40 40 4 Worker 718659273
41 41 4 Worker 713782953
42 42 4 Worker 734380542
43 43 4 Worker 160389565
44 44 4 Worker 858592671
45 45 4 Worker 15638681
46 46 4 Worker 840414802
47 47 4 Worker 869779663
48 48 4 Worker 316584431
49 49 4 Worker 836290969
50 50 4 Worker 204608027
51 51 4 Worker 11819954
52 52 4 Worker 915432589
53 53 4 Worker 111426993
54 54 4 Worker 274580287
55 55 4 Worker 89448922
56 56 4 Worker 336624338
57 57 4 Worker 626235610
58 58 4 Worker 142955138
59 59 4 Worker 364970692
60 60 4 Worker 466655223
61 61 4 Worker 494168399
62 62 4 Worker 911679546
63 63 4 Worker 56477370
64 64 4 Worker 779725010
65 65 4 Worker 403685433
66 66 4 Worker 988888506
67 67 4 Worker 294192925
68 68 4 Worker 433879633
69 69 4 Worker 547311480
70 70 4 Worker 953530332
71 71 4 Worker 948595104
72 72 4 Worker 265598754
73 73 4 Worker 337070051
74 74 4 Worker 355359275
75 75 4 Worker 7639974
76 76 4 Worker 981546613
77 77 4 Worker 16103141
78 78 4 Worker 160734300
79 79 4 Worker 670885926
80 80 4 Worker 864620942
81 81 4 Worker 583640600
82 82 4 Worker 834741836
83 83 4 Worker 528463383
84 84 4 Worker 732059137
85 85 4 Worker 707695401
86 86 4 Worker 948946996
87 87 4 Worker 266411680
88 88 4 Worker 396679511
89 89 4 Worker 256550152
90 90 4 Worker 163883813
91 91 4 Worker 883640994
92 92 4 Worker 368246597
93 93 4 Worker 567087444
94 94 4 Worker 754864317
95 95 4 Worker 893085694
96 96 4 Worker 616194340
97 97 4 Worker 926036761
98 98 4 Worker 413618752
99 99 4 Worker 155153731
100 100 4 Worker 345169056
101 101 4 Worker 20203416
102 102 4 Worker 520003970
103 103 4 Worker 959235768
104 104 4 Worker 505638517
105 105 4 Worker 996464095
106 106 4 Worker 675971852
107 107 4 Worker 539782961
108 108 4 Worker 869977212
109 109 4 Worker 912361566
110 110 4 Worker 290026509
111 111 4 Worker 935513188
112 112 4 Worker 354635382
113 113 4 Worker 27186073
114 114 4 Worker 838424376
115 115 4 Worker 148376852
116 116 4 Worker 63114916
117 117 4 Worker 920057844
118 118 4 Worker 180814216
119 119 4 Worker 412083133
120 120 4 Worker 450926677
121 121 4 Worker 126730407
122 122 4 Worker 896306738
123 123 4 Worker 71756551
124 124 4 Worker 622413763
125 125 4 Worker 227949739
126 126 4 Worker 12194728
127 127 4 Worker 958645218
