0 0 -1 Splicer 575749336
1 1 0 Worker 505689231
2 2 -1 PersistentDB 875514228
3 3 -1 InMemoryDB 407643591
4 4 -1 WorkManager 502145577
5 5 4 Worker 281492812
6 6 4 Worker 107559289
7 7 4 Worker 174966872
8 8 4 Worker 144747822
9 9 4 Worker 997642011
10 10 4 Worker 172457971
11 11 4 Worker 523681633
12 12 4 Worker 974025305
13 13 4 Worker 412741993
14 14 4 Worker 222438669
15 15 4 Worker 702907727
16 16 4 Worker 964698713
17 17 4 Worker 664137390
18 18 4 Worker 434940406
19 19 4 Worker 838890532
20 20 4 Worker 795276414
21 21 4 Worker 801841902
22 22 4 Worker 832002657
23 23 4 Worker 683977760
24 24 4 Worker 14557123
25 25 4 Worker 954136033
26 26 4 Worker 880423919
27 27 4 Worker 49234619
28 28 4 Worker 373055340
29 29 4 Worker 244302580
30 30 4 Worker 532841216
31 31 4 Worker 912413567
32 32 4 Worker 8441632
33 33 4 Worker 473794108
34 34 4 Worker 455846559
35 35 4 Worker 141141957
36 36 4 Worker 664077705
37 37 4 Worker 46554385
38 38 4 Worker 524917069
39 39 4 Worker 640443898
40 40 4 Worker 894220381
41 41 4 Worker 680326148
42 42 4 Worker 159858193
43 43 4 Worker 133464854
44 44 4 Worker 14597200
45 45 4 Worker 430412278
46 46 4 Worker 659729313
47 47 4 Worker 892359477
48 48 4 Worker 109229125
49 49 4 Worker 848467273
50 50 4 Worker 532747786
51 51 4 Worker 724731422
52 52 4 Worker 854277036
53 53 4 Worker 134497884
54 54 4 Worker 587996603
55 55 4 Worker 877484457
56 56 4 Worker 126800602
57 57 4 Worker 887803805
58 58 4 Worker 34322192
59 59 4 Worker 142369783
60 60 4 Worker 988788502
61 61 4 Worker 888716273
62 62 4 Worker 796000887
63 63 4 Worker 71486868
64 64 4 Worker 329771690
65 65 4 Worker 866851752
66 66 4 Worker 966494470
67 67 4 Worker 960003032
68 68 4 Worker 474858897
69 69 4 Worker 820935448
70 70 4 Worker 788507346
71 71 4 Worker 105243573
72 72 4 Worker 950658321
73 73 4 Worker 284953115
74 74 4 Worker 511810897
75 75 4 Worker 152955168
76 76 4 Worker 746813160
77 77 4 Worker 609279402
78 78 4 Worker 697181103
79 79 4 Worker 377539931
80 80 4 Worker 63568543
81 81 4 Worker 582292265
82 82 4 Worker 221685945
83 83 4 Worker 27793378
84 84 4 Worker 979786766
85 85 4 Worker 585105935
86 86 4 Worker 351517963
87 87 4 Worker 152077070
88 88 4 Worker 152150719
89 89 4 Worker 882119455
90 90 4 Worker 793092322
91 91 4 Worker 559274951
92 92 4 Worker 760122598
93 93 4 Worker 542592866
94 94 4 Worker 223937701
95 95 4 Worker 205864372
96 96 4 Worker 370048279
97 97 4 Worker 828939974
98 98 4 Worker 768483274
99 99 4 Worker 902239381
100 100 4 Worker 777764841
101 101 4 Worker 52064380
102 102 4 Worker 67783538
103 103 4 Worker 346059211
104 104 4 Worker 389776613
105 105 4 Worker 713260877
106 106 4 Worker 724971733
107 107 4 Worker 218474142
108 108 4 Worker 491134301
109 109 4 Worker 409231874
110 110 4 Worker 196446818
111 111 4 Worker 831258412
112 112 4 Worker 476606827
113 113 4 Worker 571572782
114 114 4 Worker 776299917
115 115 4 Worker 826638717
116 116 4 Worker 891021385
117 117 4 Worker 231728519
118 118 4 Worker 312571914
119 119 4 Worker 594915647
120 120 4 Worker 438346002
121 121 4 Worker 783395348
122 122 4 Worker 20597665
123 123 4 Worker 245961676
124 124 4 Worker 359898036
125 125 4 Worker 778663674
126 126 4 Worker 942217236
127 127 4 Worker 188698052
128 128 4 Worker 482960838
129 129 4 Worker 96584533
130 130 4 Worker 950631518
131 131 4 Worker 723867114
132 132 4 Worker 275644346
133 133 4 Worker 194956010
134 134 4 Worker 710619910
135 135 4 Worker 42093135
136 136 4 Worker 637829594
137 137 4 Worker 996224467
138 138 4 Worker 490074892
139 139 4 Worker 131413370
140 140 4 Worker 377493480
141 141 4 Worker 90733778
142 142 4 Worker 945384363
143 143 4 Worker 909882468
144 144 4 Worker 130725545
145 145 4 Worker 581280722
146 146 4 Worker 173041024
147 147 4 Worker 489878344
148 148 4 Worker 247530681
149 149 4 Worker 756259453
150 150 4 Worker 727601709
151 151 4 Worker 392012329
152 152 4 Worker 330563404
153 153 4 Worker 343053865
154 154 4 Worker 324582584
155 155 4 Worker 289808504
156 156 4 Worker 430092983
157 157 4 Worker 340761241
158 158 4 Worker 781439552
159 159 4 Worker 654547031
160 160 4 Worker 452607933
161 161 4 Worker 320612173
162 162 4 Worker 281911926
163 163 4 Worker 241403654
164 164 4 Worker 20037006
165 165 4 Worker 578099558
166 166 4 Worker 630478189
167 167 4 Worker 261256530
168 168 4 Worker 950788796
169 169 4 Worker 227658465
170 170 4 Worker 2132169
171 171 4 Worker 252175271
172 172 4 Worker 360524094
173 173 4 Worker 506772533
174 174 4 Worker 421517031
175 175 4 Worker 388226184
176 176 4 Worker 519468737
177 177 4 Worker 330426027
178 178 4 Worker 85158777
179 179 4 Worker 776789588
180 180 4 Worker 532539277
181 181 4 Worker 389495912
182 182 4 Worker 308636937
183 183 4 Worker 830962245
184 184 4 Worker 647332602
185 185 4 Worker 928147540
186 186 4 Worker 785460635
187 187 4 Worker 845303398
188 188 4 Worker 711157650
189 189 4 Worker 802522800
190 190 4 Worker 203831633
191 191 4 Worker 921208899
192 192 4 Worker 83742553
193 193 4 Worker 435749948
194 194 4 Worker 680295564
195 195 4 Worker 558505123
196 196 4 Worker 124737703
197 197 4 Worker 646096159
198 198 4 Worker 297975464
199 199 4 Worker 492410711
200 200 4 Worker 145723761
201 201 4 Worker 883548497
202 202 4 Worker 45296839
203 203 4 Worker 346296714
204 204 4 Worker 998098387
205 205 4 Worker 371036781
206 206 4 Worker 898917655
207 207 4 Worker 458776588
208 208 4 Worker 20202799
209 209 4 Worker 686648266
210 210 4 Worker 374288938
211 211 4 Worker 385683418
212 212 4 Worker 543918018
213 213 4 Worker 318336599
214 214 4 Worker 321422072
215 215 4 Worker 394525217
216 216 4 Worker 338897451
217 217 4 Worker 201724738
218 218 4 Worker 556938081
219 219 4 Worker 455903378
220 220 4 Worker 985558769
221 221 4 Worker 453278392
222 222 4 Worker 465528435
223 223 4 Worker 303769906
224 224 4 Worker 654088071
225 225 4 Worker 32048641
226 226 4 Worker 457622764
227 227 4 Worker 553800695
228 228 4 Worker 202056783
229 229 4 Worker 507280349
230 230 4 Worker 610921689
231 231 4 Worker 162091828
232 232 4 Worker 166128913
233 233 4 Worker 319030590
234 234 4 Worker 403742485
235 235 4 Worker 839866348
236 236 4 Worker 661324807
237 237 4 Worker 386663835
238 238 4 Worker 808028523
239 239 4 Worker 205369465
240 240 4 Worker 873630922
241 241 4 Worker 299825022
242 242 4 Worker 363240257
243 243 4 Worker 62826929
244 244 4 Worker 274630069
245 245 4 Worker 667957027
246 246 4 Worker 13340245
247 247 4 Worker 29227877
248 248 4 Worker 482003438
249 249 4 Worker 544297857
250 250 4 Worker 864364440
251 251 4 Worker 157810158
252 252 4 Worker 521102786
253 253 4 Worker 351381876
254 254 4 Worker 958092652
255 255 4 Worker 838543899
256 256 4 Worker 393546104
257 257 4 Worker 267372046
258 258 4 Worker 105505468
259 259 4 Worker 926098220
260 260 4 Worker 949909804
261 261 4 Worker 868543756
262 262 4 Worker 59319994
263 263 4 Worker 833305699
264 264 4 Worker 705732638
265 265 4 Worker 353589494
266 266 4 Worker 132633243
267 267 4 Worker 13666016
268 268 4 Worker 971914079
269 269 4 Worker 201864407
270 270 4 Worker 278861509
271 271 4 Worker 756144843
272 272 4 Worker 48913333
273 273 4 Worker 399943352
274 274 4 Worker 172358451
275 275 4 Worker 936818363
276 276 4 Worker 870830077
277 277 4 Worker 656426886
278 278 4 Worker 142489303
279 279 4 Worker 127808242
280 280 4 Worker 9328400
281 281 4 Worker 362656075
282 282 4 Worker 495919778
283 283 4 Worker 783369393
284 284 4 Worker 503251082
285 285 4 Worker 169029424
286 286 4 Worker 668948097
287 287 4 Worker 593300646
288 288 4 Worker 680702085
289 289 4 Worker 883663441
290 290 4 Worker 180414903
291 291 4 Worker 866984100
292 292 4 Worker 775001104
293 293 4 Worker 355866467
294 294 4 Worker 701237327
295 295 4 Worker 874507847
296 296 4 Worker 28242686
297 297 4 Worker 213550134
298 298 4 Worker 787762896
299 299 4 Worker 770761412
300 300 4 Worker 459624307
301 301 4 Worker 552074598
302 302 4 Worker 180897859
303 303 4 Worker 570619905
304 304 4 Worker 790774186
305 305 4 Worker 283982155
306 306 4 Worker 21093812
307 307 4 Worker 262379073
308 308 4 Worker 530079930
309 309 4 Worker 647108790
310 310 4 Worker 860338772
311 311 4 Worker 186537787
312 312 4 Worker 921911369
313 313 4 Worker 698600129
314 314 4 Worker 397264291
315 315 4 Worker 471941314
316 316 4 Worker 909601263
317 317 4 Worker 169248272
318 318 4 Worker 583992125
319 319 4 Worker 993596046
320 320 4 Worker 493443158
321 321 4 Worker 857952402
322 322 4 Worker 14623473
323 323 4 Worker 707721296
324 324 4 Worker 885823302
325 325 4 Worker 309771090
326 326 4 Worker 937184751
327 327 4 Worker 725208614
328 328 4 Worker 958091779
329 329 4 Worker 334446511
330 330 4 Worker 587824809
331 331 4 Worker 992354250
332 332 4 Worker 367483477
333 333 4 Worker 327788252
334 334 4 Worker 797186562
335 335 4 Worker 355079790
336 336 4 Worker 486421001
337 337 4 Worker 319510677
338 338 4 Worker 705687321
339 339 4 Worker 741793450
340 340 4 Worker 952408867
341 341 4 Worker 150101144
342 342 4 Worker 922694471
343 343 4 Worker 624161195
344 344 4 Worker 25144261
345 345 4 Worker 398146849
346 346 4 Worker 648776816
347 347 4 Worker 950412515
348 348 4 Worker 180545959
349 349 4 Worker 708629433
350 350 4 Worker 794289981
351 351 4 Worker 172567539
352 352 4 Worker 125880072
353 353 4 Worker 797370812
354 354 4 Worker 136621205
355 355 4 Worker 313890782
356 356 4 Worker 858980974
357 357 4 Worker 867591077
358 358 4 Worker 429888015
359 359 4 Worker 724064108
360 360 4 Worker 35026097
361 361 4 Worker 269126414
362 362 4 Worker 670260020
363 363 4 Worker 42009829
364 364 4 Worker 92954246
365 365 4 Worker 124106529
366 366 4 Worker 3514373
367 367 4 Worker 177597970
368 368 4 Worker 583425581
369 369 4 Worker 771862586
370 370 4 Worker 232170311
371 371 4 Worker 398474431
372 372 4 Worker 555075664
373 373 4 Worker 32303710
374 374 4 Worker 431999687
375 375 4 Worker 973052945
376 376 4 Worker 146175230
377 377 4 Worker 400799872
378 378 4 Worker 443351224
379 379 4 Worker 703428187
380 380 4 Worker 123482764
381 381 4 Worker 719434753
382 382 4 Worker 523577920
383 383 4 Worker 651442942
384 384 4 Worker 982197535
385 385 4 Worker 721646485
386 386 4 Worker 32276931
387 387 4 Worker 967528497
388 388 4 Worker 176500950
389 389 4 Worker 198282947
390 390 4 Worker 336589042
391 391 4 Worker 88299537
392 392 4 Worker 849480934
393 393 4 Worker 113861945
394 394 4 Worker 227067829
395 395 4 Worker 471557477
396 396 4 Worker 552007820
397 397 4 Worker 392027970
398 398 4 Worker 744630970
399 399 4 Worker 461698195
400 400 4 Worker 163517428
401 401 4 Worker 186639957
402 402 4 Worker 105210581
403 403 4 Worker 523157330
404 404 4 Worker 745584087
405 405 4 Worker 830853880
406 406 4 Worker 253513178
407 407 4 Worker 190378821
408 408 4 Worker 756353572
409 409 4 Worker 464556521
410 410 4 Worker 735882952
411 411 4 Worker 309725066
412 412 4 Worker 776374501
413 413 4 Worker 220612334
414 414 4 Worker 983623350
415 415 4 Worker 980673478
416 416 4 Worker 792511712
417 417 4 Worker 578160313
418 418 4 Worker 692143069
419 419 4 Worker 777830113
420 420 4 Worker 253019596
421 421 4 Worker 741912627
422 422 4 Worker 39428707
423 423 4 Worker 297852190
424 424 4 Worker 624096983
425 425 4 Worker 740363200
426 426 4 Worker 736123268
427 427 4 Worker 637010010
428 428 4 Worker 875930760
429 429 4 Worker 871598033
430 430 4 Worker 65575769
431 431 4 Worker 852138831
432 432 4 Worker 425858816
433 433 4 Worker 626522455
434 434 4 Worker 974969939
435 435 4 Worker 895128839
436 436 4 Worker 891019294
437 437 4 Worker 227622281
438 438 4 Worker 415452766
439 439 4 Worker 640871191
440 440 4 Worker 936140628
441 441 4 Worker 799821919
442 442 4 Worker 800696835
443 443 4 Worker 268225481
444 444 4 Worker 825976004
445 445 4 Worker 299553657
446 446 4 Worker 253234179
447 447 4 Worker 877513955
448 448 4 Worker 308378589
449 449 4 Worker 286892545
450 450 4 Worker 269743242
451 451 4 Worker 161156425
452 452 4 Worker 766578540
453 453 4 Worker 901821598
454 454 4 Worker 458366638
455 455 4 Worker 165787420
456 456 4 Worker 544272986
457 457 4 Worker 42632082
458 458 4 Worker 475628499
459 459 4 Worker 405540086
460 460 4 Worker 935480004
461 461 4 Worker 64570864
462 462 4 Worker 909672092
463 463 4 Worker 31027456
464 464 4 Worker 666810163
465 465 4 Worker 733938869
466 466 4 Worker 779391195
467 467 4 Worker 24309189
468 468 4 Worker 821460013
469 469 4 Worker 569966862
470 470 4 Worker 584726997
471 471 4 Worker 798566782
472 472 4 Worker 804207333
473 473 4 Worker 691468246
474 474 4 Worker 75937201
475 475 4 Worker 285388952
476 476 4 Worker 924378452
477 477 4 Worker 792893583
478 478 4 Worker 244213067
479 479 4 Worker 829570959
480 480 4 Worker 619111149
481 481 4 Worker 464618554
482 482 4 Worker 134526017
483 483 4 Worker 925221772
484 484 4 Worker 260437432
485 485 4 Worker 700399293
486 486 4 Worker 188174658
487 487 4 Worker 804376980
488 488 4 Worker 608904657
489 489 4 Worker 111901941
490 490 4 Worker 912669748
491 491 4 Worker 737889659
492 492 4 Worker 723583714
493 493 4 Worker 791240329
494 494 4 Worker 135653064
495 495 4 Worker 187951192
496 496 4 Worker 733631118
497 497 4 Worker 272359935
498 498 4 Worker 22590988
499 499 4 Worker 665206563
500 500 4 Worker 638431362
501 501 4 Worker 287732427
502 502 4 Worker 677579081
503 503 4 Worker 114101031
504 504 4 Worker 509852041
505 505 4 Worker 474019203
506 506 4 Worker 67312644
507 507 4 Worker 54132290
508 508 4 Worker 158189631
509 509 4 Worker 51271226
510 510 4 Worker 948939736
511 511 4 Worker 735909373
512 512 4 Worker 728321027
513 513 4 Worker 645343628
514 514 -1 WorkManager 936731419
515 515 514 Worker 71781587
516 516 514 Worker 389644244
517 517 514 Worker 750496782
518 518 514 Worker 840289778
519 519 514 Worker 69090939
520 520 514 Worker 175407006
521 521 514 Worker 413991716
522 522 514 Worker 876591686
523 523 514 Worker 634611500
524 524 514 Worker 555734590
525 525 514 Worker 710008254
526 526 514 Worker 499661929
527 527 514 Worker 424834907
528 528 514 Worker 785131791
529 529 514 Worker 297286212
530 530 514 Worker 135774743
531 531 514 Worker 111402578
532 532 514 Worker 195448227
533 533 514 Worker 893533999
534 534 514 Worker 664270093
535 535 514 Worker 909575195
536 536 514 Worker 680240626
537 537 514 Worker 942002501
538 538 514 Worker 357997663
539 539 514 Worker 780066020
540 540 514 Worker 265518288
541 541 514 Worker 509426558
542 542 514 Worker 557807133
543 543 514 Worker 556503988
544 544 514 Worker 818462095
545 545 514 Worker 68506201
546 546 514 Worker 537600311
547 547 514 Worker 177206976
548 548 514 Worker 722928557
549 549 514 Worker 907979476
550 550 514 Worker 174073400
551 551 514 Worker 22171271
552 552 514 Worker 317341213
553 553 514 Worker 652614413
554 554 514 Worker 557015412
555 555 514 Worker 576616014
556 556 514 Worker 852092928
557 557 514 Worker 764647291
558 558 514 Worker 38659986
559 559 514 Worker 499434095
560 560 514 Worker 828799144
561 561 514 Worker 730311813
562 562 514 Worker 607118081
563 563 514 Worker 803897247
564 564 514 Worker 630470868
565 565 514 Worker 552788172
566 566 514 Worker 661704389
567 567 514 Worker 994438513
568 568 514 Worker 706773313
569 569 514 Worker 582520020
570 570 514 Worker 277060595
571 571 514 Worker 260826998
572 572 514 Worker 373134183
573 573 514 Worker 197584407
574 574 514 Worker 482506492
575 575 514 Worker 639539903
576 576 514 Worker 700824837
577 577 514 Worker 200107490
578 578 514 Worker 468825193
579 579 514 Worker 216680486
580 580 514 Worker 514231692
581 581 514 Worker 667301417
582 582 514 Worker 429001455
583 583 514 Worker 177300871
584 584 514 Worker 341479715
585 585 514 Worker 212971798
586 586 514 Worker 733926783
587 587 514 Worker 379105130
588 588 514 Worker 551631992
589 589 514 Worker 565470826
590 590 514 Worker 329443322
591 591 514 Worker 2986540
592 592 514 Worker 751527998
593 593 514 Worker 134311849
594 594 514 Worker 457666962
595 595 514 Worker 742068479
596 596 514 Worker 6341178
597 597 514 Worker 969430319
598 598 514 Worker 798354
599 599 514 Worker 518876906
600 600 514 Worker 627981993
601 601 514 Worker 464419399
602 602 514 Worker 712589467
603 603 514 Worker 259536361
604 604 514 Worker 115145154
605 605 514 Worker 100874407
606 606 514 Worker 832875108
607 607 514 Worker 625918833
608 608 514 Worker 87601619
609 609 514 Worker 182123412
610 610 514 Worker 499884473
611 611 514 Worker 125517954
612 612 514 Worker 151687284
613 613 514 Worker 78003528
614 614 514 Worker 568107667
615 615 514 Worker 421650709
616 616 514 Worker 5723212
617 617 514 Worker 690112928
618 618 514 Worker 43654795
619 619 514 Worker 961609886
620 620 514 Worker 672978833
621 621 514 Worker 949978729
622 622 514 Worker 842484257
623 623 514 Worker 854410324
624 624 514 Worker 182355644
625 625 514 Worker 234720963
626 626 514 Worker 166927706
627 627 514 Worker 480387364
628 628 514 Worker 185604595
629 629 514 Worker 669639023
630 630 514 Worker 401682961
631 631 514 Worker 467115711
632 632 514 Worker 883980438
633 633 514 Worker 281944158
634 634 514 Worker 380803144
635 635 514 Worker 787732683
636 636 514 Worker 754258636
637 637 514 Worker 148155417
638 638 514 Worker 52560304
639 639 514 Worker 194226222
640 640 514 Worker 805726595
641 641 514 Worker 111786330
642 642 514 Worker 9196829
643 643 514 Worker 971398734
644 644 514 Worker 486107444
645 645 514 Worker 709266848
646 646 514 Worker 117559957
647 647 514 Worker 648557485
648 648 514 Worker 850905939
649 649 514 Worker 104704888
650 650 514 Worker 397425287
651 651 514 Worker 208421659
652 652 514 Worker 106361297
653 653 514 Worker 785455422
654 654 514 Worker 580630867
655 655 514 Worker 274384361
656 656 514 Worker 223004293
657 657 514 Worker 208467408
658 658 514 Worker 364045340
659 659 514 Worker 328348206
660 660 514 Worker 306569714
661 661 514 Worker 802110419
662 662 514 Worker 13428876
663 663 514 Worker 519152300
664 664 514 Worker 436299357
665 665 514 Worker 173932263
666 666 514 Worker 971452635
667 667 514 Worker 129382322
668 668 514 Worker 662921195
669 669 514 Worker 828875489
670 670 514 Worker 568674652
671 671 514 Worker 416629903
672 672 514 Worker 582010726
673 673 514 Worker 639561957
674 674 514 Worker 202633123
675 675 514 Worker 426659378
676 676 514 Worker 254643813
677 677 514 Worker 363041804
678 678 514 Worker 919312212
679 679 514 Worker 199834464
680 680 514 Worker 357875529
681 681 514 Worker 281074843
682 682 514 Worker 815383632
683 683 514 Worker 507186446
684 684 514 Worker 301651347
685 685 514 Worker 600812891
686 686 514 Worker 108537388
687 687 514 Worker 242466708
688 688 514 Worker 43258825
689 689 514 Worker 493036984
690 690 514 Worker 474956846
691 691 514 Worker 490388915
692 692 514 Worker 235008077
693 693 514 Worker 125647672
694 694 514 Worker 445788106
695 695 514 Worker 444290409
696 696 514 Worker 307588099
697 697 514 Worker 109089752
698 698 514 Worker 482221710
699 699 514 Worker 237296719
700 700 514 Worker 915511556
701 701 514 Worker 106331232
702 702 514 Worker 201672605
703 703 514 Worker 289198694
704 704 514 Worker 286032051
705 705 514 Worker 727837285
706 706 514 Worker 641480800
707 707 514 Worker 535844791
708 708 514 Worker 859537681
709 709 514 Worker 778746501
710 710 514 Worker 949968647
711 711 514 Worker 364972398
712 712 514 Worker 337192768
713 713 514 Worker 625218234
714 714 514 Worker 81510814
715 715 514 Worker 491384070
716 716 514 Worker 87697964
717 717 514 Worker 588929437
718 718 514 Worker 449350340
719 719 514 Worker 779893573
720 720 514 Worker 620768790
721 721 514 Worker 661771018
722 722 514 Worker 721152806
723 723 514 Worker 803860386
724 724 514 Worker 783729971
725 725 514 Worker 118484986
726 726 514 Worker 64862360
727 727 514 Worker 791495992
728 728 514 Worker 34462675
729 729 514 Worker 192146779
730 730 514 Worker 650260660
731 731 514 Worker 416739542
732 732 514 Worker 722361196
733 733 514 Worker 686379177
734 734 514 Worker 321935502
735 735 514 Worker 798058491
736 736 514 Worker 518003378
737 737 514 Worker 700761514
738 738 514 Worker 779104311
739 739 514 Worker 103209596
740 740 514 Worker 672802301
741 741 514 Worker 860920653
742 742 514 Worker 600539593
743 743 514 Worker 631882400
744 744 514 Worker 895239052
745 745 514 Worker 419619482
746 746 514 Worker 97370082
747 747 514 Worker 108604022
748 748 514 Worker 659081270
749 749 514 Worker 22880114
750 750 514 Worker 693917248
751 751 514 Worker 825726848
752 752 514 Worker 842986916
753 753 514 Worker 291010477
754 754 514 Worker 511864121
755 755 514 Worker 817113630
756 756 514 Worker 238300771
757 757 514 Worker 617845025
758 758 514 Worker 385159990
759 759 514 Worker 779665193
760 760 514 Worker 990037767
761 761 514 Worker 118416855
762 762 514 Worker 931269580
763 763 514 Worker 254914176
764 764 514 Worker 939686960
765 765 514 Worker 616649310
766 766 514 Worker 409077957
767 767 514 Worker 426044924
768 768 514 Worker 603496437
769 769 514 Worker 667265671
770 770 514 Worker 956435878
771 771 514 Worker 85338622
772 772 514 Worker 925753862
773 773 514 Worker 285070375
774 774 514 Worker 887140429
775 775 514 Worker 885477100
776 776 514 Worker 412592370
777 777 514 Worker 362605134
778 778 514 Worker 566514811
779 779 514 Worker 39011570
780 780 514 Worker 131596686
781 781 514 Worker 615613849
782 782 514 Worker 344614216
783 783 514 Worker 123473978
784 784 514 Worker 42098869
785 785 514 Worker 311234698
786 786 514 Worker 278157908
787 787 514 Worker 306935711
788 788 514 Worker 132846882
789 789 514 Worker 72000841
790 790 514 Worker 797039478
791 791 514 Worker 128724906
792 792 514 Worker 387806562
793 793 514 Worker 792111648
794 794 514 Worker 508464586
795 795 514 Worker 923272513
796 796 514 Worker 532558372
797 797 514 Worker 888476594
798 798 514 Worker 406008360
799 799 514 Worker 809118495
800 800 514 Worker 471357077
801 801 514 Worker 825986754
802 802 514 Worker 948585861
803 803 514 Worker 141317675
804 804 514 Worker 748784041
805 805 514 Worker 682841431
806 806 514 Worker 617222399
807 807 514 Worker 933713177
808 808 514 Worker 812752234
809 809 514 Worker 394598065
810 810 514 Worker 232516607
811 811 514 Worker 531328060
812 812 514 Worker 876200588
813 813 514 Worker 839999274
814 814 514 Worker 874552485
815 815 514 Worker 646012095
816 816 514 Worker 668025033
817 817 514 Worker 944944649
818 818 514 Worker 289821241
819 819 514 Worker 224986773
820 820 514 Worker 791565653
821 821 514 Worker 657197058
822 822 514 Worker 614816391
823 823 514 Worker 138853049
824 824 514 Worker 962083316
825 825 514 Worker 748143171
826 826 514 Worker 996822122
827 827 514 Worker 322683106
828 828 514 Worker 738166908
829 829 514 Worker 286643494
830 830 514 Worker 101015611
831 831 514 Worker 494097862
832 832 514 Worker 821625961
833 833 514 Worker 499690346
834 834 514 Worker 736704569
835 835 514 Worker 242939070
836 836 514 Worker 614183982
837 837 514 Worker 26023965
838 838 514 Worker 585875561
839 839 514 Worker 355201962
840 840 514 Worker 216062023
841 841 514 Worker 780884522
842 842 514 Worker 478685332
843 843 514 Worker 661523628
844 844 514 Worker 450113063
845 845 514 Worker 332680087
846 846 514 Worker 551753852
847 847 514 Worker 255012435
848 848 514 Worker 898373346
849 849 514 Worker 788725505
850 850 514 Worker 845681282
851 851 514 Worker 467006227
852 852 514 Worker 234216773
853 853 514 Worker 20692012
854 854 514 Worker 215279462
855 855 514 Worker 942419428
856 856 514 Worker 691873445
857 857 514 Worker 918429025
858 858 514 Worker 64859619
859 859 514 Worker 21455685
860 860 514 Worker 204256759
861 861 514 Worker 830330631
862 862 514 Worker 108271209
863 863 514 Worker 677395931
864 864 514 Worker 936514040
865 865 514 Worker 205174034
866 866 514 Worker 479679445
867 867 514 Worker 37741231
868 868 514 Worker 791118271
869 869 514 Worker 112380736
870 870 514 Worker 205992506
871 871 514 Worker 79013602
872 872 514 Worker 9249652
873 873 514 Worker 163559868
874 874 514 Worker 292537574
875 875 514 Worker 411071379
876 876 514 Worker 180793012
877 877 514 Worker 355951174
878 878 514 Worker 975728469
879 879 514 Worker 27826989
880 880 514 Worker 921650602
881 881 514 Worker 378521593
882 882 514 Worker 155291719
883 883 514 Worker 812903118
884 884 514 Worker 895801849
885 885 514 Worker 38496914
886 886 514 Worker 300155900
887 887 514 Worker 643884425
888 888 514 Worker 721132318
889 889 514 Worker 600084698
890 890 514 Worker 456092688
891 891 514 Worker 302770224
892 892 514 Worker 319908921
893 893 514 Worker 643292115
894 894 514 Worker 150673903
895 895 514 Worker 28558790
896 896 514 Worker 820828102
897 897 514 Worker 169691087
898 898 514 Worker 908602582
899 899 514 Worker 163286670
900 900 514 Worker 147115463
901 901 514 Worker 649573961
902 902 514 Worker 413159876
903 903 514 Worker 924830036
904 904 514 Worker 166889266
905 905 514 Worker 281774023
906 906 514 Worker 486650773
907 907 514 Worker 502056360
908 908 514 Worker 533654099
909 909 514 Worker 967364353
910 910 514 Worker 895378692
911 911 514 Worker 332345540
912 912 514 Worker 101934173
913 913 514 Worker 766155533
914 914 514 Worker 578782536
915 915 514 Worker 348938641
916 916 514 Worker 60527156
917 917 514 Worker 714667832
918 918 514 Worker 701525115
919 919 514 Worker 807775501
920 920 514 Worker 572731356
921 921 514 Worker 997280005
922 922 514 Worker 236819335
923 923 514 Worker 511129234
924 924 514 Worker 123267487
925 925 514 Worker 17054589
926 926 514 Worker 885887898
927 927 514 Worker 330136474
928 928 514 Worker 26983040
929 929 514 Worker 477821579
930 930 514 Worker 907457199
931 931 514 Worker 326869836
932 932 514 Worker 143929659
933 933 514 Worker 39286591
934 934 514 Worker 984138471
935 935 514 Worker 412014378
936 936 514 Worker 175134264
937 937 514 Worker 378575818
938 938 514 Worker 822432438
939 939 514 Worker 80726222
940 940 514 Worker 295476307
941 941 514 Worker 603254346
942 942 514 Worker 109341833
943 943 514 Worker 880998815
944 944 514 Worker 621841247
945 945 514 Worker 530305962
946 946 514 Worker 917149823
947 947 514 Worker 742439270
948 948 514 Worker 181879381
949 949 514 Worker 306667593
950 950 514 Worker 689992471
951 951 514 Worker 834628050
952 952 514 Worker 490632962
953 953 514 Worker 312823116
954 954 514 Worker 878181825
955 955 514 Worker 276417388
956 956 514 Worker 270796974
957 957 514 Worker 961696370
958 958 514 Worker 610880859
959 959 514 Worker 94200917
960 960 514 Worker 868031800
961 961 514 Worker 738453076
962 962 514 Worker 491572765
963 963 514 Worker 878097551
964 964 514 Worker 268950548
965 965 514 Worker 748941394
966 966 514 Worker 327513126
967 967 514 Worker 245090587
968 968 514 Worker 632002788
969 969 514 Worker 596195219
970 970 514 Worker 598762846
971 971 514 Worker 218876293
972 972 514 Worker 891341987
973 973 514 Worker 833902759
974 974 514 Worker 303099920
975 975 514 Worker 279085010
976 976 514 Worker 510719905
977 977 514 Worker 58214095
978 978 514 Worker 530323057
979 979 514 Worker 375058455
980 980 514 Worker 329195508
981 981 514 Worker 646904150
982 982 514 Worker 465278469
983 983 514 Worker 380853132
984 984 514 Worker 853101602
985 985 514 Worker 904376673
986 986 514 Worker 300408121
987 987 514 Worker 101391873
988 988 514 Worker 389206377
989 989 514 Worker 385514780
990 990 514 Worker 516376397
991 991 514 Worker 649060077
992 992 514 Worker 917958812
993 993 514 Worker 638660823
994 994 514 Worker 935092280
995 995 514 Worker 758013137
996 996 514 Worker 746837462
997 997 514 Worker 937607134
998 998 514 Worker 175630905
999 999 514 Worker 760629496
1000 1000 514 Worker 58174096
1001 1001 514 Worker 624270567
1002 1002 514 Worker 770863379
1003 1003 514 Worker 27871531
1004 1004 514 Worker 485054473
1005 1005 514 Worker 559849789
1006 1006 514 Worker 512976853
1007 1007 514 Worker 238594624
1008 1008 514 Worker 652763027
1009 1009 514 Worker 611790499
1010 1010 514 Worker 423420359
1011 1011 514 Worker 514827942
1012 1012 514 Worker 483744597
1013 1013 514 Worker 316366404
1014 1014 514 Worker 165468914
1015 1015 514 Worker 742550799
1016 1016 514 Worker 891694566
1017 1017 514 Worker 190657725
1018 1018 514 Worker 733666770
1019 1019 514 Worker 247059764
1020 1020 514 Worker 397991536
1021 1021 514 Worker 804220955
1022 1022 514 Worker 267877327
1023 1023 514 Worker 409699290
