0 0 -1 Splicer 27847481
1 1 0 Worker 915590651
2 2 -1 PersistentDB 727765230
3 3 -1 InMemoryDB 149979356
4 4 -1 WorkManager 173710711
5 5 4 Worker 213862333
6 6 4 Worker 106982455
7 7 4 Worker 12798520
8 8 4 Worker 195269044
9 9 4 Worker 19495530
10 10 4 Worker 470438888
11 11 4 Worker 793930150
12 12 4 Worker 342819945
13 13 4 Worker 493209182
14 14 4 Worker 916045730
15 15 4 Worker 407060122
16 16 4 Worker 573550927
17 17 4 Worker 830698208
18 18 4 Worker 203230437
19 19 4 Worker 497627715
20 20 4 Worker 556098043
21 21 4 Worker 397420331
22 22 4 Worker 267180117
23 23 4 Worker 432726600
24 24 4 Worker 175966289
25 25 4 Worker 947321196
26 26 4 Worker 169650641
27 27 4 Worker 741420083
28 28 4 Worker 5016069
29 29 4 Worker 943595981
30 30 4 Worker 112996370
31 31 4 Worker 563657299
