0 0 -1 Splicer 856498447
1 1 0 Worker 606127543
2 2 -1 PersistentDB 135548853
3 3 -1 InMemoryDB 397100780
4 4 -1 WorkManager 816352180
5 5 4 Worker 548634286
6 6 4 Worker 586667001
7 7 4 Worker 340137606
8 8 4 Worker 652974106
9 9 4 Worker 545405285
10 10 4 Worker 329946218
11 11 4 Worker 229640844
12 12 4 Worker 674636819
13 13 4 Worker 113533962
14 14 4 Worker 749132209
15 15 4 Worker 556112840
16 16 4 Worker 703831092
17 17 4 Worker 255329781
18 18 4 Worker 273332999
19 19 4 Worker 554628918
20 20 4 Worker 499870128
21 21 4 Worker 121291646
22 22 4 Worker 459571159
23 23 4 Worker 870319142
24 24 4 Worker 792669993
25 25 4 Worker 738328507
26 26 4 Worker 9749432
27 27 4 Worker 954455017
28 28 4 Worker 288056723
29 29 4 Worker 59390984
30 30 4 Worker 101966668
31 31 4 Worker 331736675
