0 0 -1 Splicer 187042952
1 1 0 Worker 279438117
2 2 -1 PersistentDB 475982753
3 3 -1 InMemoryDB 407573104
4 4 -1 WorkManager 849940620
5 5 4 Worker 814449957
6 6 4 Worker 681886613
7 7 4 Worker 478770682
8 8 4 Worker 103875301
9 9 4 Worker 598467705
10 10 4 Worker 688219349
11 11 4 Worker 72853774
12 12 4 Worker 773014484
13 13 4 Worker 537808993
14 14 4 Worker 470351092
15 15 4 Worker 520177223
16 16 4 Worker 146974378
17 17 4 Worker 68740330
18 18 4 Worker 169190433
19 19 4 Worker 643878176
20 20 4 Worker 865015773
21 21 4 Worker 384914314
22 22 4 Worker 129413412
23 23 4 Worker 737159039
24 24 4 Worker 198654354
25 25 4 Worker 452441967
26 26 4 Worker 763719025
27 27 4 Worker 921540148
28 28 4 Worker 942639961
29 29 4 Worker 236569090
30 30 4 Worker 340995832
31 31 4 Worker 632546521
