0 0 -1 Splicer 400885990
1 1 0 Worker 128021335
2 2 -1 PersistentDB 925846345
3 3 -1 InMemoryDB 971788392
4 4 -1 WorkManager 341655131
5 5 4 Worker 438066751
6 6 4 Worker 414689212
7 7 4 Worker 96307501
8 8 4 Worker 909070955
9 9 4 Worker 858699552
10 10 4 Worker 465742244
11 11 4 Worker 699334567
12 12 4 Worker 820217140
13 13 4 Worker 405674739
14 14 4 Worker 242829478
15 15 4 Worker 567243164
16 16 4 Worker 115353092
17 17 4 Worker 636776787
18 18 4 Worker 558715812
19 19 4 Worker 921126668
20 20 4 Worker 550077911
21 21 4 Worker 758330294
22 22 4 Worker 310709549
23 23 4 Worker 46559385
24 24 4 Worker 651253771
25 25 4 Worker 178821010
26 26 4 Worker 976611086
27 27 4 Worker 207181335
28 28 4 Worker 382204812
29 29 4 Worker 515926135
30 30 4 Worker 11881576
31 31 4 Worker 636495051
32 32 4 Worker 149001356
33 33 4 Worker 218335517
34 34 4 Worker 251760758
35 35 4 Worker 463410727
36 36 4 Worker 547936632
37 37 4 Worker 414911534
38 38 4 Worker 862150167
39 39 4 Worker 426384000
40 40 4 Worker 485359719
41 41 4 Worker 280935424
42 42 4 Worker 141540387
43 43 4 Worker 379704828
44 44 4 Worker 557875379
45 45 4 Worker 125499930
46 46 4 Worker 749161070
47 47 4 Worker 211079807
48 48 4 Worker 464387261
49 49 4 Worker 40885620
50 50 4 Worker 614651660
51 51 4 Worker 21797371
52 52 4 Worker 665146587
53 53 4 Worker 407789772
54 54 4 Worker 618989616
55 55 4 Worker 888129335
56 56 4 Worker 765023689
57 57 4 Worker 469294397
58 58 4 Worker 510884059
59 59 4 Worker 602527856
60 60 4 Worker 815903567
61 61 4 Worker 351237866
62 62 4 Worker 252174635
63 63 4 Worker 578760966
64 64 4 Worker 664546911
65 65 4 Worker 405247099
66 66 4 Worker 375905907
67 67 4 Worker 348450535
68 68 4 Worker 146754934
69 69 4 Worker 476645111
70 70 4 Worker 353729999
71 71 4 Worker 106497381
72 72 4 Worker 300018789
73 73 4 Worker 123416002
74 74 4 Worker 1743179
75 75 4 Worker 802453217
76 76 4 Worker 80204673
77 77 4 Worker 737136589
78 78 4 Worker 888684407
79 79 4 Worker 791964538
80 80 4 Worker 760361737
81 81 4 Worker 653759280
82 82 4 Worker 425409073
83 83 4 Worker 104928229
84 84 4 Worker 436818139
85 85 4 Worker 720044759
86 86 4 Worker 726759866
87 87 4 Worker 634243882
88 88 4 Worker 584330363
89 89 4 Worker 731946176
90 90 4 Worker 87686888
91 91 4 Worker 990331941
92 92 4 Worker 493580997
93 93 4 Worker 288435309
94 94 4 Worker 858336352
95 95 4 Worker 74999194
96 96 4 Worker 550143129
97 97 4 Worker 959441959
98 98 4 Worker 938105092
99 99 4 Worker 690175337
100 100 4 Worker 237107962
101 101 4 Worker 620562922
102 102 4 Worker 68168117
103 103 4 Worker 50616115
104 104 4 Worker 81819539
105 105 4 Worker 496345116
106 106 4 Worker 610289644
107 107 4 Worker 35513346
108 108 4 Worker 959199406
109 109 4 Worker 480129689
110 110 4 Worker 197492742
111 111 4 Worker 628470350
112 112 4 Worker 259876486
113 113 4 Worker 662932753
114 114 4 Worker 527822519
115 115 4 Worker 844333001
116 116 4 Worker 622663783
117 117 4 Worker 294982039
118 118 4 Worker 257199097
119 119 4 Worker 928878987
120 120 4 Worker 953857641
121 121 4 Worker 341690875
122 122 4 Worker 554761799
123 123 4 Worker 810525015
124 124 4 Worker 501499681
125 125 4 Worker 392381842
126 126 4 Worker 19618290
127 127 4 Worker 164824389
128 128 4 Worker 496681854
129 129 4 Worker 85977620
130 130 4 Worker 806381708
131 131 4 Worker 103416606
132 132 4 Worker 396354782
133 133 4 Worker 59287245
134 134 4 Worker 69969340
135 135 4 Worker 252550058
136 136 4 Worker 156461470
137 137 4 Worker 622452740
138 138 4 Worker 93138874
139 139 4 Worker 882730925
140 140 4 Worker 591302166
141 141 4 Worker 104399897
142 142 4 Worker 807863418
143 143 4 Worker 643264396
144 144 4 Worker 31458888
145 145 4 Worker 157240385
146 146 4 Worker 556168459
147 147 4 Worker 521368272
148 148 4 Worker 607647905
149 149 4 Worker 907855940
150 150 4 Worker 422225256
151 151 4 Worker 456066898
152 152 4 Worker 804670659
153 153 4 Worker 9943033
154 154 4 Worker 127070348
155 155 4 Worker 305426308
156 156 4 Worker 847039037
157 157 4 Worker 591391326
158 158 4 Worker 518162123
159 159 4 Worker 143428807
160 160 4 Worker 788844213
161 161 4 Worker 849612707
162 162 4 Worker 366904198
163 163 4 Worker 337594425
164 164 4 Worker 837704729
165 165 4 Worker 898356361
166 166 4 Worker 143411765
167 167 4 Worker 342904904
168 168 4 Worker 607153884
169 169 4 Worker 669222249
170 170 4 Worker 370370240
171 171 4 Worker 874725903
172 172 4 Worker 740662366
173 173 4 Worker 18231951
174 174 4 Worker 646073996
175 175 4 Worker 292852273
176 176 4 Worker 721101788
177 177 4 Worker 395198931
178 178 4 Worker 661888279
179 179 4 Worker 17006293
180 180 4 Worker 998983306
181 181 4 Worker 816408690
182 182 4 Worker 795566284
183 183 4 Worker 477305215
184 184 4 Worker 272033783
185 185 4 Worker 623221874
186 186 4 Worker 133222120
187 187 4 Worker 699106022
188 188 4 Worker 742264486
189 189 4 Worker 493803384
190 190 4 Worker 883609198
191 191 4 Worker 88721381
192 192 4 Worker 208339070
193 193 4 Worker 115872689
194 194 4 Worker 558863954
195 195 4 Worker 498418168
196 196 4 Worker 942794294
197 197 4 Worker 698058029
198 198 4 Worker 932291953
199 199 4 Worker 935348679
200 200 4 Worker 473187638
201 201 4 Worker 682872123
202 202 4 Worker 606908645
203 203 4 Worker 492288759
204 204 4 Worker 331044939
205 205 4 Worker 233023489
206 206 4 Worker 835931965
207 207 4 Worker 858537806
208 208 4 Worker 253913244
209 209 4 Worker 945120738
210 210 4 Worker 788826296
211 211 4 Worker 725464580
212 212 4 Worker 827742401
213 213 4 Worker 627557238
214 214 4 Worker 507231885
215 215 4 Worker 209697311
216 216 4 Worker 60167030
217 217 4 Worker 79835713
218 218 4 Worker 997290423
219 219 4 Worker 778030503
220 220 4 Worker 986631514
221 221 4 Worker 481336287
222 222 4 Worker 752070561
223 223 4 Worker 433007220
224 224 4 Worker 699231140
225 225 4 Worker 612579628
226 226 4 Worker 706335023
227 227 4 Worker 944473857
228 228 4 Worker 923076926
229 229 4 Worker 119674709
230 230 4 Worker 633737875
231 231 4 Worker 398042673
232 232 4 Worker 955463950
233 233 4 Worker 985477129
234 234 4 Worker 495552107
235 235 4 Worker 715375965
236 236 4 Worker 799880030
237 237 4 Worker 316056970
238 238 4 Worker 904093980
239 239 4 Worker 10142106
240 240 4 Worker 320028210
241 241 4 Worker 709513803
242 242 4 Worker 949142041
243 243 4 Worker 742800887
244 244 4 Worker 142237963
245 245 4 Worker 734450887
246 246 4 Worker 457966939
247 247 4 Worker 77285496
248 248 4 Worker 261446167
249 249 4 Worker 860661168
250 250 4 Worker 353398494
251 251 4 Worker 74026961
252 252 4 Worker 636431713
253 253 4 Worker 169929530
254 254 4 Worker 993802986
255 255 4 Worker 44683765
