0 0 -1 Splicer 369128413
1 1 0 Worker 697102903
2 2 -1 PersistentDB 291199454
3 3 -1 InMemoryDB 957647502
4 4 -1 WorkManager 818736957
5 5 4 Worker 129038962
6 6 4 Worker 297844368
7 7 4 Worker 866848923
8 8 4 Worker 634863037
9 9 4 Worker 41355731
10 10 4 Worker 60997731
11 11 4 Worker 558577732
12 12 4 Worker 9400111
13 13 4 Worker 662376824
14 14 4 Worker 969629522
15 15 4 Worker 245824086
16 16 4 Worker 131331762
17 17 4 Worker 301342222
18 18 4 Worker 797530533
19 19 4 Worker 840616072
20 20 4 Worker 902062809
21 21 4 Worker 353948625
22 22 4 Worker 849418955
23 23 4 Worker 829342076
24 24 4 Worker 586260714
25 25 4 Worker 657513094
26 26 4 Worker 780090545
27 27 4 Worker 402164545
28 28 4 Worker 365594326
29 29 4 Worker 347459150
30 30 4 Worker 351829257
31 31 4 Worker 651128451
