0 0 -1 Splicer 23903901
1 1 0 Worker 709104991
2 2 -1 PersistentDB 996510304
3 3 -1 InMemoryDB 650803460
4 4 -1 WorkManager 770716202
5 5 4 Worker 886932515
6 6 4 Worker 580056024
7 7 4 Worker 945919995
8 8 4 Worker 407260408
9 9 4 Worker 360509660
10 10 4 Worker 418056150
11 11 4 Worker 621979447
12 12 4 Worker 9809618
13 13 4 Worker 84424037
14 14 4 Worker 453745509
15 15 4 Worker 414000605
16 16 4 Worker 880297874
17 17 4 Worker 730944661
18 18 4 Worker 310965154
19 19 4 Worker 978354846
20 20 4 Worker 832234330
21 21 4 Worker 312943830
22 22 4 Worker 752104217
23 23 4 Worker 751802083
24 24 4 Worker 348135647
25 25 4 Worker 188351163
26 26 4 Worker 40928795
27 27 4 Worker 128650845
28 28 4 Worker 557006104
29 29 4 Worker 501576183
30 30 4 Worker 196598191
31 31 4 Worker 63908534
32 32 4 Worker 540279373
33 33 4 Worker 884796808
34 34 4 Worker 506973124
35 35 4 Worker 87508103
36 36 4 Worker 682951795
37 37 4 Worker 654540657
38 38 4 Worker 447206415
39 39 4 Worker 867505202
40 40 4 Worker 364319939
41 41 4 Worker 163973183
42 42 4 Worker 821244511
43 43 4 Worker 841296105
44 44 4 Worker 468138711
45 45 4 Worker 671543503
46 46 4 Worker 924260106
47 47 4 Worker 928175368
48 48 4 Worker 90715920
49 49 4 Worker 48687560
50 50 4 Worker 157013403
51 51 4 Worker 24095754
52 52 4 Worker 556755428
53 53 4 Worker 260672782
54 54 4 Worker 373450270
55 55 4 Worker 450251056
56 56 4 Worker 460181699
57 57 4 Worker 702653481
58 58 4 Worker 352072706
59 59 4 Worker 425464351
60 60 4 Worker 447011624
61 61 4 Worker 943100711
62 62 4 Worker 982529323
63 63 4 Worker 841048195
64 64 4 Worker 305410646
65 65 4 Worker 705394390
66 66 4 Worker 574007580
67 67 4 Worker 551104365
68 68 4 Worker 850479306
69 69 4 Worker 631728608
70 70 4 Worker 298914249
71 71 4 Worker 79183740
72 72 4 Worker 568743308
73 73 4 Worker 310326970
74 74 4 Worker 360242132
75 75 4 Worker 348801544
76 76 4 Worker 692599258
77 77 4 Worker 900915671
78 78 4 Worker 117890467
79 79 4 Worker 31999672
80 80 4 Worker 541828660
81 81 4 Worker 242581939
82 82 4 Worker 235217107
83 83 4 Worker 440843912
84 84 4 Worker 867024862
85 85 4 Worker 155419405
86 86 4 Worker 24998567
87 87 4 Worker 996584941
88 88 4 Worker 478936144
89 89 4 Worker 845088669
90 90 4 Worker 452583496
91 91 4 Worker 158843706
92 92 4 Worker 65029592
93 93 4 Worker 507369423
94 94 4 Worker 841530919
95 95 4 Worker 587737477
96 96 4 Worker 747303784
97 97 4 Worker 422478063
98 98 4 Worker 131855563
99 99 4 Worker 173128650
100 100 4 Worker 731403812
101 101 4 Worker 131116093
102 102 4 Worker 805693842
103 103 4 Worker 938610251
104 104 4 Worker 394911652
105 105 4 Worker 454252862
106 106 4 Worker 957841703
107 107 4 Worker 736940459
108 108 4 Worker 293207698
109 109 4 Worker 694979974
110 110 4 Worker 766206690
111 111 4 Worker 92313254
112 112 4 Worker 612521548
113 113 4 Worker 30013557
114 114 4 Worker 95926907
115 115 4 Worker 110735497
116 116 4 Worker 154580682
117 117 4 Worker 614459198
118 118 4 Worker 834468951
119 119 4 Worker 838356646
120 120 4 Worker 945242964
121 121 4 Worker 730680899
122 122 4 Worker 652330924
123 123 4 Worker 402005927
124 124 4 Worker 307478948
125 125 4 Worker 34822371
126 126 4 Worker 235057883
127 127 4 Worker 278130920
128 128 4 Worker 140595387
129 129 4 Worker 912050807
130 130 4 Worker 863383136
131 131 4 Worker 828030032
132 132 4 Worker 358364644
133 133 4 Worker 651734135
134 134 4 Worker 332367794
135 135 4 Worker 338632944
136 136 4 Worker 344098459
137 137 4 Worker 621466449
138 138 4 Worker 387465516
139 139 4 Worker 729693744
140 140 4 Worker 321666192
141 141 4 Worker 354085558
142 142 4 Worker 254417732
143 143 4 Worker 359522184
144 144 4 Worker 611652148
145 145 4 Worker 724043506
146 146 4 Worker 973642863
147 147 4 Worker 723719171
148 148 4 Worker 711097485
149 149 4 Worker 803394335
150 150 4 Worker 110610515
151 151 4 Worker 407130932
152 152 4 Worker 525445378
153 153 4 Worker 423995092
154 154 4 Worker 914893446
155 155 4 Worker 328843980
156 156 4 Worker 437514149
157 157 4 Worker 114287584
158 158 4 Worker 96048503
159 159 4 Worker 430182774
160 160 4 Worker 800621662
161 161 4 Worker 304862680
162 162 4 Worker 6681697
163 163 4 Worker 526156206
164 164 4 Worker 528973606
165 165 4 Worker 320708858
166 166 4 Worker 943919594
167 167 4 Worker 738836793
168 168 4 Worker 61005404
169 169 4 Worker 189553878
170 170 4 Worker 451473346
171 171 4 Worker 446997488
172 172 4 Worker 894488886
173 173 4 Worker 500141816
174 174 4 Worker 918081792
175 175 4 Worker 125938104
176 176 4 Worker 747668826
177 177 4 Worker 363534267
178 178 4 Worker 570506399
179 179 4 Worker 682424289
180 180 4 Worker 913822665
181 181 4 Worker 93129329
182 182 4 Worker 780382092
183 183 4 Worker 24775314
184 184 4 Worker 635131002
185 185 4 Worker 825821153
186 186 4 Worker 802347811
187 187 4 Worker 865076241
188 188 4 Worker 897913498
189 189 4 Worker 5802584
190 190 4 Worker 526402793
191 191 4 Worker 722822850
192 192 4 Worker 27358201
193 193 4 Worker 373407786
194 194 4 Worker 944154999
195 195 4 Worker 890177700
196 196 4 Worker 312604369
197 197 4 Worker 501912929
198 198 4 Worker 940448965
199 199 4 Worker 401564052
200 200 4 Worker 820586487
201 201 4 Worker 932884181
202 202 4 Worker 507692507
203 203 4 Worker 259646276
204 204 4 Worker 159574788
205 205 4 Worker 335213620
206 206 4 Worker 311121851
207 207 4 Worker 80632936
208 208 4 Worker 993340427
209 209 4 Worker 570999329
210 210 4 Worker 704543352
211 211 4 Worker 989230907
212 212 4 Worker 657882456
213 213 4 Worker 790130255
214 214 4 Worker 772100779
215 215 4 Worker 507982433
216 216 4 Worker 100719617
217 217 4 Worker 676537825
218 218 4 Worker 521756324
219 219 4 Worker 361905799
220 220 4 Worker 158636269
221 221 4 Worker 27326850
222 222 4 Worker 932034269
223 223 4 Worker 479542245
224 224 4 Worker 122528418
225 225 4 Worker 551640700
226 226 4 Worker 680642322
227 227 4 Worker 619034777
228 228 4 Worker 116198812
229 229 4 Worker 58524840
230 230 4 Worker 607952360
231 231 4 Worker 467428360
232 232 4 Worker 19365325
233 233 4 Worker 656408429
234 234 4 Worker 373042867
235 235 4 Worker 470874605
236 236 4 Worker 384135486
237 237 4 Worker 572534800
238 238 4 Worker 844128903
239 239 4 Worker 690450040
240 240 4 Worker 966600435
241 241 4 Worker 949966078
242 242 4 Worker 894061366
243 243 4 Worker 611443351
244 244 4 Worker 606087685
245 245 4 Worker 92277444
246 246 4 Worker 990721289
247 247 4 Worker 562904527
248 248 4 Worker 313245664
249 249 4 Worker 286815940
250 250 4 Worker 607635347
251 251 4 Worker 567902273
252 252 4 Worker 591343088
253 253 4 Worker 635703838
254 254 4 Worker 941475441
255 255 4 Worker 842718577
